# col1      z        survey   logLX   mag    
  0.0583    0.746    6        42.1    23.9   
  0.0952    0.518    6        41.94   21.8   
  0.106     1.018    6        42.67   23.1   
  0.265     3.428    6        44.26   23.0   
  0.264     1.97     6        43.72   23.2   
  0.05      1.429    6        42.69   25.1   
  0.0262    0.743    6        41.75   24.7   
  0.0595    0.778    6        42.15   22.6   
  0.361     0.963    6        43.15   22.3   
  0.0857    1.14     6        42.69   24.1   
  0.261     1.157    6        43.19   24.1   
  0.0595    1.475    6        42.79   24.5   
  0.134     3.244    6        43.91   23.2   
  0.0524    0.785    6        42.1    23.7   
  0.421     0.726    6        42.93   23.0   
  0.025     1.363    6        42.34   25.0   
  0.23      1.295    6        43.25   25.4   
  0.0309    1.132    6        42.24   24.3   
  0.468     1.897    6        43.94   24.0   
  0.0571    1.125    6        42.5    23.6   
  0.214     1.393    6        43.29   25.4   
  0.0488    1.722    6        42.86   24.9   
  0.111     1.101    6        42.77   24.2   
  0.0631    1.65     6        42.93   24.3   
  0.227     2.472    6        43.88   25.4   
  0.0785    1.702    6        43.05   25.3   
  0.0738    0.786    6        42.25   23.1   
  0.117     1.514    6        43.11   24.5   
  0.0678    0.607    6        41.95   22.1   
  0.375     1.483    6        43.6    26.0   
  0.143     1.21     6        42.98   24.1   
  0.221     0.42     6        42.1    20.2   
  0.0321    2.009    6        42.83   24.5   
  0.0369    0.649    6        41.76   22.1   
  0.0583    1.674    6        42.91   24.4   
  0.0321    0.614    6        41.64   22.4   
  0.0559    1.591    6        42.84   25.1   
  0.0762    1.008    6        42.52   23.4   
  0.164     0.75     6        42.55   22.1   
  0.489     0.814    6        43.11   22.6   
  0.113     0.882    6        42.55   23.6   
  0.406     0.679    6        42.84   21.5   
  0.12      2.19     6        43.48   24.2   
  0.0988    0.739    6        42.32   22.9   
  0.025     1.951    6        42.69   24.8   
  0.146     1.701    6        43.32   23.7   
  0.0452    1.354    6        42.59   25.1   
  0.558     2.83     6        44.4    25.4   
  0.0476    2.508    6        43.21   25.7   
  0.0428    0.752    6        41.97   24.3   
  0.0885    1.615    7        43.05   25.3   
  0.0349    0.943    7        42.11   26.8   
  0.144     1.4465   7        43.16   27.4   
  0.0224    2.316    7        42.81   -1.0   
  0.027     0.69     7        41.68   24.7   
  0.065     2.302    7        43.27   24.8   
  0.018     1.219    7        42.08   24.6   
  0.26      1.544    7        43.48   25.4   
  0.0277    1.594    7        42.54   -1.0   
  0.0084    1.6295   7        42.04   23.8   
  0.104     1.307    7        42.91   -1.0   
  0.0165    2.415    7        42.72   -1.0   
  0.133     3.041    7        43.84   -1.0   
  0.0215    1.295    7        42.22   24.7   
  0.0419    1.041    7        42.29   23.6   
  0.0568    2.6087   7        43.33   23.1   
  0.0235    1.972    7        42.67   26.2   
  0.00966   1.893    7        42.25   25.4   
  0.013     1.182    7        41.91   25.4   
  0.00485   1.8181   7        41.91   -1.0   
  0.00237   3.06     7        42.1    24.2   
  0.0796    1.221    7        42.73   26.2   
  0.203     2.172    7        43.7    -1.0   
  0.00375   1.37     7        41.52   25.9   
  0.0347    1.884    7        42.8    23.5   
  0.00458   1.615    7        41.77   26.1   
  0.302     0.665    7        42.7    -1.0   
  0.0529    1.161    7        42.5    24.1   
  0.311     2.549    7        44.05   -1.0   
  1.44      2.144    6        44.54   20.4   
  0.158     1.058    6        42.88   22.6   
  0.0928    1.599    6        43.06   22.1   
  0.28      1.727    6        43.62   22.6   
  0.917     0.711    6        43.25   20.8   
  0.544     1.64     6        43.86   23.5   
  0.193     4.45     6        44.36   22.5   
  0.0607    1.379    6        42.73   23.6   
  0.531     1.734    6        43.9    21.2   
  0.225     1.45     6        43.35   23.9   
  0.544     0.34     6        42.28   19.0   
  0.784     2.71     6        44.51   25.3   
  1.18      1.094    6        43.79   19.6   
  0.749     1.145    6        43.64   21.4   
  0.361     3.279    6        44.35   21.2   
  1.08      0.467    6        42.9    19.9   
  0.531     2.832    6        44.38   20.8   
  0.13      1.484    6        43.14   24.6   
  0.0559    0.607    6        41.87   20.7   
  0.374     1.406    6        43.54   22.2   
  0.613     1.524    6        43.84   22.5   
  0.302     0.762    6        42.83   21.8   
  0.312     1.552    6        43.56   22.9   
  0.205     1.003    6        42.94   23.8   
  0.0512    1.013    6        42.35   22.9   
  1.46      0.762    6        43.52   22.1   
  0.148     0.607    6        42.29   22.1   
  0.306     0.206    6        41.55   18.4   
  7.53      1.113    6        44.61   18.0   
  0.199     0.34     6        41.85   25.5   
  0.234     2.367    6        43.85   21.9   
  0.208     1.933    6        43.6    21.6   
  3.06      1.956    6        44.78   20.2   
  38.4      0.205    6        43.64   19.0   
  0.978     1.527    6        44.04   21.0   
  0.483     0.478    6        42.57   21.6   
  0.543     1.876    6        43.99   22.1   
  0.477     0.676    6        42.91   21.8   
  4.15      0.784    6        44.0    20.5   
  0.0452    1.547    6        42.72   23.9   
  0.156     1.718    6        43.36   24.4   
  0.156     1.741    6        43.38   23.6   
  0.679     0.758    6        43.18   22.7   
  0.0428    1.285    6        42.51   23.5   
  0.313     1.21     6        43.31   24.0   
  0.0405    0.792    6        42.0    23.6   
  0.434     3.408    6        44.47   21.9   
  0.499     1.563    6        43.77   21.9   
  0.733     1.568    6        43.94   20.5   
  1.32      1.816    6        44.34   21.1   
  0.22      2.311    6        43.8    22.9   
  0.104     2.013    6        43.34   24.0   
  0.569     0.788    6        43.14   21.7   
  0.264     1.843    6        43.66   22.4   
  0.145     0.709    6        42.44   21.6   
  0.395     1.009    6        43.23   22.4   
  1.26      0.78     6        43.48   22.7   
  1.02      1.676    6        44.15   22.2   
  0.0262    1.212    6        42.24   23.8   
  5.2       0.586    6        43.8    20.3   
  0.355     0.894    6        43.06   22.9   
  0.695     3.409    6        44.67   19.3   
  0.357     0.708    6        42.83   21.2   
  1.04      2.742    6        44.64   21.7   
  0.0321    0.805    6        41.91   21.4   
  0.212     0.931    6        42.88   22.5   
  0.178     0.336    6        41.79   19.6   
  0.282     1.447    6        43.45   21.2   
  0.169     0.666    6        42.45   21.3   
  0.624     1.873    6        44.05   21.4   
  0.539     1.296    6        43.62   21.1   
  0.582     0.99     6        43.38   22.9   
  0.104     1.601    6        43.12   21.6   
  1.03      0.247    6        42.25   19.3   
  0.0524    2.56     6        43.28   22.8   
  0.195     0.708    6        42.57   21.7   
  0.209     2.913    6        44.0    22.4   
  1.21      1.54     6        44.14   23.1   
  0.0881    0.417    6        41.69   22.1   
  0.33      2.567    6        44.08   23.0   
  0.178     1.877    6        43.51   24.0   
  0.412     2.945    6        44.3    20.4   
  0.289     1.213    6        43.28   23.0   
  1.25      0.877    6        43.59   20.8   
  0.601     1.13     6        43.53   22.7   
  0.0309    1.369    6        42.43   24.8   
  3.42      0.394    6        43.23   19.7   
  0.694     1.135    6        43.6    23.1   
  9.25      1.203    6        44.78   19.0   
  0.2       0.607    6        42.42   20.9   
  0.0738    0.7      6        42.14   22.0   
  1.21      0.137    6        41.76   18.9   
  0.159     0.704    6        42.48   22.4   
  0.232     2.269    6        43.81   -99.0  
  0.873     1.212    6        43.76   22.1   
  1.07      1.881    6        44.29   21.3   
  0.219     2.352    6        43.81   24.3   
  1.4       1.94     6        44.43   20.6   
  0.0714    1.474    6        42.87   23.9   
  0.218     1.677    6        43.48   21.9   
  0.264     2.736    6        44.04   22.1   
  2.51      1.437    6        44.39   20.5   
  0.515     1.674    6        43.85   22.0   
  0.0512    1.724    6        42.88   24.2   
  0.129     1.379    6        43.06   23.0   
  1.34      0.462    6        42.98   20.3   
  0.301     2.158    6        43.87   23.4   
  0.596     1.534    6        43.83   21.0   
  0.275     1.594    6        43.53   22.9   
  0.106     0.383    6        41.69   20.4   
  0.982     2.416    6        44.49   21.3   
  0.794     2.114    6        44.27   22.1   
  0.203     0.807    6        42.72   21.3   
  0.075     1.648    6        43.0    24.3   
  0.0309    0.782    6        41.87   22.9   
  0.0666    1.391    6        42.78   24.6   
  0.114     1.673    6        43.2    23.8   
  0.0678    1.357    6        42.77   24.4   
  0.858     1.734    6        44.11   20.7   
  0.507     0.462    6        42.56   24.2   
  0.117     1.524    6        43.12   22.7   
  0.119     1.691    6        43.23   25.4   
  0.655     1.624    7        43.93   22.0   
  0.0882    1.37     7        42.89   24.5   
  0.0497    1.9399   7        42.98   24.6   
  0.132     2.304    7        43.58   22.6   
  0.534     1.318    7        43.63   22.2   
  0.544     0.665    7        42.95   22.3   
  0.0132    1.236    7        41.96   23.4   
  0.3       0.857    7        42.95   23.6   
  0.123     2.394    7        43.58   24.9   
  0.121     0.6705   7        42.31   21.6   
  0.0618    2.2984   7        43.24   25.1   
  0.0115    1.212    7        41.88   24.0   
  0.102     0.665    7        42.22   -1.0   
  0.00674   2.181    7        42.23   24.1   
  0.514     1.04     7        43.38   22.4   
  0.291     2.7212   7        44.08   23.5   
  0.0322    1.437    7        42.5    24.3   
  0.0391    1.608    7        42.7    26.9   
  0.0339    0.679    7        41.77   21.4   
  0.0417    1.625    7        42.73   26.8   
  0.14      2.6123   7        43.72   25.3   
  0.0205    2.47     7        42.83   25.3   
  4.12      0.5457   7        43.63   18.9   
  0.0198    0.7312   7        41.61   23.1   
  0.553     1.6082   7        43.85   22.5   
  0.0154    1.92     7        42.47   -1.0   
  2.01      1.575    7        44.39   18.8   
  0.0484    1.0341   7        42.35   23.6   
  0.00316   1.605    7        41.6    26.2   
  0.227     0.6072   7        42.48   20.4   
  0.0184    2.0263   7        42.59   24.2   
  0.0636    2.5599   7        43.36   26.6   
  0.172     0.671    7        42.46   21.9   
  0.0174    2.3988   7        42.73   25.6   
  0.0568    2.6666   7        43.35   22.8   
  0.422     0.566    7        42.68   21.3   
  0.0323    2.8049   7        43.15   24.2   
  0.06      0.667    7        42.0    24.8   
  0.0208    0.964    7        41.91   22.3   
  0.0133    1.8645   7        42.37   -1.0   
  0.045     2.611    7        43.23   24.5   
  0.0353    1.73     7        42.72   25.3   
  0.0591    1.18     7        42.57   23.1   
  0.00804   1.223    7        41.73   24.0   
  0.0286    2.3027   7        42.91   24.6   
  0.248     1.609    7        43.5    23.3   
  0.131     2.291    7        43.57   26.6   
  0.0116    1.043    7        41.73   23.2   
  0.0198    1.0342   7        41.96   23.7   
  0.015     0.7845   7        41.56   23.4   
  1.67      1.041    7        43.89   20.0   
  0.304     1.612    7        43.59   23.7   
  0.0738    0.733    7        42.18   22.8   
  4.96      0.7423   7        44.02   19.2   
  0.154     0.665    7        42.4    22.5   
  0.0271    0.735    7        41.75   22.4   
  0.00515   1.315    7        41.62   -1.0   
  0.507     1.2091   7        43.52   21.3   
  0.133     0.955    7        42.7    22.9   
  0.631     0.735    7        43.12   22.2   
  0.0163    1.0391   7        41.88   22.9   
  0.0704    0.6173   7        41.99   21.6   
  0.00626   2.223    7        42.22   23.6   
  0.0102    1.071    7        41.7    22.8   
  0.0968    0.952    7        42.56   -1.0   
  0.0282    1.215    7        42.27   -1.0   
  0.00255   1.91     7        41.68   25.5   
  0.0174    1.894    7        42.51   25.8   
  0.00773   1.227    7        41.72   24.2   
  0.328     1.5115   7        43.56   25.0   
  0.168     0.841    7        42.68   23.0   
  0.00567   2.576    7        42.32   25.4   
  0.0124    1.3087   7        41.99   22.2   
  0.0225    1.615    7        42.46   25.6   
  0.00759   1.542    7        41.94   25.8   
  0.293     0.6659   7        42.68   22.9   
  0.0019    1.843    7        41.52   23.9   
  0.661     1.6094   7        43.92   24.8   
  2.03      0.8376   7        43.76   20.6   
  0.0725    0.652    7        42.06   22.4   
  0.369     0.2983   7        41.99   19.0   
  0.0524    0.679    7        41.96   -1.0   
  0.00461   2.1232   7        42.04   22.3   
  0.0926    1.552    7        43.03   25.3   
  0.00275   2.13     7        41.82   24.1   
  0.00457   1.299    7        41.55   26.1   
  0.0806    0.3809   7        41.57   25.3   
  0.0744    3.193    7        43.64   24.8   
  0.00361   1.57     7        41.64   24.0   
  0.0566    2.688    7        43.36   24.1   
  0.0522    0.91     7        42.25   -1.0   
  0.0437    3.476    7        43.49   24.0   
  0.0505    1.013    7        42.34   24.1   
  0.0383    2.583    7        43.15   25.3   
  0.0257    0.9813   7        42.02   22.4   
  0.0071    1.382    7        41.8    25.8   
  0.026     0.664    7        41.63   20.9   
  0.0055    2.2923   7        42.19   24.3   
  0.0131    1.1777   7        41.91   23.7   
  0.0538    0.545    7        41.75   -1.0   
  0.722     0.7358   7        43.18   22.1   
  0.0356    0.972    7        42.15   22.6   
  0.0443    1.022    7        42.3    22.8   
  0.0426    3.0819   7        43.36   25.1   
  0.0109    1.319    7        41.94   27.1   
  0.0327    1.502    7        42.55   -1.0   
  0.0112    1.155    7        41.82   25.6   
  0.0647    1.613    7        42.92   23.5   
  0.763     2.567    7        44.44   21.8   
  0.537     2.0052   7        44.05   22.1   
  0.189     0.981    7        42.88   24.0   
  0.161     0.622    7        42.35   21.0   
  1.91      1.842    7        44.52   20.5   
  0.0114    1.2567   7        41.91   23.5   
  0.0116    2.0265   7        42.4    25.5   
  0.0469    0.5182   7        41.64   19.9   
  0.0121    4.635    7        43.2    27.4   
  0.745     1.6085   7        43.98   23.6   
  0.0173    0.812    7        41.66   23.2   
  0.0162    0.7325   7        41.52   22.0   
  0.0736    1.3347   7        42.78   23.2   
  0.105     0.783    7        42.4    22.6   
  0.112     0.347    7        41.62   -1.0   
  0.48      1.0291   7        43.34   23.0   
  0.0327    0.61     7        41.64   -1.0   
  0.231     0.6864   7        42.61   22.7   
  0.3255    1.59     22       43.6    -99.9  
  0.379     1.231    22       43.41   -99.9  
  0.1174    1.377    22       43.02   -99.9  
  0.0733    2.421    22       43.37   -99.9  
  0.079     0.371    22       41.53   -99.9  
  0.0668    2.162    22       43.22   -99.9  
  0.0855    2.575    22       43.49   -99.9  
  0.1391    1.511    22       43.19   -99.9  
  0.173     1.032    22       42.9    -99.9  
  0.4501    1.444    22       43.65   -99.9  
  0.0477    1.358    22       42.61   -99.9  
  0.8899    1.433    22       43.94   -99.9  
  0.138     1.005    22       42.77   -99.9  
  0.0845    1.009    22       42.56   -99.9  
  1.8437    1.559    22       44.34   -99.9  
  0.0676    0.727    22       42.14   -99.9  
  0.3286    0.678    22       42.75   -99.9  
  0.1823    0.971    22       42.86   -99.9  
  0.0586    0.679    22       42.01   -99.9  
  0.0623    0.891    22       42.31   -99.9  
  0.1003    1.972    22       43.3    -99.9  
  0.2225    2.668    22       43.94   -99.9  
  0.1226    1.315    22       42.99   -99.9  
  0.0671    1.48     22       42.85   -99.9  
  0.0415    1.478    22       42.64   -99.9  
  0.0654    1.95     22       43.11   -99.9  
  0.4522    1.256    22       43.51   -99.9  
  0.0509    0.998    22       42.33   -99.9  
  0.588     1.472    22       43.78   -99.9  
  0.6582    2.24     22       44.25   -99.9  
  0.0313    2.233    22       42.92   -99.9  
  0.067     0.44     22       41.63   -99.9  
  0.0958    0.37     22       41.61   -99.9  
  0.222     1.702    22       43.51   -99.9  
  0.0503    1.937    22       42.99   -99.9  
  0.103     0.915    22       42.55   -99.9  
  0.421     0.943    22       43.19   -99.9  
  0.243     2.41     8        43.88   -99.0  
  0.0379    1.14     8        42.34   -99.0  
  0.9033    0.73     22       43.27   -99.9  
  0.047     0.673    22       41.9    -99.9  
  1.03      1.248    22       43.86   -99.9  
  0.1123    1.896    22       43.32   -99.9  
  1.09      0.838    22       43.49   -99.9  
  1.1       0.995    22       43.66   -99.9  
  0.1226    0.772    22       42.45   -99.9  
  0.1792    3.65     22       44.15   -99.9  
  2.0703    1.322    22       44.22   -99.9  
  0.1421    0.894    22       42.67   -99.9  
  0.083     0.959    22       42.5    -99.9  
  0.055     0.478    22       41.62   -99.9  
  0.6005    1.312    22       43.68   -99.9  
  0.177     0.84     8        42.7    -99.0  
  0.2359    3.333    22       44.18   -99.9  
  0.173     0.787    22       42.62   -99.9  
  0.0612    2.442    22       43.3    -99.9  
  0.24      1.141    22       43.14   -99.9  
  0.0626    1.319    22       42.7    -99.9  
  0.0898    1.661    22       43.09   -99.9  
  0.0683    2.673    22       43.43   -99.9  
  0.764     1.967    22       44.18   -99.9  
  9.49      2.309    22       45.43   -99.9  
  0.522     0.68     8        42.96   -99.0  
  0.4089    0.437    22       42.41   -99.9  
  0.57      0.817    22       43.18   -99.9  
  0.0867    1.806    22       43.16   -99.9  
  0.0479    1.839    22       42.92   -99.9  
  0.227     0.839    22       42.81   -99.9  
  0.0509    0.915    22       42.24   -99.9  
  0.112     0.677    22       42.28   -99.9  
  0.164     0.466    22       42.07   -99.9  
  0.0279    2.38     22       42.93   -99.9  
  0.252     0.972    22       43.0    -99.9  
  0.745     1.02     8        43.52   -99.0  
  1.0609    0.501    22       42.96   -99.9  
  0.221     3.749    22       44.26   -99.9  
  0.0852    1.857    22       43.17   -99.9  
  0.0332    1.858    22       42.77   -99.9  
  0.254     0.518    22       42.37   -99.9  
  0.0483    0.959    22       42.27   -99.9  
  0.0878    1.814    22       43.16   -99.9  
  0.82      0.608    22       43.04   -99.9  
  0.0367    1.332    22       42.48   -99.9  
  0.0514    1.552    22       42.78   -99.9  
  0.0381    1.915    22       42.86   -99.9  
  0.4007    0.901    22       43.12   -99.9  
  0.0643    0.961    22       42.4    -99.9  
  0.1864    0.862    22       42.75   -99.9  
  0.2266    0.992    22       42.98   -99.9  
  0.0382    1.158    22       42.36   -99.9  
  0.1022    0.733    22       42.32   -99.9  
  0.4192    1.5      22       43.66   -99.9  
  0.0772    2.675    22       43.49   -99.9  
  0.4068    1.313    22       43.51   -99.9  
  0.0446    2.857    22       43.31   -99.9  
  0.515     0.695    22       42.97   -99.9  
  0.0585    0.933    22       42.33   -99.9  
  0.0375    2.255    22       43.01   -99.9  
  0.1081    1.255    22       42.89   -99.9  
  0.1112    0.945    22       42.62   -99.9  
  0.1154    0.676    22       42.29   -99.9  
  0.1051    0.938    22       42.59   -99.9  
  0.0555    1.405    22       42.71   -99.9  
  0.0387    1.759    22       42.78   -99.9  
  0.0481    2.485    22       43.21   -99.9  
  0.0391    1.172    22       42.38   -99.9  
  0.0775    0.753    22       42.23   -99.9  
  0.0599    0.892    22       42.29   -99.9  
  4.41      1.031    22       44.3    -99.9  
  0.0713    3.36     22       43.67   -99.9  
  0.0537    1.313    22       42.63   -99.9  
  0.0478    1.171    22       42.47   -99.9  
  0.097     0.733    22       42.3    -99.9  
  0.0632    1.028    22       42.46   -99.9  
  0.0877    5.31     22       44.18   -99.9  
  0.1401    2.29     22       43.6    -99.9  
  0.309     1.187    22       43.29   -99.9  
  0.0574    2.147    22       43.15   -99.9  
  0.1051    0.328    22       41.53   -99.9  
  0.0796    0.373    22       41.54   -99.9  
  0.1195    0.986    22       42.69   -99.9  
  0.865     1.433    22       43.93   -99.9  
  0.1535    0.941    22       42.75   -99.9  
  0.0491    0.926    22       42.24   -99.9  
  0.3862    0.367    22       42.21   -99.9  
  0.1092    0.877    22       42.53   -99.9  
  1.4832    1.403    22       44.14   -99.9  
  0.1597    1.444    22       43.2    -99.9  
  0.0955    2.598    22       43.55   -99.9  
  0.0435    2.2      22       43.05   -99.9  
  0.2894    0.865    22       42.94   -99.9  
  0.2966    0.513    22       42.43   -99.9  
  0.0469    0.53     22       41.66   -99.9  
  0.097     1.404    22       42.95   -99.9  
  1.6       1.161    22       43.98   -99.9  
  0.0923    3.026    22       43.68   -99.9  
  0.931     1.854    22       44.21   -99.9  
  0.047     2.175    22       43.07   -99.9  
  2.58      0.352    22       42.99   -99.9  
  0.631     1.845    22       44.04   -99.9  
  0.507     0.93     22       43.26   -99.9  
  0.0414    0.732    22       41.93   -99.9  
  0.0967    0.729    22       42.29   -99.9  
  0.0832    3.717    22       43.83   -99.9  
  0.291     2.665    22       44.06   -99.9  
  0.596     0.73     22       43.09   -99.9  
  0.812     1.406    22       43.88   -99.9  
  1.14      3.103    22       44.8    -99.9  
  0.522     3.108    22       44.46   -99.9  
  0.16      0.765    22       42.56   -99.9  
  0.0379    1.933    22       42.86   -99.9  
  0.628     1.098    22       43.52   -99.9  
  1.87      1.536    22       44.33   -99.9  
  1.84      1.15     22       44.03   -99.9  
  0.1833    2.041    22       43.6    -99.9  
  0.812     2.59     8        44.48   -99.0  
  5.14      0.658    22       43.92   -99.9  
  0.616     0.882    22       43.29   -99.9  
  0.326     1.677    22       43.66   -99.9  
  6.67      0.376    22       43.47   -99.9  
  0.2956    0.703    22       42.74   -99.9  
  0.159     0.432    22       41.98   -99.9  
  0.354     1.058    22       43.23   -99.9  
  0.288     0.669    22       42.68   -99.9  
  1.49      1.102    22       43.9    -99.9  
  0.0848    1.01     8        42.57   -99.0  
  0.3049    1.434    22       43.47   -99.9  
  0.199     0.795    22       42.7    -99.9  
  0.277     2.746    22       44.07   -99.9  
  0.901     2.005    22       44.27   -99.9  
  0.069     3.471    22       43.68   -99.9  
  0.456     2.278    22       44.1    -99.9  
  1.91      0.8      22       43.68   -99.9  
  0.199     0.725    22       42.6    -99.9  
  0.4481    2.653    22       44.24   -99.9  
  0.0596    0.628    22       41.93   -99.9  
  0.204     0.608    22       42.44   -99.9  
  0.47      1.143    22       43.43   -99.9  
  0.129     1.238    22       42.95   -99.9  
  0.265     1.934    22       43.71   -99.9  
  1.44      2.779    22       44.79   -99.9  
  2.36      1.161    22       44.15   -99.9  
  9.66      0.519    22       43.95   -99.9  
  2.8634    0.699    22       43.72   -99.9  
  0.132     1.836    22       43.35   -99.9  
  1.2       0.959    22       43.66   -99.9  
  1.37      1.339    22       44.06   -99.9  
  0.13      2.921    22       43.8    -99.9  
  0.1875    0.427    22       42.05   -99.9  
  0.1823    0.693    22       42.52   -99.9  
  1.04      1.171    22       43.8    -99.9  
  0.04      1.241    22       42.45   -99.9  
  0.0641    1.828    22       43.04   -99.9  
  2.95      0.481    22       43.36   -99.9  
  0.1339    1.183    22       42.92   -99.9  
  0.0974    1.182    22       42.78   -99.9  
  0.0599    0.793    22       42.17   -99.9  
  0.4542    0.497    22       42.58   -99.9  
  0.0699    0.934    22       42.4    -99.9  
  1.81      1.669    22       44.4    -99.9  
  0.0855    1.951    22       43.23   -99.9  
  0.6036    2.953    22       44.47   -99.9  
  2.34      0.851    22       43.83   -99.9  
  0.0487    0.674    22       41.92   -99.9  
  0.255     1.322    22       43.31   -99.9  
  0.7715    1.841    22       44.12   -99.9  
  1.21      1.47     22       44.1    -99.9  
  0.0422    2.497    22       43.16   -99.9  
  0.0554    3.546    22       43.61   -99.9  
  0.055     2.046    22       43.08   -99.9  
  0.331     0.315    22       41.99   -99.9  
  2.28      0.733    22       43.67   -99.9  
  0.3059    1.188    22       43.29   -99.9  
  1.65      1.551    22       44.28   -99.9  
  0.07      0.853    22       42.31   -99.9  
  1.09      1.164    22       43.82   -99.9  
  0.225     0.961    22       42.94   -99.9  
  0.109     1.574    22       43.12   -99.9  
  0.2204    1.589    22       43.43   -99.9  
  0.0552    0.89     22       42.25   -99.9  
  4.67      0.345    22       43.23   -99.9  
  0.652     0.691    22       43.07   -99.9  
  0.244     0.845    22       42.84   -99.9  
  0.236     0.482    22       42.27   -99.9  
  0.514     1.19     8        43.51   -99.0  
  0.0462    0.789    22       42.05   -99.9  
  0.211     1.005    22       42.96   -99.9  
  0.526     0.419    22       42.48   -99.9  
  0.0741    0.792    22       42.26   -99.9  
  0.3461    1.826    22       43.77   -99.9  
  0.0774    1.26     8        42.75   -99.0  
  0.5799    1.334    22       43.68   -99.9  
  0.2338    2.836    22       44.02   -99.9  
  1.74      2.222    22       44.66   -99.9  
  0.221     3.322    22       44.15   -99.9  
  0.523     0.878    22       43.22   -99.9  
  0.353     0.217    22       41.66   -99.9  
  0.2       0.857    22       42.77   -99.9  
  1.61      0.551    22       43.23   -99.9  
  1.53      1.285    22       44.06   -99.9  
  0.458     3.038    22       44.38   -99.9  
  0.164     1.38     22       43.17   -99.9  
  2.55      0.821    22       43.84   -99.9  
  1.73      0.196    22       42.26   -99.9  
  0.225     2.05     8        43.69   -99.0  
  0.273     0.255    22       41.7    -99.9  
  0.557     0.982    22       43.35   -99.9  
  0.928     2.121    22       44.34   -99.9  
  0.663     3.144    22       44.57   -99.9  
  4.2024    0.26     22       42.91   -99.9  
  0.0877    3.65     8        43.84   -99.0  
  0.2081    2.047    22       43.66   -99.9  
  0.1514    0.735    22       42.5    -99.9  
  0.187     0.281    22       41.63   -99.9  
  0.279     1.529    22       43.5    -99.9  
  0.698     0.92     22       43.39   -99.9  
  1.78      1.434    22       44.24   -99.9  
  0.235     0.505    22       42.31   -99.9  
  0.496     0.85     8        43.16   -99.0  
  0.3883    2.169    22       43.99   -99.9  
  0.8405    0.271    22       42.25   -99.9  
  0.114     3.465    22       43.9    -99.9  
  1.64      0.794    22       43.61   -99.9  
  0.1432    1.028    22       42.81   -99.9  
  1.23      0.216    22       42.2    -99.9  
  0.48      0.678    22       42.92   -99.9  
  0.638     1.289    22       43.69   -99.9  
  2.31      0.854    22       43.83   -99.9  
  1.1       1.142    22       43.8    -99.9  
  0.296     0.346    22       42.04   -99.9  
  0.105     0.489    22       41.93   -99.9  
  0.636     2.057    22       44.15   -99.9  
  0.3327    1.188    22       43.32   -99.9  
  0.0739    0.527    22       41.85   -99.9  
  0.1607    0.946    22       42.78   -99.9  
  0.528     2.172    22       44.12   -99.9  
  0.13      0.922    22       42.66   -99.9  
  0.3399    0.676    22       42.76   -99.9  
  0.357     2.052    22       43.9    -99.9  
  0.197     0.728    22       42.6    -99.9  
  0.747     2.759    22       44.5    -99.9  
  0.786     0.269    22       42.22   -99.9  
  0.378     3.361    22       44.39   -99.9  
  0.121     3.076    22       43.81   -99.9  
  1.9364    2.454    22       44.8    -99.9  
  0.108     2.335    22       43.5    -99.9  
  0.269     2.387    22       43.92   -99.9  
  1.1433    2.055    22       44.4    -99.9  
  0.641     1.178    22       43.6    -99.9  
  0.181     0.849    22       42.72   -99.9  
  0.225     0.85     22       42.82   -99.9  
  0.405     0.349    22       42.18   -99.9  
  0.59      1.881    22       44.03   -99.9  
  1.8952    0.34     22       42.83   -99.9  
  0.1833    1.214    22       43.09   -99.9  
  0.127     0.822    22       42.53   -99.9  
  0.253     0.768    22       42.76   -99.9  
  1.42      0.5      22       43.08   -99.9  
  0.189     0.823    22       42.71   -99.9  
  0.5809    2.506    22       44.3    -99.9  
  0.1936    1.679    22       43.43   -99.9  
  0.858     0.703    22       43.2    -99.9  
  0.0882    0.772    22       42.31   -99.9  
  0.151     1.025    22       42.83   -99.9  
  0.192     3.535    22       44.15   -99.9  
  0.443     1.004    22       43.28   -99.9  
  0.144     0.345    22       41.72   -99.9  
  10.2      1.317    22       44.91   -99.9  
  0.16      0.91     22       42.74   -99.9  
  0.182     0.273    22       41.59   -99.9  
  0.5088    1.0      22       43.33   -99.9  
  0.933     0.346    22       42.53   -99.9  
  3.47      1.403    22       44.51   -99.9  
  0.266     0.93     8        42.98   -99.0  
  0.0733    2.808    22       43.51   -99.9  
  0.0455    2.589    22       43.23   -99.9  
  0.252     0.734    22       42.72   -99.9  
  2.29      1.888    22       44.62   -99.9  
  0.559     1.889    22       44.01   -99.9  
  0.2215    1.623    22       43.46   -99.9  
  4.35      1.48     22       44.66   -99.9  
  0.355     0.317    22       42.03   -99.9  
  0.1133    0.893    22       42.57   -99.9  
  0.282     2.079    22       43.81   -99.9  
  0.0451    3.4      8        43.48   -99.0  
  1.06      2.377    22       44.51   -99.9  
  0.44      2.755    22       44.27   -99.9  
  0.3172    2.59     22       44.07   -99.9  
  0.847     0.878    22       43.42   -99.9  
  1.3       0.69     22       43.37   -99.9  
  0.2596    0.983    22       43.02   -99.9  
  0.183     0.471    22       42.13   -99.9  
  0.1514    1.347    22       43.11   -99.9  
  0.283     1.6      22       43.55   -99.9  
  7.44      2.717    22       45.48   -99.9  
  0.9744    1.856    22       44.23   -99.9  
  0.752     1.13     22       43.63   -99.9  
  3.17      0.795    22       43.9    -99.9  
  0.781     1.451    22       43.89   -99.9  
  0.146     0.822    22       42.59   -99.9  
  0.734     1.641    22       43.99   -99.9  
  0.624     0.623    22       42.95   -99.9  
  1.81      2.117    22       44.63   -99.9  
  0.548     2.052    22       44.08   -99.9  
  0.744     0.737    22       43.19   -99.9  
  0.596     1.608    22       43.88   -99.9  
  0.547     2.944    22       44.43   -99.9  
  0.608     0.695    22       43.04   -99.9  
  0.271     0.333    22       41.96   -99.9  
  0.0408    1.826    22       42.84   -99.9  
  0.155     0.826    22       42.62   -99.9  
  0.237     0.345    22       41.94   -99.9  
  0.0491    0.91     22       42.22   -99.9  
  1.69      1.459    22       44.23   -99.9  
  0.322     0.438    22       42.31   -99.9  
  0.522     2.933    22       44.4    -99.9  
  2.88      0.103    22       41.88   -99.9  
  0.189     1.011    22       42.91   -99.9  
  0.367     0.896    22       43.08   -99.9  
  0.444     2.889    22       44.32   -99.9  
  0.537     0.812    22       43.15   -99.9  
  0.0641    1.177    22       42.6    -99.9  
  0.438     2.203    22       44.05   -99.9  
  0.398     1.579    22       43.69   -99.9  
  0.23      1.558    22       43.43   -99.9  
  0.563     0.728    22       43.06   -99.9  
  0.154     0.307    22       41.64   -99.9  
  1.09      1.856    22       44.28   -99.9  
  8.9       0.71     8        44.23   -99.0  
  0.3832    0.224    22       41.73   -99.9  
  0.134     1.326    22       43.04   -99.9  
  58.4      0.364    22       44.38   -99.9  
  1.76      1.041    22       43.91   -99.9  
  4.34      1.067    22       44.33   -99.9  
  0.779     1.56     22       43.97   -99.9  
  0.46      1.405    22       43.63   -99.9  
  0.2493    1.854    22       43.64   -99.9  
  0.411     2.429    22       44.12   -99.9  
  0.236     1.235    22       43.21   -99.9  
  0.196     1.983    22       43.6    -99.9  
  0.8549    1.22     22       43.76   -99.9  
  4.0       0.766    22       43.96   -99.9  
  0.308     1.98     22       43.8    -99.9  
  0.492     0.96     8        43.28   -99.0  
  1.4317    1.784    22       44.36   -99.9  
  0.5181    1.56     22       43.79   -99.9  
  3.66      1.556    22       44.63   -99.9  
  0.175     0.56     8        42.29   -99.0  
  0.3       0.835    22       42.92   -99.9  
  0.476     0.634    22       42.84   -99.9  
  0.876     2.935    22       44.63   -99.9  
  0.327     0.305    22       41.96   -99.9  
  0.087     0.738    22       42.26   -99.9  
  3.08      1.407    22       44.46   -99.9  
  0.611     0.705    22       43.06   -99.9  
  0.133     0.607    22       42.25   -99.9  
  0.113     0.733    22       42.37   -99.9  
  0.189     0.345    22       41.84   -99.9  
  0.139     0.704    22       42.42   -99.9  
  2.41      0.34     22       42.93   -99.9  
  0.268     3.609    22       44.31   -99.9  
  1.72      2.919    22       44.92   -99.9  
  0.842     1.613    22       44.03   -99.9  
  0.277     1.359    22       43.38   -99.9  
  1.75      1.111    22       43.98   -99.9  
  0.267     2.57     8        43.99   -99.0  
  0.138     1.156    22       42.91   -99.9  
  0.5984    1.494    22       43.81   -99.9  
  0.1112    0.866    22       42.53   -99.9  
  0.0865    1.433    22       42.93   -99.9  
  0.337     0.358    22       42.13   -99.9  
  0.0453    0.742    22       41.98   -99.9  
  0.2956    2.502    22       44.01   -99.9  
  0.7591    1.36     22       43.82   -99.9  
  0.0572    1.355    22       42.69   -99.9  
  0.6067    1.484    22       43.81   -99.9  
  0.0405    1.5      8        42.64   -99.0  
  4.8925    1.236    22       44.53   -99.9  
  1.2257    0.445    22       42.9    -99.9  
  0.902     2.003    22       44.27   -99.9  
  0.0703    0.569    22       41.91   -99.9  
  0.7025    1.829    22       44.08   -99.9  
  0.5572    1.248    22       43.6    -99.9  
  0.273     1.183    22       43.23   -99.9  
  0.0953    0.668    22       42.2    -99.9  
  0.6159    1.231    22       43.63   -99.9  
  0.0479    1.24     8        42.52   -99.0  
  0.3265    1.567    22       43.59   -99.9  
  0.3677    2.947    22       44.26   -99.9  
  0.1998    0.53     22       42.29   -99.9  
  0.0442    1.861    22       42.89   -99.9  
  0.6932    0.874    22       43.33   -99.9  
  0.1442    1.035    22       42.82   -99.9  
  0.4481    0.748    22       42.99   -99.9  
  0.0663    0.86     8        42.3    -99.0  
  0.3842    1.343    22       43.51   -99.9  
  0.0751    5.07     22       44.07   -99.9  
  0.1164    0.735    22       42.38   -99.9  
  0.0543    1.23     22       42.57   -99.9  
  0.2338    2.214    22       43.78   -99.9  
  0.2606    2.335    22       43.88   -99.9  
  0.1452    2.941    22       43.85   -99.9  
  0.0787    0.419    22       41.65   -99.9  
  0.1288    2.406    22       43.61   -99.9  
  0.089     0.846    22       42.41   -99.9  
  0.1452    1.189    22       42.96   -99.9  
  0.133     2.46     8        43.64   -99.0  
  0.2637    0.834    22       42.87   -99.9  
  0.2245    0.42     22       42.11   -99.9  
  0.1751    1.361    22       43.18   -99.9  
  0.7364    1.618    22       43.98   -99.9  
  0.1267    0.83     22       42.54   -99.9  
  0.4893    1.811    22       43.91   -99.9  
  0.138     0.678    22       42.38   -99.9  
  0.377     0.96     8        43.16   -99.0  
  0.081     2.676    22       43.51   -99.9  
  0.0522    2.536    22       43.27   -99.9  
  0.6716    0.337    22       42.37   -99.9  
  0.3265    2.411    22       44.01   -99.9  
  0.3265    0.895    22       43.03   -99.9  
  0.3667    1.519    22       43.61   -99.9  
  0.1782    0.765    22       42.61   -99.9  
  0.1018    1.092    22       42.72   -99.9  
  1.3184    1.135    22       43.88   -99.9  
  1.32      2.506    22       44.66   -99.9  
  2.62      1.243    22       44.27   -99.9  
  0.1514    0.971    22       42.78   -99.9  
  0.965     0.668    22       43.2    -99.9  
  0.107     0.97     8        42.63   -99.0  
  0.1463    0.711    22       42.45   -99.9  
  0.3399    1.664    22       43.67   -99.9  
  0.1184    0.971    22       42.67   -99.9  
  0.0816    2.009    22       43.23   -99.9  
  1.33      0.876    22       43.62   -99.9  
  0.311     0.267    22       41.81   -99.9  
  0.0755    0.965    22       42.47   -99.9  
  0.501     1.61     8        43.8    -99.0  
  1.3184    1.679    22       44.27   -99.9  
  0.2204    2.076    22       43.7    -99.9  
  0.2256    0.831    22       42.79   -99.9  
  0.1174    0.323    22       41.57   -99.9  
  0.0732    1.01     8        42.5    -99.0  
  0.207     0.48     8        42.2    -99.0  
  0.1504    0.442    22       41.98   -99.9  
  0.527     2.389    22       44.21   -99.9  
  0.4264    1.148    22       43.4    -99.9  
  0.3193    0.73     22       42.81   -99.9  
  0.694     0.247    22       42.08   -99.9  
  2.86      0.33     8        42.98   -99.0  
  0.0569    4.16     22       43.77   -99.9  
  0.759     1.79     22       44.09   -99.9  
  0.0313    0.958    22       42.08   -99.9  
  0.079     0.958    22       42.48   -99.9  
  1.25      1.315    22       44.0    -99.9  
  0.215     0.694    22       42.59   -99.9  
  0.2606    1.867    22       43.67   -99.9  
  1.5965    0.893    22       43.72   -99.9  
  0.4357    1.147    22       43.41   -99.9  
  0.2009    0.53     22       42.29   -99.9  
  0.1844    1.681    22       43.41   -99.9  
  0.0935    1.76     22       43.16   -99.9  
  0.306     0.831    22       42.93   -99.9  
  0.0687    0.497    22       41.76   -99.9  
  0.377     2.215    22       43.99   -99.9  
  2.5956    0.623    22       43.56   -99.9  
  0.3966    2.028    22       43.93   -99.9  
  0.0608    1.001    22       42.41   -99.9  
  0.1318    1.119    22       42.86   -99.9  
  0.0451    0.95     8        42.23   -99.0  
  0.1391    2.384    22       43.63   -99.9  
  0.2225    0.346    22       41.91   -99.9  
  0.151     0.87     22       42.67   -99.9  
  0.366     0.369    22       42.19   -99.9  
  0.3286    0.623    22       42.67   -99.9  
  0.0388    0.76     22       41.94   -99.9  
  0.4656    1.161    22       43.45   -99.9  
  0.17      1.069    22       42.92   -99.9  
  1.4832    2.029    22       44.5    -99.9  
  0.466     0.218    22       41.79   -99.9  
  0.245     0.84     8        42.84   -99.0  
  0.2596    0.679    22       42.65   -99.9  
  0.3203    0.91     22       43.04   -99.9  
  0.146     1.405    22       43.13   -99.9  
  0.342     0.707    22       42.81   -99.9  
  0.399     2.75     8        44.23   -99.0  
  0.355     0.68     8        42.79   -99.0  
  0.5624    1.571    22       43.83   -99.9  
  0.475     3.05     8        44.4    -99.0  
  0.4202    2.046    22       43.96   -99.9  
  0.1401    4.251    22       44.18   -99.9  
  0.1494    0.372    22       41.81   -99.9  
  0.0752    1.14     8        42.64   -99.0  
  0.7941    2.615    22       44.48   -99.9  
  0.308     0.34     22       42.04   -99.9  
  0.0204    1.103    22       42.04   -99.9  
  0.048     0.728    22       41.99   -99.9  
  0.0414    2.548    22       43.17   -99.9  
  1.3699    0.355    22       42.73   -99.9  
  0.1143    1.052    22       42.74   -99.9  
  0.146     1.48     8        43.19   -99.0  
  8.4151    1.154    22       44.7    -99.9  
  1.5759    1.186    22       44.0    -99.9  
  0.743     0.51     8        42.82   -99.0  
  0.3924    0.952    22       43.17   -99.9  
  0.14      0.364    22       41.76   -99.9  
  0.483     0.736    22       43.0    -99.9  
  0.0738    1.58     8        42.95   -99.0  
  1.1536    0.339    22       42.61   -99.9  
  0.0422    0.883    22       42.13   -99.9  
  0.1823    3.086    22       43.99   -99.9  
  0.1092    0.359    22       41.64   -99.9  
  0.0768    0.633    22       42.05   -99.9  
  0.1184    0.763    22       42.43   -99.9  
  8.858     1.024    22       44.6    -99.9  
  1.8849    1.753    22       44.46   -99.9  
  0.29      1.25     8        43.31   -99.0  
  0.2554    0.955    22       42.99   -99.9  
  0.093     0.38     8        41.63   -99.0  
  0.0571    1.246    22       42.6    -99.9  
  0.1001    1.225    22       42.83   -99.9  
  0.1112    0.914    22       42.58   -99.9  
  0.1875    1.053    22       42.95   -99.9  
  0.03      2.177    22       42.88   -99.9  
  0.193     0.52     8        42.25   -99.0  
  0.548     2.048    22       44.08   -99.9  
  1.0238    0.686    22       43.26   -99.9  
  0.0834    3.371    22       43.74   -99.9  
  0.5366    2.277    22       44.17   -99.9  
  0.625     0.9      8        43.32   -99.0  
  0.2946    2.191    22       43.88   -99.9  
  0.6087    1.921    22       44.06   -99.9  
  1.78      0.47     8        43.12   -99.0  
  0.4429    2.804    22       44.29   -99.9  
  1.69      1.02     8        43.88   -99.0  
  0.1504    0.659    22       42.38   -99.9  
  0.2863    2.212    22       43.87   -99.9  
  1.2154    0.35     22       42.66   -99.9  
  0.914     1.45     8        43.96   -99.0  
  0.1679    2.25     22       43.66   -99.9  
  0.1792    3.515    22       44.11   -99.9  
  2.22      0.52     22       43.31   -99.9  
  0.8662    0.552    22       42.97   -99.9  
  0.1154    1.272    22       42.93   -99.9  
  0.857     2.018    22       44.26   -99.9  
  0.0277    1.246    22       42.29   -99.9  
  0.9517    2.497    22       44.51   -99.9  
  0.274     0.622    22       42.59   -99.9  
  0.2915    0.893    22       42.98   -99.9  
  0.0781    0.987    22       42.51   -99.9  
  0.0917    1.332    22       42.88   -99.9  
  0.0381    0.96     8        42.17   -99.0  
  0.5964    1.033    22       43.44   -99.9  
  0.0562    0.691    22       42.0    -99.9  
  0.276     2.136    22       43.82   -99.9  
  0.0699    2.939    22       43.53   -99.9  
  14.42     0.372    22       43.8    -99.9  
  0.412     1.835    22       43.85   -99.9  
  0.857     2.18     8        44.33   -99.0  
  1.1742    1.177    22       43.86   -99.9  
  0.1411    0.893    22       42.66   -99.9  
  0.6386    1.92     22       44.08   -99.9  
  0.0562    3.189    22       43.52   -99.9  
  0.18      1.39     8        43.21   -99.0  
  0.0619    0.437    22       41.59   -99.9  
  0.0865    0.732    22       42.25   -99.9  
  0.4625    2.681    22       44.27   -99.9  
  0.3399    0.36     22       42.13   -99.9  
  4.41      0.372    22       43.28   -99.9  
  0.7292    1.165    22       43.64   -99.9  
  0.3873    0.838    22       43.04   -99.9  
  0.0858    1.25     8        42.79   -99.0  
  0.2544    2.134    22       43.79   -99.9  
  0.0375    1.103    22       42.3    -99.9  
  0.2462    0.85     22       42.85   -99.9  
  1.2978    0.916    22       43.65   -99.9  
  0.246     1.04     22       43.06   -99.9  
  0.0815    1.238    22       42.75   -99.9  
  0.2925    1.574    22       43.55   -99.9  
  0.3986    2.347    22       44.07   -99.9  
  0.7746    0.528    22       42.87   -99.9  
  0.1463    1.61     22       43.27   -99.9  
  0.1751    2.065    22       43.59   -99.9  
  0.0899    1.52     8        43.0    -99.0  
  0.1885    0.865    22       42.76   -99.9  
  0.0644    0.6      22       41.92   -99.9  
  0.651     0.667    22       43.03   -99.9  
  0.1154    0.448    22       41.88   -99.9  
  0.277     2.07     8        43.79   -99.0  
  0.0719    1.373    22       42.8    -99.9  
  0.773     0.68     8        43.13   -99.0  
  0.2833    1.53     22       43.51   -99.9  
  0.488     1.15     8        43.46   -99.0  
  0.0741    1.649    22       43.0    -99.9  
  0.618     1.71     22       43.95   -99.9  
  0.0453    0.97     8        42.25   -99.0  
  0.5902    2.281    22       44.22   -99.9  
  0.0821    1.94     8        43.2    -99.0  
  0.1823    0.671    22       42.49   -99.9  
  0.38      2.22     8        44.0    -99.0  
  0.5819    2.181    22       44.17   -99.9  
  0.0541    2.73     8        43.35   -99.0  
  0.0829    2.64     8        43.51   -99.0  
  0.2266    0.46     22       42.2    -99.9  
  1.07      0.926    22       43.58   -99.9  
  0.5984    2.181    22       44.18   -99.9  
  0.896     1.38     8        43.9    -99.0  
  0.4831    1.514    22       43.73   -99.9  
  0.2534    1.6      22       43.5    -99.9  
  0.3646    1.734    22       43.74   -99.9  
  0.184     0.785    22       42.65   -99.9  
  1.6068    2.222    22       44.63   -99.9  
  1.87      1.966    22       44.57   -99.9  
  0.172     0.762    22       42.59   -99.9  
  0.513     1.899    22       43.98   -99.9  
  0.0436    2.24     8        43.07   -99.0  
  0.1813    0.935    22       42.82   -99.9  
  0.1349    1.813    22       43.35   -99.9  
  0.1081    2.982    22       43.74   -99.9  
  0.725     1.337    22       43.78   -99.9  
  0.057     3.52     8        43.61   -99.0  
  0.6633    1.162    22       43.6    -99.9  
  0.0468    0.47     8        41.54   -99.0  
  0.239     3.345    22       44.19   -99.9  
  1.1021    2.941    22       44.73   -99.9  
  0.1442    2.09     22       43.52   -99.9  
  0.534     0.591    22       42.83   -99.9  
  0.0663    0.94     8        42.39   -99.0  
  5.3766    0.375    22       43.38   -99.9  
  5.6341    0.133    22       42.41   -99.9  
  1.8849    0.36     22       42.88   -99.9  
  0.171     2.21     8        43.65   -99.0  
  1.7407    0.378    22       42.89   -99.9  
  0.305     0.48     22       42.37   -99.9  
  2.88      0.6      8        43.57   -99.0  
  0.193     2.23     8        43.71   -99.0  
  1.3596    1.027    22       43.79   -99.9  
  0.717     1.115    22       43.59   -99.9  
  0.1772    0.864    22       42.73   -99.9  
  0.1926    0.905    22       42.81   -99.9  
  1.2978    0.55     22       43.14   -99.9  
  0.378     0.78     8        42.95   -99.0  
  0.4996    0.731    22       43.01   -99.9  
  0.1112    3.01     22       43.76   -99.9  
  0.2009    1.191    22       43.11   -99.9  
  0.094     0.84     8        42.42   -99.0  
  0.378     1.711    22       43.74   -99.9  
  1.0815    1.65     22       44.16   -99.9  
  0.134     1.88     8        43.38   -99.0  
  10.815    0.345    22       43.6    -99.9  
  0.274     0.621    22       42.59   -99.9  
  1.43      2.083    22       44.51   -99.9  
  0.2987    2.704    22       44.08   -99.9  
  0.7375    1.258    22       43.73   -99.9  
  0.9682    0.689    22       43.24   -99.9  
  0.248     0.901    22       42.92   -99.9  
  0.17      1.18     22       43.02   -99.9  
  0.3162    0.734    22       42.81   -99.9  
  0.2081    2.147    22       43.7    -99.9  
  0.0663    2.909    22       43.5    -99.9  
  0.6273    0.658    22       43.0    -99.9  
  1.29      0.84     8        43.56   -99.0  
  0.189     0.371    22       41.91   -99.9  
  0.9239    1.407    22       43.94   -99.9  
  0.042     0.84     8        42.08   -99.0  
  0.31      1.625    22       43.6    -99.9  
  0.6087    1.488    22       43.81   -99.9  
  0.769     1.17     8        43.67   -99.0  
  0.2606    1.743    22       43.6    -99.9  
  0.0863    1.022    22       42.59   -99.9  
  3.34      1.918    22       44.8    -99.9  
  0.807     2.3      8        44.36   -99.0  
  1.59      1.26     22       44.06   -99.9  
  2.27      0.971    22       43.95   -99.9  
  0.3955    1.323    22       43.51   -99.9  
  0.1       1.26     22       42.86   -99.9  
  2.36      1.8      22       44.59   -99.9  
  1.37      0.969    22       43.73   -99.9  
  0.994     2.29     22       44.45   -99.9  
  0.9054    0.961    22       43.54   -99.9  
  0.407     0.44     8        42.41   -99.0  
  0.0995    2.162    22       43.39   -99.9  
  0.116     0.97     8        42.66   -99.0  
  0.138     3.155    22       43.9    -99.9  
  2.75      0.31     8        42.9    -99.0  
  0.0979    0.395    22       41.69   -99.9  
  1.2978    1.792    22       44.32   -99.9  
  1.854     0.85     22       43.73   -99.9  
  0.892     0.56     22       42.99   -99.9  
  0.1195    1.257    22       42.94   -99.9  
  0.236     0.585    22       42.46   -99.9  
  0.244     2.92     8        44.07   -99.0  
  0.9517    0.425    22       42.75   -99.9  
  1.33      1.509    22       44.16   -99.9  
  0.535     0.447    22       42.55   -99.9  
  0.0621    2.81     22       43.44   -99.9  
  6.17      0.91     8        44.32   -99.0  
  0.3481    2.27     22       43.98   -99.9  
  0.142     1.395    22       43.11   -99.9  
  4.13      0.44     8        43.42   -99.0  
  0.0409    1.23     8        42.45   -99.0  
  0.18      1.18     8        43.05   -99.0  
  0.1494    0.976    22       42.78   -99.9  
  0.151     0.96     8        42.77   -99.0  
  3.3269    0.36     22       43.13   -99.9  
  0.139     0.748    22       42.48   -99.9  
  0.0437    0.57     8        41.7    -99.0  
  0.5613    1.171    22       43.54   -99.9  
  0.0358    1.02     8        42.2    -99.0  
  0.0453    1.25     8        42.51   -99.0  
  2.49      1.506    22       44.43   -99.9  
  0.0803    1.01     8        42.54   -99.0  
  4.5629    0.964    22       44.25   -99.9  
  0.078     1.25     8        42.74   -99.0  
  1.22      0.626    22       43.24   -99.9  
  0.823     0.99     8        43.53   -99.0  
  0.3605    2.008    22       43.88   -99.9  
  0.124     0.508    22       42.04   -99.9  
  0.169     2.028    22       43.56   -99.9  
  0.085     0.96     8        42.52   -99.0  
  0.686     0.899    22       43.36   -99.9  
  0.1936    0.889    22       42.8    -99.9  
  0.137     0.972    22       42.74   -99.9  
  0.2565    1.457    22       43.41   -99.9  
  0.714     0.96     8        43.44   -99.0  
  2.8222    1.459    22       44.46   -99.9  
  0.249     0.56     8        42.44   -99.0  
  0.0427    1.15     8        42.4    -99.0  
  4.8616    1.237    22       44.53   -99.9  
  0.0735    1.99     8        43.18   -99.0  
  0.0569    0.49     22       41.66   -99.9  
  0.303     0.422    22       42.24   -99.9  
  1.0918    0.909    22       43.57   -99.9  
  0.237     0.96     8        42.96   -99.0  
  0.2215    0.938    22       42.91   -99.9  
  0.158     2.238    22       43.63   -99.9  
  0.1432    0.911    22       42.69   -99.9  
  0.241     2.696    22       43.99   -99.9  
  0.1267    0.362    22       41.71   -99.9  
  0.5284    1.189    22       43.52   -99.9  
  0.383     0.579    22       42.66   -99.9  
  0.2843    1.528    22       43.51   -99.9  
  1.07      1.264    22       43.89   -99.9  
  0.4151    1.021    22       43.27   -99.9  
  0.371     0.832    22       43.01   -99.9  
  0.2462    0.741    22       42.72   -99.9  
  1.1536    1.132    22       43.81   -99.9  
  0.412     1.122    22       43.36   -99.9  
  1.8128    1.517    22       44.3    -99.9  
  4.4084    1.122    22       44.39   -99.9  
  0.0971    1.127    22       42.73   -99.9  
  0.1916    2.095    22       43.65   -99.9  
  0.655     0.957    22       43.4    -99.9  
  0.6283    0.657    22       43.0    -99.9  
  0.0549    3.07     8        43.47   -99.0  
  0.5387    1.105    22       43.46   -99.9  
  0.6911    0.943    22       43.41   -99.9  
  0.055     0.764    22       42.1    -99.9  
  0.0758    1.582    22       42.97   -99.9  
  0.5438    2.414    22       44.23   -99.9  
  0.1277    0.931    22       42.66   -99.9  
  0.3317    1.846    22       43.76   -99.9  
  0.4542    1.796    22       43.87   -99.9  
  0.3481    0.786    22       42.93   -99.9  
  0.2575    0.625    22       42.56   -99.9  
  0.1524    0.667    22       42.4    -99.9  
  1.442     0.882    22       43.66   -99.9  
  0.1267    0.968    22       42.7    -99.9  
  1.3287    0.969    22       43.72   -99.9  
  0.1246    1.294    22       42.98   -99.9  
  0.272     0.937    22       43.0    -99.9  
  0.274     1.301    22       43.33   -99.9  
  1.0259    0.406    22       42.73   -99.9  
  0.7395    1.641    22       43.99   -99.9  
  0.3976    1.808    22       43.82   -99.9  
  0.9116    0.83     22       43.4    -99.9  
  0.4573    0.868    22       43.15   -99.9  
  0.6726    1.582    22       43.91   -99.9  
  0.3193    1.004    22       43.14   -99.9  
  0.1184    1.08     22       42.78   -99.9  
  0.379     1.32     22       43.48   -99.9  
  0.1689    0.698    22       42.49   -99.9  
  0.2338    0.223    22       41.51   -99.9  
  0.136     0.727    22       42.44   -99.9  
  0.0732    1.026    22       42.52   -99.9  
  0.8724    1.458    22       43.95   -99.9  
  0.1514    1.318    22       43.09   -99.9  
  0.1494    1.797    22       43.39   -99.9  
  0.6674    1.798    22       44.04   -99.9  
  0.2225    1.541    22       43.41   -99.9  
  0.0844    0.958    22       42.51   -99.9  
  0.6221    2.082    22       44.15   -99.9  
  1.2257    1.708    22       44.25   -99.9  
  0.2802    2.151    22       43.84   -99.9  
  0.1215    2.042    22       43.42   -99.9  
  0.617     1.514    22       43.83   -99.9  
  0.0505    3.19     8        43.47   -99.0  
  0.3698    1.774    22       43.77   -99.9  
  0.5984    1.271    22       43.65   -99.9  
  0.38      1.782    22       43.78   -99.9  
  0.3481    0.906    22       43.07   -99.9  
  0.4563    0.838    22       43.11   -99.9  
  0.103     1.95     22       43.31   -99.9  
  0.7684    1.339    22       43.81   -99.9  
  3.09      1.295    22       44.38   -99.9  
  0.1792    1.795    22       43.47   -99.9  
  0.1494    1.478    22       43.19   -99.9  
  0.1006    0.892    22       42.52   -99.9  
  0.0645    0.666    22       42.03   -99.9  
  0.0846    0.631    22       42.09   -99.9  
  0.31      0.677    22       42.73   -99.9  
  0.0923    2.51     22       43.5    -99.9  
  0.1267    0.58     22       42.18   -99.9  
  0.37      2.212    22       43.98   -99.9  
  0.0651    1.002    22       42.44   -99.9  
  0.6262    1.916    22       44.07   -99.9  
  0.3811    1.935    22       43.87   -99.9  
  0.5119    0.518    22       42.67   -99.9  
  0.5356    1.436    22       43.72   -99.9  
  1.3699    1.05     22       43.81   -99.9  
  0.0464    2.743    22       43.29   -99.9  
  0.5624    1.834    22       43.98   -99.9  
  0.9054    0.329    22       42.47   -99.9  
  0.6716    1.281    22       43.7    -99.9  
  0.8724    0.826    22       43.38   -99.9  
  0.6541    0.35     22       42.39   -99.9  
  0.343     2.032    22       43.87   -99.9  
  6.38      1.51     22       44.85   -99.9  
  0.2441    3.328    22       44.19   -99.9  
  1.0712    0.667    22       43.25   -99.9  
  0.4439    1.369    22       43.59   -99.9  
  3.0797    2.031    22       44.82   -99.9  
  0.8261    0.988    22       43.53   -99.9  
  0.629     0.905    22       43.33   -99.9  
  0.0683    1.3      22       42.73   -99.9  
  0.2317    0.618    22       42.51   -99.9  
  0.049     1.368    22       42.63   -99.9  
  0.6489    0.894    22       43.33   -99.9  
  0.0592    1.776    22       42.97   -99.9  
  0.1504    0.423    22       41.94   -99.9  
  0.1751    1.393    22       43.2    -99.9  
  0.372     0.319    22       42.06   -99.9  
  0.127     4.174    22       44.12   -99.9  
  0.7591    1.511    22       43.92   -99.9  
  0.753     2.399    22       44.37   -99.9  
  0.0997    2.044    22       43.34   -99.9  
  0.0555    0.969    22       42.34   -99.9  
  7.52      1.962    22       45.17   -99.9  
  0.3296    2.076    22       43.87   -99.9  
  0.1463    0.353    22       41.75   -99.9  
  1.2463    0.621    22       43.24   -99.9  
  0.0781    0.954    22       42.47   -99.9  
  3.35      1.592    22       44.62   -99.9  
  0.481     0.478    22       42.57   -99.9  
  1.34      1.429    22       44.11   -99.9  
  0.0277    0.95     22       42.02   -99.9  
  0.063     0.839    22       42.25   -99.9  
  0.363     1.784    22       43.77   -99.9  
  2.0291    0.982    22       43.92   -99.9  
  0.49      1.597    22       43.79   -99.9  
  0.1195    3.371    22       43.9    -99.9  
  0.0582    0.859    22       42.24   -99.9  
  1.04      0.899    22       43.54   -99.9  
  0.1071    1.657    22       43.16   -99.9  
  0.0362    1.64     22       42.68   -99.9  
  0.812     1.234    22       43.75   -99.9  
  0.0904    0.742    22       42.28   -99.9  
  0.107     1.339    22       42.95   -99.9  
  0.346     0.638    22       42.71   -99.9  
  0.151     1.268    22       43.05   -99.9  
  1.4523    0.728    22       43.47   -99.9  
  0.461     1.518    22       43.71   -99.9  
  0.267     1.609    22       43.53   -99.9  
  2.18      1.566    22       44.41   -99.9  
  0.462     1.541    22       43.73   -99.9  
  0.2235    0.891    22       42.86   -99.9  
  0.0993    0.538    22       42.0    -99.9  
  0.4501    2.48     22       44.18   -99.9  
  0.0543    2.962    22       43.43   -99.9  
  0.0762    0.866    22       42.36   -99.9  
  0.1627    2.918    22       43.89   -99.9  
  0.057     1.169    22       42.54   -99.9  
  0.238     1.19     22       43.18   -99.9  
  0.561     0.518    22       42.71   -99.9  
  0.0524    1.48     8        42.74   -99.0  
  1.1433    0.693    22       43.31   -99.9  
  0.1895    2.766    22       43.91   -99.9  
  0.0775    0.371    22       41.52   -99.9  
  0.3234    1.008    22       43.15   -99.9  
  0.2163    2.258    22       43.77   -99.9  
  0.2328    3.029    22       44.08   -99.9  
  0.143     1.561    22       43.23   -99.9  
  0.2297    0.926    22       42.91   -99.9  
  0.0612    1.147    22       42.55   -99.9  
  0.0321    1.778    22       42.71   -99.9  
  0.0681    1.177    22       42.62   -99.9  
  0.0817    0.814    22       42.33   -99.9  
  0.0808    2.158    22       43.3    -99.9  
  0.0896    2.42     8        43.45   -99.0  
  0.2925    0.688    22       42.72   -99.9  
  0.0453    1.258    22       42.52   -99.9  
  0.1184    0.361    22       41.68   -99.9  
  0.3852    0.899    22       43.11   -99.9  
  0.0936    4.66     22       44.09   -99.9  
  0.0318    3.498    22       43.35   -99.9  
  1.2566    0.979    22       43.7    -99.9  
  0.0679    0.758    22       42.18   -99.9  
  0.065     0.775    22       42.18   -99.9  
  0.153     1.68     8        43.33   -99.0  
  0.1092    1.796    22       43.25   -99.9  
  0.962     0.977    22       43.59   -99.9  
  0.1112    0.862    22       42.52   -99.9  
  0.0903    0.354    22       41.54   -99.9  
  0.0398    0.885    22       42.1    -99.9  
  0.0623    0.946    22       42.37   -99.9  
  0.078     1.919    22       43.17   -99.9  
  0.0588    2.99     22       43.47   -99.9  
  0.1833    2.101    22       43.63   -99.9  
  0.612     1.482    22       43.81   -99.9  
  0.0572    1.245    22       42.6    -99.9  
  0.0462    0.687    22       41.91   -99.9  
  0.0914    1.617    22       43.07   -99.9  
  0.0826    1.155    22       42.69   -99.9  
  0.996     0.985    22       43.61   -99.9  
  2.2969    1.598    22       44.46   -99.9  
  0.059     0.987    22       42.38   -99.9  
  0.987     0.675    22       43.23   -99.9  
  0.709     2.03     22       44.18   -99.9  
  1.8643    0.185    22       42.23   -99.9  
  1.81      1.48     22       44.28   -99.9  
  0.0776    1.314    22       42.79   -99.9  
  0.045     1.215    22       42.48   -99.9  
  0.1071    0.933    22       42.59   -99.9  
  0.078     0.749    22       42.23   -99.9  
  0.506     0.98     8        43.31   -99.0  
  0.0901    3.021    22       43.67   -99.9  
  0.0433    0.492    22       41.55   -99.9  
  0.1648    0.347    22       41.78   -99.9  
  0.5964    1.932    22       44.06   -99.9  
  0.1277    0.656    22       42.31   -99.9  
  1.56      0.582    22       43.27   -99.9  
  0.239     0.558    22       42.42   -99.9  
  0.2328    0.373    22       42.01   -99.9  
  0.2245    2.146    22       43.74   -99.9  
  0.781     0.979    22       43.5    -99.9  
  6.24      1.47     22       44.81   -99.9  
  0.066     3.079    22       43.55   -99.9  
  0.172     0.838    22       42.69   -99.9  
  1.63      2.292    22       44.66   -99.9  
  0.1205    1.581    22       43.17   -99.9  
  0.48      0.387    22       42.36   -99.9  
  0.282     0.465    22       42.31   -99.9  
  0.2946    1.297    22       43.36   -99.9  
  0.236     0.556    22       42.41   -99.9  
  1.49      1.413    22       44.15   -99.9  
  0.3636    1.822    22       43.79   -99.9  
  0.433     0.665    22       42.85   -99.9  
  0.1535    1.259    22       43.05   -99.9  
  0.296     2.03     22       43.8    -99.9  
  0.568     0.28     8        42.11   -99.0  
  1.0187    0.374    22       42.65   -99.9  
  0.0788    4.9      22       44.06   -99.9  
  0.0736    0.976    22       42.47   -99.9  
  0.146     0.819    22       42.59   -99.9  
  0.2956    2.49     22       44.0    -99.9  
  0.147     0.365    22       41.78   -99.9  
  1.5553    0.891    22       43.7    -99.9  
  0.238     0.554    22       42.41   -99.9  
  0.0788    0.569    22       41.95   -99.9  
  0.348     0.811    22       42.96   -99.9  
  1.45      1.526    22       44.21   -99.9  
  1.3596    1.799    22       44.35   -99.9  
  0.31      0.326    22       42.0    -99.9  
  0.052     0.45     22       41.54   -99.9  
  0.0376    1.165    22       42.36   -99.9  
  0.0656    0.895    22       42.33   -99.9  
  0.874     2.22     8        44.36   -99.0  
  0.0865    3.102    22       43.68   -99.9  
  1.04      1.36     22       43.95   -99.9  
  0.516     1.933    22       44.0    -99.9  
  0.0945    3.715    22       43.88   -99.9  
  0.0829    0.911    22       42.45   -99.9  
  0.2812    0.936    22       43.01   -99.9  
  0.2009    1.867    22       43.55   -99.9  
  0.2719    1.33     22       43.35   -99.9  
  0.4481    0.739    22       42.97   -99.9  
  0.0337    3.175    22       43.29   -99.9  
  0.232     0.36     22       41.97   -99.9  
  0.6726    2.501    22       44.36   -99.9  
  0.0469    2.472    22       43.19   -99.9  
  0.0542    0.904    22       42.26   -99.9  
  0.0743    2.478    22       43.4    -99.9  
  0.2966    1.52     22       43.52   -99.9  
  0.1092    1.028    22       42.69   -99.9  
  0.0551    0.751    22       42.08   -99.9  
  0.215     0.886    22       42.84   -99.9  
  0.4666    0.745    22       43.0    -99.9  
  0.1226    0.347    22       41.66   -99.9  
  0.0995    0.437    22       41.79   -99.9  
  0.1174    0.607    22       42.19   -99.9  
  0.207     1.984    22       43.63   -99.9  
  0.224     2.709    7        43.96   22.1   
  0.0661    0.733    7        42.13   22.8   
  0.777     1.888    7        44.15   20.4   
  0.145     1.065    7        42.85   23.8   
  0.0101    2.259    7        42.44   23.7   
  0.0441    0.674    7        41.87   22.7   
  0.0498    2.94     7        43.39   25.1   
  0.0426    2.185    7        43.03   24.5   
  0.0169    0.861    7        41.7    23.6   
  0.142     0.737    7        42.47   21.0   
  0.0995    0.735    7        42.31   22.3   
  0.284     1.406    7        43.42   25.0   
  0.208     1.616    7        43.43   24.5   
  0.073     2.573    7        43.42   25.9   
  0.0743    0.574    7        41.94   21.0   
  0.783     0.977    7        43.5    23.4   
  0.0222    0.777    7        41.72   21.8   
  0.624     0.976    7        43.4    22.7   
  0.0393    0.545    7        41.61   22.4   
  0.122     2.81     7        43.73   20.7   
  0.0392    0.735    7        41.91   22.0   
  0.00717   1.61     7        41.96   25.2   
  0.0207    0.998    7        41.94   22.5   
  0.08      2.562    7        43.46   24.3   
  0.0291    0.624    7        41.62   22.6   
  0.00265   2.076    7        41.78   24.6   
  0.00555   1.544    7        41.81   24.0   
  1.26      1.324    7        44.01   19.9   
  0.0598    1.097    7        42.5    23.7   
  0.0122    3.66     7        42.98   -1.0   
  0.184     0.534    7        42.26   21.1   
  0.0972    1.049    7        42.66   24.9   
  0.0551    0.733    7        42.05   22.2   
  0.197     0.619    7        42.44   21.1   
  0.00182   2.227    7        41.68   23.7   
  0.0238    3.7      7        43.28   24.7   
  0.16      2.306    7        43.66   22.2   
  0.0671    1.982    7        43.13   24.0   
  0.0134    0.877    7        41.62   23.7   
  0.00294   1.608    7        41.57   25.5   
  0.223     0.664    7        42.56   22.7   
  0.158     1.216    7        43.02   21.0   
  0.00684   1.764    7        42.03   21.0   
  0.0806    3.064    7        43.63   25.5   
  0.00277   1.998    7        41.76   23.9   
  0.0367    0.734    7        41.88   23.1   
  0.179     3.61     7        44.13   22.6   
  0.0314    0.661    7        41.71   21.4   
  0.281     1.92     7        43.73   23.0   
  0.0183    1.22     7        42.09   26.2   
  0.0284    0.769    7        41.82   21.8   
  0.0154    1.114    7        41.92   23.8   
  1.07      0.979    7        43.64   21.7   
  0.0574    0.667    7        41.98   21.2   
  0.0365    1.222    7        42.39   22.7   
  0.0072    1.367    7        41.8    23.4   
  0.0117    1.115    7        41.8    23.6   
  0.213     1.22     7        43.16   22.9   
  0.0469    1.625    7        42.78   25.2   
  0.0105    1.146    7        41.79   23.9   
  0.0326    0.622    7        41.66   24.7   
  0.00907   1.189    7        41.76   22.3   
  0.349     0.733    7        42.86   21.2   
  0.0977    0.424    7        41.76   20.6   
  0.318     0.512    7        42.46   23.5   
  0.076     1.089    7        42.59   23.4   
  0.309     1.257    7        43.35   23.1   
  0.305     2.072    7        43.84   23.2   
