# Z          logLUM_SOFT         
  0.042626   40.28645646974697   
  0.041656   40.30427505047712   
  0.043353   40.31868926994774   
  0.042734   40.330413773349186  
  0.053088   40.380030247967824  
  0.054163   40.40942586867144   
  0.096617   40.44435712565602   
  0.07003    40.45666962942376   
  0.045484   40.53982855837789   
  0.08439    40.55388302664387   
  0.09768    40.56169753265399   
  0.10892    40.59361830812953   
  0.057386   40.610447221442115  
  0.084616   40.62695595143544   
  0.057022   40.63154522783431   
  0.069393   40.669502834104335  
  0.103938   40.670245853074114  
  0.13989    40.674861140737804  
  0.08479    40.681422155721     
  0.044446   40.753046561626526  
  0.053946   40.7561033715851    
  0.098707   40.76312837679913   
  0.138344   40.837525309449596  
  0.139935   40.85829652453388   
  0.10253    40.937417581477135  
  0.137489   41.0021660617565    
  0.141229   41.053078443483415  
  0.073685   41.084933574936706  
  0.17557    41.14860265480609   
  0.163798   41.154119525515846  
  0.084757   41.156851901070006  
  0.139022   41.17782497186468   
  0.183373   41.18892848376085   
  0.141227   41.2030328870147    
  0.166801   41.263636068588106  
  0.264398   41.27921051260139   
  0.140619   41.29797924415936   
  0.228118   41.308777773664715  
  0.138094   41.3111178426625    
  0.176945   41.31281182621208   
  0.149905   41.32939787936104   
  0.192211   41.33081946649583   
  0.137445   41.33324569896195   
  0.158572   41.3368598209168    
  0.160742   41.34674405460484   
  0.269314   41.365862215402544  
  0.204683   41.371990911464906  
  0.087451   41.384174138807026  
  0.227674   41.38898878512471   
  0.13959    41.399500661314605  
  0.139937   41.40976410426634   
  0.147232   41.43584436598443   
  0.437535   41.4412236742426    
  0.191522   41.45484486000851   
  0.277023   41.474361976032625  
  0.203315   41.4844422076424    
  0.084781   41.4970679363985    
  0.178441   41.50406288267868   
  0.083972   41.5051499783199    
  0.174624   41.55071742346927   
  0.07502    41.584331224367524  
  0.228221   41.59150980899465   
  0.244468   41.594723946409744  
  0.215161   41.61161711055433   
  0.108228   41.61235994796777   
  0.19649    41.618361931109874  
  0.157248   41.62664826847401   
  0.199463   41.62777537522929   
  0.190982   41.630224410752426  
  0.208114   41.6352826379982    
  0.238185   41.64561873824269   
  0.236306   41.64787176530623   
  0.157598   41.67191301244158   
  0.197875   41.67660216958201   
  0.102903   41.684935082640884  
  0.070816   41.694605198933566  
  0.258876   41.69469292633148   
  0.331135   41.69801350393918   
  0.335407   41.69870934944258   
  0.138659   41.70199947488963   
  0.278552   41.70509361054786   
  0.29295    41.70629095725875   
  0.140217   41.72493091419239   
  0.298303   41.72989340396323   
  0.233657   41.73247417728119   
  0.069274   41.73519954842231   
  0.35763    41.73663549768682   
  0.261189   41.73965144370937   
  0.329802   41.74123041102546   
  0.238027   41.74390155048518   
  0.11899    41.74616696437728   
  0.264093   41.746712022516654  
  0.178011   41.75785134368557   
  0.281009   41.758154621967385  
  0.231116   41.763353108748205  
  0.377939   41.76945117940203   
  0.592954   41.783689236347314  
  0.177969   41.787460474518404  
  0.29779    41.79351100579285   
  0.205615   41.79622731402943   
  0.365641   41.80488874462238   
  0.227696   41.80604423574808   
  0.370114   41.80611211016908   
  0.284471   41.81743314411138   
  0.220651   41.81967551999429   
  0.212647   41.82471144346473   
  0.257724   41.82549102987942   
  0.345242   41.83941519268389   
  0.180626   41.84167225007363   
  0.148012   41.84781934729523   
  0.216152   41.85454893581295   
  0.265434   41.85823633542951   
  0.190123   41.85961857877218   
  0.133951   41.86787978345838   
  0.297404   41.87308798559028   
  0.290891   41.87384353322343   
  0.196776   41.87783189149289   
  0.382029   41.880127322216616  
  0.328142   41.89856064493971   
  0.291802   41.89872518158949   
  0.249263   41.901730691729206  
  0.294035   41.901839592051225  
  0.433262   41.90189403197382   
  0.275328   41.902166129271045  
  0.148389   41.904011883597384  
  0.098337   41.91078443479283   
  0.179908   41.91444894069855   
  0.277642   41.917925422064734  
  0.178368   41.91965328231036   
  0.139958   41.93227077589948   
  0.136931   41.93313282372673   
  0.373493   41.93419534934788   
  0.292885   41.94546858513181   
  0.149254   41.95621646924339   
  0.161721   41.95951837697299   
  0.141105   41.96871637746678   
  0.142881   41.96913623359671   
  0.137415   41.974189191118164  
  0.200916   41.987263954122234  
  0.426307   41.99042765848526   
  0.333141   41.99202302776384   
  0.34037    41.99295096057044   
  0.148913   42.00860017176191   
  0.324676   42.01072386539177   
  0.348389   42.011147360775794  
  0.241697   42.012837224705166  
  0.20965    42.01745072951053   
  0.437477   42.021602716028234  
  0.19544    42.02201573981771   
  0.347787   42.02325245963371   
  0.253534   42.023663918197784  
  0.429492   42.025715383901336  
  0.372176   42.02734960777475   
  0.278896   42.03100428136353   
  0.553462   42.039810554148346  
  0.225215   42.040206627574705  
  0.333625   42.04139268515822   
  0.203092   42.049218022670175  
  0.19119    42.049218022670175  
  0.270882   42.049218022670175  
  0.098854   42.049992856920134  
  0.214738   42.05994188806195   
  0.43644    42.06145247908719   
  0.29498    42.06632592536203   
  0.298725   42.06744284277637   
  0.291373   42.06818586174616   
  0.30874    42.069298012115524  
  0.18955    42.06966809691159   
  0.175643   42.071882007306115  
  0.13889    42.07773117965239   
  0.241627   42.079543007402904  
  0.327014   42.080265627339834  
  0.189379   42.082785370316444  
  0.25516    42.082785370316444  
  0.339923   42.083144143143045  
  0.444712   42.08350261983026   
  0.236361   42.08778141780954   
  0.296679   42.100715086573075  
  0.273239   42.10311925354571   
  0.205232   42.10516942799932   
  0.448959   42.10653085382238   
  0.342541   42.10720996964786   
  0.455502   42.10856502373283   
  0.188996   42.10991586302379   
  0.334354   42.12057393120584   
  0.33354    42.12936759572298   
  0.208378   42.135450699345505  
  0.337319   42.135450699345505  
  0.349906   42.137354111370726  
  0.231262   42.137986732723526  
  0.398354   42.140193678578626  
  0.580162   42.14581771449182   
  0.237574   42.14736710779378   
  0.298104   42.152288344383045  
  0.364057   42.15381486434452   
  0.43145    42.158663980813984  
  0.338375   42.16375752398195   
  0.166261   42.174931593528434  
  0.377539   42.17580163284828   
  0.461528   42.18127177155945   
  0.141676   42.18155777386278   
  0.41966    42.18554215485437   
  0.335449   42.18554215485437   
  0.31715    42.187802638718416  
  0.363787   42.190611797813595  
  0.226848   42.19451434188246   
  0.363079   42.201123897207374  
  0.430936   42.209515014542625  
  0.332943   42.21298618473666   
  0.566712   42.217483944213896  
  0.47339    42.220631019448085  
  0.337063   42.221674997070764  
  0.350199   42.22349594096239   
  0.25906    42.23854788768132   
  0.457963   42.23879856271391   
  0.172226   42.24054924828259   
  0.323811   42.243534101832054  
  0.205671   42.248218561190065  
  0.433906   42.254064452914335  
  0.915713   42.25551371281952   
  0.647243   42.25719842613933   
  0.191594   42.25815819334078   
  0.563884   42.25863728272407   
  0.171083   42.25959387888594   
  0.603083   42.26007138798507   
  0.258922   42.26150077319828   
  0.343637   42.26410915630581   
  0.321778   42.266231696689886  
  0.055642   42.269279389771896  
  0.237105   42.270212854896236  
  0.15332    42.27806733088865   
  0.272242   42.279894980011626  
  0.549194   42.28080592839366   
  0.444481   42.283753383332524  
  0.138723   42.28465628278851   
  0.298652   42.29025726939451   
  0.354192   42.290924559382745  
  0.755555   42.29358351349611   
  0.277858   42.2957869402516    
  0.335253   42.29863478312443   
  0.187925   42.30276370847297   
  0.400689   42.30535136944662   
  0.384844   42.30835094858672   
  0.309546   42.31302311032323   
  0.323086   42.31344537042641   
  0.429854   42.31785448933146   
  0.493049   42.3230457354817    
  0.535711   42.328787200354526  
  0.160926   42.33545790068938   
  0.198117   42.34143452457813   
  0.409204   42.34419571587143   
  0.323665   42.34458874257871   
  0.451305   42.34596154181314   
  0.49221    42.346157302232     
  0.297253   42.352182518111356  
  0.320017   42.35525990552737   
  0.357858   42.35659943572496   
  0.331257   42.35850591149023   
  0.636783   42.36059341356524   
  0.433937   42.369401413696615  
  0.552667   42.369401413696615  
  0.424838   42.37051308959859   
  0.320236   42.37235958252432   
  0.469737   42.37912414607038   
  0.483946   42.390935107103374  
  0.327493   42.39164070349238   
  0.217345   42.39164070349238   
  0.324951   42.3919930722597    
  0.506824   42.394101302040035  
  0.361957   42.394801777162705  
  0.710284   42.39759243403811   
  0.297606   42.40140054078154   
  0.486541   42.402777069610345  
  0.705147   42.407220892927384  
  0.436406   42.40823996531184   
  0.474029   42.40823996531184   
  0.364817   42.40823996531184   
  0.237301   42.412124406173305  
  0.325063   42.413802516769344  
  0.590542   42.41813549842522   
  0.617571   42.418632687354055  
  0.364766   42.42045085910606   
  0.174781   42.42390091852841   
  0.426948   42.4268364538035    
  0.642883   42.427486109095774  
  0.562916   42.43168534468601   
  0.29379    42.43328968519502   
  0.423339   42.434888120867306  
  0.555813   42.439806211393325  
  0.309441   42.444200988864154  
  0.333712   42.44622640177816   
  0.382669   42.44793286559217   
  0.354512   42.450557009418326  
  0.336165   42.45285933579584   
  0.646729   42.453165392525854  
  0.46052    42.45788189673399   
  0.226788   42.4584867637982    
  0.471106   42.459392487759224  
  0.287375   42.459693976477965  
  0.601143   42.46209838113515   
  0.256995   42.462397997898954  
  0.301369   42.462547728802654  
  0.590036   42.463445031770426  
  0.290276   42.467756051244024  
  0.430363   42.46849502450706   
  0.594236   42.469232742506605  
  0.542614   42.47099816966087   
  0.174992   42.47099816966087   
  0.283365   42.47407050321504   
  0.231512   42.47943133719773   
  0.165999   42.482587769526766  
  0.507407   42.49023948524628   
  0.459794   42.49234125325496   
  0.368477   42.49387611085282   
  0.365025   42.49401537475714   
  0.452975   42.49415459401843   
  0.23903    42.49429376866533   
  0.627026   42.494432898726394  
  0.43563    42.49485002168009   
  0.251952   42.499824495839576  
  0.519035   42.500373714353366  
  0.268824   42.500373714353366  
  0.386727   42.500648063371905  
  0.211725   42.50419891853944   
  0.431367   42.5051499783199    
  0.42529    42.50542132758328   
  0.628263   42.50704587242732   
  0.646532   42.507451060901964  
  0.311628   42.50852971897128   
  0.608489   42.509471352102544  
  0.626949   42.51321760006793   
  0.505529   42.520090328112836  
  0.433403   42.521661015112066  
  0.448123   42.523486332343225  
  0.452328   42.52452593662637   
  0.655756   42.52608069180202   
  0.445388   42.52762990087133   
  0.291935   42.52865964523498   
  0.14285    42.53083977861652   
  0.265557   42.53147891704225   
  0.345072   42.532244643626576  
  0.353912   42.53249958609465   
  0.648249   42.53504081325116   
  0.42916    42.538322333231434  
  0.348877   42.53844805171021   
  0.220689   42.54070478331076   
  0.495262   42.542451947375966  
  0.301204   42.548020694905524  
  0.270306   42.55327604613709   
  0.488653   42.555940437818506  
  0.433233   42.55714614231835   
  0.498575   42.55750720190565   
  0.539856   42.56098205558623   
  0.514776   42.5633624094866    
  0.316675   42.567026366159055  
  0.392826   42.5700757053216    
  0.329712   42.57077636879474   
  0.569208   42.57310378316399   
  0.14236    42.574147064150715  
  0.305735   42.57484119506338   
  0.280778   42.57553421831986   
  0.32618    42.576571684065286  
  0.306397   42.581266805273664  
  0.21532    42.58308536634768   
  0.429403   42.58546072950849   
  0.489755   42.585573518622724  
  0.310414   42.58591171031943   
  0.450952   42.586924708144814  
  0.292558   42.58950279626376   
  0.345501   42.592842683131096  
  0.530425   42.592842683131096  
  0.140844   42.59736605026602   
  0.318127   42.59922786277379   
  0.209707   42.600101255691385  
  0.277449   42.60064623566239   
  0.266714   42.60271094495755   
  0.515031   42.60411800619203   
  0.564528   42.60562822200762   
  0.444817   42.60713320439156   
  0.609018   42.60734777676841   
  0.488251   42.608526033577185  
  0.497617   42.61288976928748   
  0.556784   42.61331316145545   
  0.053236   42.616790486329705  
  0.500114   42.62211036036121   
  0.634842   42.62262842612932   
  0.373763   42.62283547952151   
  0.963221   42.62335268153799   
  0.277931   42.62417892574802   
  0.296275   42.625621081424896  
  0.553823   42.63618689519872   
  0.332941   42.64127575723191   
  0.624515   42.643452676486184  
  0.296537   42.64424158584372   
  0.314618   42.64875021269801   
  0.622738   42.650598898172646  
  0.465094   42.65098709438344   
  0.254858   42.65609820201282   
  0.616596   42.659155280940624  
  0.911159   42.66010622172323   
  0.89943    42.66520562843459   
  0.584792   42.66529949949989   
  0.612476   42.66857226918455   
  0.669527   42.670245853074114  
  0.652257   42.67033864112744   
  0.68086    42.67080228426094   
  0.335986   42.675044735955886  
  0.529246   42.67696781429475   
  0.152279   42.67860941655892   
  0.346219   42.68957521575993   
  0.646839   42.690550461510355  
  0.149286   42.695569227036174  
  0.321811   42.69635638873333   
  0.640065   42.69879625179043   
  0.517854   42.70122248425655   
  0.776097   42.70260284134042   
  0.591319   42.70714418834244   
  0.534896   42.70748501196747   
  0.63323    42.70842090013471   
  0.549722   42.70850588095523   
  0.164918   42.70859084515034   
  0.34662    42.70952435587633   
  0.332044   42.712144414214876  
  0.293055   42.717587296855456  
  0.803477   42.722304786874325  
  0.401216   42.72296280894248   
  0.455761   42.72574833299554   
  0.300377   42.72705301135385   
  0.503437   42.7292458072253    
  0.500665   42.73311698144206   
  0.697487   42.73335778792558   
  0.444735   42.735598899698175  
  0.342919   42.74562122130693   
  0.21658    42.745855195173725  
  0.631712   42.746089043056195  
  0.61552    42.74655636141036   
  0.455599   42.751279103983336  
  0.65204    42.75511226639507   
  0.797447   42.75625564875423   
  0.726347   42.75739602879302   
  0.818796   42.75989437402549   
  0.491654   42.76312837679913   
  0.286197   42.763877031495646  
  0.653611   42.76797172138161   
  0.737353   42.77188132019009   
  0.479247   42.77298145034496   
  0.647905   42.773640193260015  
  0.470517   42.773859552376685  
  0.322252   42.77597433112936   
  0.623984   42.78067727443336   
  0.298893   42.782973994944044  
  0.091984   42.78326023287294   
  0.561991   42.784474643762515  
  0.287795   42.78525863335769   
  0.738259   42.78823909738216   
  0.697423   42.78915749191144   
  0.365194   42.79372055681352   
  0.517036   42.794627444664506  
  0.511632   42.79497574405113   
  0.826244   42.79664370378511   
  0.51913    42.7977521286507    
  0.410379   42.79899573444388   
  0.573729   42.799064719351     
  0.567687   42.801883707125235  
  0.459822   42.80604423574808   
  0.235747   42.809559714635256  
  0.396461   42.809627041894046  
  0.743262   42.812311609131115  
  0.405583   42.8161749904288    
  0.957008   42.81663894489846   
  0.789571   42.81921479988238   
  0.38135    42.81934648408045   
  0.785332   42.82105475504689   
  0.430355   42.821579027912     
  0.599779   42.823213313282665  
  0.502263   42.82562082500349   
  0.638455   42.82568570802175   
  0.514176   42.82613961793591   
  0.789928   42.82756311125472   
  0.693159   42.82930377283102   
  0.283068   42.82994669594163   
  0.435083   42.83442070368152   
  0.497152   42.83733586801501   
  0.800502   42.839352328895416  
  0.259264   42.84173477897474   
  0.569364   42.84285876244529   
  0.43609    42.842983470122206  
  0.59981    42.84441504047382   
  0.283203   42.84683175282325   
  0.387509   42.847140617413395  
  0.489836   42.85052370887899   
  0.660856   42.851380667965586  
  0.64745    42.85412378210116   
  0.431445   42.856305866433296  
  0.429983   42.85648721286862   
  0.712921   42.86057755124441   
  0.326931   42.860697274052036  
  0.327424   42.86093662070009   
  0.738318   42.863857961883966  
  0.140517   42.86415495600202   
  0.288765   42.865400118179295  
  0.436042   42.86646456597173   
  0.444536   42.868703202278525  
  0.670324   42.87244764778901   
  0.865947   42.87558210432788   
  0.293897   42.87575557925805   
  0.631062   42.87811948469716   
  0.35799    42.878751520173     
  0.83014    42.87938263717434   
  0.360731   42.88149877961498   
  0.609931   42.88292279060259   
  0.513706   42.88411536201166   
  0.509321   42.887729797288024  
  0.456399   42.89025330515453   
  0.635413   42.89053279192774   
  0.532085   42.892817824309574  
  0.264265   42.89437145385623   
  0.69123    42.89580915016913   
  0.574294   42.896195410454204  
  0.533309   42.90009390154339   
  0.751147   42.90134932541564   
  0.614218   42.90270981296987   
  0.70729    42.9054720619247    
  0.664432   42.90584982664231   
  0.530609   42.90746510676585   
  0.564493   42.90987681799038   
  0.438627   42.91057104848125   
  0.647841   42.91365493508661   
  0.843262   42.91429025566594   
  0.517314   42.92069713446991   
  0.561036   42.92474435247994   
  0.778752   42.92562145479082   
  0.887922   42.925930597868465  
  0.866816   42.92941892571429   
  0.509709   42.930184652298614  
  0.772201   42.93211847202912   
  0.626147   42.932727367301524  
  0.953344   42.93333541007764   
  0.460675   42.93565838610063   
  0.301762   42.936010795715205  
  0.427826   42.936061116609984  
  0.340101   42.93641319971147   
  0.525346   42.94086497596671   
  0.583267   42.944137073158096  
  0.648906   42.94679602727145   
  0.849402   42.949926443667906  
  0.61379    42.950656882504504  
  0.509519   42.95070553477385   
  0.74445    42.95385629822498   
  0.283384   42.954772989689715  
  0.321464   42.963551733574086  
  0.541222   42.9645895874899    
  0.791553   42.964683814976034  
  0.470868   42.96534283556061   
  0.317602   42.96609477944616   
  0.723485   42.966517176446786  
  0.764933   42.96693916302111   
  0.435647   42.96759477267189   
  0.743854   42.96768835045331   
  0.338693   42.9698816437465    
  0.325423   42.970672242689716  
  0.291757   42.97132224524281   
  0.303127   42.97326643610852   
  0.457412   42.97326643610852   
  0.524875   42.975661533181054  
  0.621194   42.97667088062481   
  0.791958   42.977174676020184  
  0.579399   42.97754070594653   
  0.846478   42.9832202146481    
  0.860622   42.98439227852426   
  0.208255   42.98659260682221   
  0.692018   42.9902056151848    
  0.667811   42.99064958831885   
  0.627397   42.99135900263794   
  0.858868   42.991491888910154  
  0.516243   42.99166900737995   
  0.883739   42.99277436425535   
  0.489947   42.9931274851057    
  0.903868   42.99458108125989   
  0.890054   42.99655544963336   
  0.629002   42.99751743941472   
  0.595908   42.99791036734673   
  0.332128   43.00130093302041   
  0.384427   43.00603795499731   
  0.610055   43.010299956639805  
  1.036623   43.011993114659255  
  0.770292   43.011993114659255  
  0.492195   43.012837224705166  
  0.392905   43.01535975540921   
  0.618913   43.01619735351243   
  0.289759   43.01619735351243   
  0.428694   43.01703333929878   
  0.215479   43.017867718963494  
  0.331206   43.018700498666234  
  0.602335   43.01994668167884   
  0.599755   43.02284061087652   
  0.433941   43.02448566769916   
  0.356211   43.02653326452329   
  0.619442   43.02775720469055   
  0.716823   43.028977705208774  
  0.447671   43.03181227133037   
  0.692236   43.03342375548694   
  0.435409   43.03502928220236   
  0.554304   43.035829825252826  
  0.628724   43.04060234011407   
  0.579136   43.04060234011407   
  0.31375    43.04060234011407   
  0.539045   43.04060234011407   
  0.326453   43.04766419460155   
  0.521201   43.0480531731156    
  0.80049    43.0519239160461    
  0.594564   43.053846426852246  
  0.560761   43.05461305455688   
  0.571449   43.05728564441821   
  0.394735   43.05766610390982   
  0.522317   43.058426024457     
  0.787894   43.059563417901266  
  0.4917     43.05994188806194   
  0.492427   43.06370855939141   
  0.759629   43.06595298031386   
  0.842324   43.068927611682064  
  0.909732   43.07003786660775   
  0.639514   43.070776462843426  
  0.658413   43.074816440645165  
  0.513555   43.078819183098844  
  0.694738   43.080987046910884  
  0.78393    43.08242630086076   
  0.583323   43.088844562727     
  0.818822   43.08990511143939   
  0.377918   43.09025805293131   
  0.365656   43.09236969962911   
  0.629098   43.09342168516223   
  0.429245   43.09551804232315   
  0.294754   43.09691001300805   
  0.502263   43.09725730969341   
  0.493099   43.097604328874404  
  0.840772   43.09829753649469   
  0.629403   43.10002573010785   
  0.841584   43.10448711131239   
  0.774651   43.107549129744676  
  0.512462   43.10957854690438   
  0.516915   43.11058971029924   
  0.768822   43.11159852488039   
  0.44735    43.111934276332676  
  0.820915   43.113274692464344  
  0.584883   43.11360915107302   
  0.961381   43.11427729656158   
  0.960797   43.11826472608947   
  0.481587   43.123851640967075  
  0.97404    43.1271047983648    
  0.645885   43.1271047983648    
  0.904881   43.12742877785159   
  0.692715   43.13161866434912   
  0.925139   43.131939295210415  
  0.565966   43.13353890837021   
  1.235087   43.13449585583467   
  0.628646   43.135768514567815  
  0.760674   43.137354111370726  
  0.504279   43.14207646107328   
  0.630878   43.14207646107328   
  0.536921   43.143639235274534  
  0.485802   43.14921911265537   
  0.617723   43.15228834438305   
  0.775691   43.15472820744015   
  0.65259    43.155032228790965  
  0.519312   43.159867847092556  
  0.400363   43.16016829295851   
  0.572398   43.16196661636407   
  0.633368   43.162862993321916  
  0.740878   43.16375752398195   
  0.605386   43.165244326125304  
  0.30019    43.168497483523026  
  0.542588   43.171433900943     
  0.584521   43.17260293120985   
  0.275697   43.173186268412266  
  0.921823   43.175221800343046  
  0.678022   43.176380692243264  
  0.630324   43.17666993266815   
  0.689049   43.178976947293165  
  0.607202   43.17926446433902   
  0.608639   43.18069920129603   
  0.302801   43.18212921405299   
  0.732436   43.18269990333604   
  0.765083   43.185825359612956  
  0.559088   43.18639121569549   
  0.76552    43.186673867499735  
  0.703216   43.18808437371493   
  0.720413   43.18808437371493   
  0.628369   43.188647295999715  
  0.412714   43.188647295999715  
  0.767103   43.1892094895823    
  1.324243   43.189490313699366  
  0.65222    43.190611797813595  
  0.953651   43.19089171692217   
  0.70324    43.19865708695442   
  0.616403   43.20330491613848   
  0.399906   43.20466251174821   
  0.365633   43.20493352235414   
  0.824298   43.21112054125804   
  0.729046   43.21112054125804   
  0.75839    43.21218760440395   
  0.776694   43.21218760440395   
  0.78129    43.2137832993353    
  0.64771    43.21510858105309   
  0.87157    43.216429830876244  
  0.2989     43.21853550521652   
  0.565414   43.21879799811173   
  0.769794   43.22010808804005   
  0.645344   43.221674997070764  
  0.808218   43.22245633667924   
  0.604387   43.22271647114757   
  0.737315   43.225309281725856  
  0.207771   43.22634208716362   
  0.727121   43.22634208716362   
  0.815109   43.22685757028872   
  0.820688   43.22737244228963   
  0.81168    43.22891340599468   
  0.737001   43.229169702539096  
  0.736548   43.229425847920695  
  0.629551   43.231979026831496  
  0.73061    43.23223352111473   
  0.578272   43.23299611039214   
  0.750767   43.234010817587176  
  0.363085   43.234770295160914  
  0.56761    43.23502315949522   
  1.143466   43.235528446907544  
  0.689333   43.241795431295195  
  0.714712   43.243286146083435  
  0.876996   43.24378191609379   
  0.703153   43.24477176149529   
  0.537181   43.246744709723835  
  0.949289   43.24870873560091   
  1.113143   43.249442961442575  
  0.685163   43.25454807710897   
  1.028766   43.2552725051033    
  0.815164   43.25647720624167   
  0.783436   43.259593878885944  
  0.744198   43.262925469331826  
  0.781967   43.263636068588106  
  0.640937   43.263636068588106  
  0.710215   43.26481782300953   
  0.746962   43.265289625860824  
  0.610756   43.2657609167176    
  1.48403    43.266231696689886  
  1.024066   43.26670196688408   
  0.579811   43.26693691115916   
  0.644576   43.26717172840301   
  0.85268    43.26834391395106   
  0.653945   43.26951294421791   
  0.513678   43.2706788361447    
  1.032292   43.271609301378824  
  1.02133    43.27230584440208   
  0.696195   43.27253777737523   
  0.782576   43.27715061396379   
  0.678349   43.27715061396379   
  0.565492   43.277609214304086  
  0.808692   43.28352736486168   
  0.962861   43.28533222764388   
  0.627902   43.28578227377939   
  0.393624   43.286680969354926  
  1.060107   43.29003461136251   
  0.451225   43.29025726939451   
  0.911034   43.291368850451576  
  0.45664    43.29225607135647   
  0.505239   43.29269900304392   
  0.602739   43.29269900304392   
  0.621982   43.2929202996       
  1.036434   43.29358351349611   
  0.488646   43.29380435991933   
  0.626554   43.29666519026152   
  0.78153    43.297103650149246  
  0.740026   43.303412070596735  
  0.589124   43.303412070596735  
  0.252486   43.30449052777348   
  0.577697   43.305781151254976  
  0.692925   43.30642502755068   
  0.593501   43.309417225778134  
  0.773041   43.309417225778134  
  0.869465   43.31069331234335   
  0.78791    43.31090562937614   
  0.671059   43.311541958401186  
  0.689573   43.314499227973144  
  0.789578   43.31470969295517   
  0.840979   43.317645543221154  
  0.532976   43.31827208021162   
  1.326043   43.31827208021162   
  1.060797   43.3220124385824    
  1.006545   43.32325210017168   
  0.674672   43.325310371711055  
  0.891008   43.325310371711055  
  0.90352    43.32551566336314   
  0.940983   43.32592595577146   
  0.505526   43.330413773349186  
  1.414552   43.33183204443624   
  0.970514   43.332640410387455  
  0.747325   43.33304402982348   
  1.006663   43.33545790068938   
  0.951829   43.33605927786634   
  0.574556   43.337259539750264  
  1.002377   43.337459261290654  
  0.478648   43.33785842904109   
  0.504151   43.3418300569205    
  0.814578   43.34419571587143   
  0.652843   43.34498141392725   
  1.110519   43.34596154181313   
  0.775897   43.34674405460484   
  0.286251   43.34947179921438   
  0.695642   43.35082927358297   
  1.445312   43.35140975192543   
  1.030049   43.35198945543563   
  0.616317   43.355259905527376  
  0.66894    43.35679046035171   
  0.775693   43.35831564008219   
  0.868908   43.361350024352255  
  0.557562   43.366422957225964  
  0.971881   43.36810085170934   
  0.672129   43.37217528611506   
  0.481815   43.37346372163236   
  0.649911   43.37602918172818   
  0.512086   43.37639444203726   
  0.51329    43.37657695705651   
  1.171544   43.37767043933432   
  0.885919   43.378034322457324  
  0.483835   43.378216149749875  
  0.646577   43.37930551775057   
  0.915155   43.38129562300382   
  1.087555   43.381656482585775  
  1.161724   43.38201704257486   
  1.232884   43.38399478944173   
  1.186143   43.38471174293828   
  0.970687   43.38614210893081   
  0.731309   43.38827886345963   
  0.627058   43.38987455839098   
  0.812644   43.38987455839098   
  0.528598   43.38987455839098   
  0.557759   43.3933996952931    
  0.619772   43.394976719554556  
  0.935596   43.395151591504536  
  0.756526   43.39567578526993   
  0.948621   43.39759243403811   
  0.612378   43.400192488592566  
  1.256074   43.40208935057209   
  0.998324   43.40312052117581   
  0.871096   43.409425868671434  
  0.854757   43.41094585868777   
  0.513845   43.41178800454386   
  0.886435   43.41212440617331   
  1.179387   43.41680687182294   
  0.757852   43.418798290590345  
  0.891383   43.419625360887736  
  0.853446   43.41979058610636   
  0.371596   43.42111012979343   
  0.598703   43.42127479121034   
  0.990837   43.4220971631317    
  0.599567   43.42504487455138   
  2.294441   43.425371166438936  
  0.491844   43.42651126136457   
  1.087922   43.42926766643316   
  1.437531   43.42942926438178   
  1.309994   43.43007505555193   
  1.239536   43.430397591386956  
  1.219828   43.431685344686     
  1.059298   43.43200668726959   
  0.665558   43.4324882557705    
  0.580436   43.43312951758048   
  0.764598   43.43344979376159   
  0.679992   43.43408963841788   
  1.436254   43.434568904034194  
  0.64225    43.43695733066944   
  1.063302   43.437433443797964  
  0.617697   43.438225807604525  
  0.552979   43.44169513564071   
  0.981807   43.44294986957785   
  0.353913   43.44575983648862   
  1.09709    43.446070935700995  
  0.739766   43.44808766669233   
  1.426055   43.4519398693651    
  0.490802   43.45239984591144   
  0.574275   43.45331834004703   
  0.606259   43.45347123372293   
  1.46968    43.454997217309455  
  1.635657   43.45863784902564   
  1.402402   43.459392487759224  
  0.601552   43.46104809167065   
  1.048294   43.46149852678302   
  0.551091   43.462847035831665  
  0.772881   43.46523409498801   
  0.741419   43.46523409498801   
  0.731916   43.46538285144841   
  0.983927   43.46568021159827   
  0.735494   43.466422722433784  
  0.811848   43.466571072386344  
  1.016319   43.46805179145423   
  0.78117    43.4686426683915    
  0.291654   43.469232742506605  
  0.835454   43.47070442972279   
  0.723082   43.474361976032625  
  0.911527   43.47639682672532   
  0.252513   43.47769992833213   
  0.96151    43.477988976250884  
  0.795794   43.479143247978605  
  0.750522   43.479143247978605  
  0.619386   43.48086892368716   
  1.465454   43.48230176722344   
  0.470492   43.48273070007994   
  0.959475   43.48330195235816   
  0.904726   43.48387245422267   
  0.749609   43.48472680429865   
  1.046474   43.485295438726084  
  1.484438   43.48812749624745   
  1.081986   43.48840968890319   
  0.306837   43.488973524726504  
  0.1402     43.49037992000317   
  0.850801   43.49066065335613   
  1.543436   43.49164179347758   
  1.314728   43.49220145139253   
  0.964967   43.49234125325497   
  1.21055    43.4929000111087    
  0.816104   43.493318608232094  
  1.356407   43.49679131570004   
  1.795098   43.500099191915716  
  0.62387    43.500648063371905  
  0.566425   43.50229052791477   
  1.094698   43.50365451924296   
  0.773096   43.50365451924296   
  0.567634   43.50460677064195   
  1.226421   43.50487845941021   
  0.753639   43.505556938663815  
  1.034006   43.51361707378787   
  0.762821   43.513883185611085  
  1.187571   43.51534389308838   
  1.093104   43.51574141666936   
  0.834847   43.51613857671706   
  0.569512   43.516403148447395  
  0.605563   43.51719589794997   
  0.783377   43.51838231554534   
  0.712201   43.51969676715984   
  0.859945   43.522183317618676  
  0.890441   43.52257463269117   
  0.44509    43.52400644555737   
  1.199354   43.52452593662637   
  0.898123   43.52672686731463   
  0.868669   43.527372082827604  
  1.100879   43.53045584358467   
  0.740318   43.53262700122888   
  0.718052   43.53275437899249   
  1.418757   43.532881719407385  
  0.458385   43.532881719407385  
  1.014046   43.53326351677871   
  0.943903   43.53389910079658   
  0.603221   43.53504081325115   
  0.876234   43.535800290824895  
  0.656205   43.5386993795424    
  1.352879   43.5386993795424    
  0.995806   43.53982855837789   
  1.338248   43.539953841656384  
  0.777145   43.54045461367141   
  1.107437   43.54207814633562   
  1.048037   43.54232738277396   
  1.363091   43.54406804435027   
  0.986427   43.544688022302665  
  0.313798   43.546666025070174  
  1.427325   43.54740545966748   
  1.41503    43.54740545966748   
  0.368401   43.54838941813291   
  0.519315   43.54973873126489   
  1.352563   43.54973873126489   
  0.696471   43.550595207489316  
  0.438129   43.551449997972874  
  0.646169   43.551937695364835  
  0.60012    43.55315454816962   
  0.825111   43.554004321011895  
  0.849439   43.55858858310819   
  0.792626   43.55918818900477   
  1.032236   43.560384922972005  
  0.83958    43.5613399414589    
  0.86669    43.56145917124191   
  1.407475   43.56264967221191   
  1.48688    43.563718339965675  
  0.939711   43.56419246062619   
  0.857033   43.565611724902055  
  0.429713   43.56737930765097   
  0.439082   43.56761444273084   
  1.191654   43.56808433131538   
  0.657983   43.56890541498287   
  0.716436   43.5711262770843    
  0.805651   43.5715923833613    
  1.628314   43.57170883180868   
  0.824577   43.57170883180868   
  0.79001    43.575187844927655  
  0.556342   43.57553421831986   
  1.000997   43.575649614755214  
  0.238225   43.57611089412083   
  1.64226    43.576226137449595  
  1.159887   43.57634135020579   
  1.02285    43.5769169559652    
  0.772056   43.57737689191701   
  1.1374     43.579440597139794  
  0.891901   43.579897869603094  
  1.140436   43.58081097266094   
  0.79339    43.58081097266094   
  0.899292   43.581266805273664  
  1.340901   43.58194965837331   
  0.874674   43.58319877396862   
  0.760096   43.5842181121174    
  1.022843   43.5847833789965    
  0.734971   43.58568627845249   
  0.816446   43.58602438238697   
  1.244154   43.587261849692524  
  1.016968   43.58804749698607   
  0.442797   43.588943642740006  
  1.164757   43.59028440371816   
  0.643254   43.59350758933176   
  0.243614   43.59383966108126   
  1.086928   43.601951404133516  
  1.248409   43.602819342432696  
  1.2884     43.603469159733834  
  0.600404   43.60422605308446   
  0.877324   43.60498162960742   
  0.789331   43.60552052343746   
  0.692786   43.605735893876734  
  0.900427   43.60670374133367   
  1.118022   43.60820500770432   
  0.325776   43.608739919068775  
  1.278657   43.60927417240458   
  1.171631   43.61034071145215   
  0.80194    43.61204174464526   
  1.428723   43.61310151696691   
  1.562433   43.61373614126187   
  0.595093   43.616790486329705  
  0.803814   43.617943434828966  
  1.234882   43.618257344840394  
  0.912268   43.61940641088677   
  1.231528   43.62107237114362   
  0.755641   43.62252486240356   
  0.983597   43.6236627073562    
  0.902212   43.626340367375036  
  0.872272   43.62654565902712   
  0.692412   43.62685341466672   
  1.111273   43.62685341466672   
  0.666587   43.62695595143544   
  0.495996   43.62736585659273   
  1.830548   43.6274682724597    
  0.693842   43.62900161928699   
  1.370023   43.63184946215981   
  1.259386   43.63286204010022   
  1.91107    43.633367445117     
  0.765566   43.63346845557958   
  0.908668   43.63538320404749   
  0.943102   43.6373896501292    
  1.043253   43.638289535414245  
  1.15355    43.63838940766533   
  1.900701   43.63968566124267   
  0.747006   43.6398847419163    
  0.660572   43.64077947734485   
  0.917381   43.640978057358325  
  1.023513   43.64127575723191   
  1.128961   43.64355136856294   
  0.966526   43.645029064721136  
  0.775804   43.64581511829663   
  0.615766   43.648067129448926  
  1.50336    43.65021035466035   
  1.501569   43.65176244738011   
  0.739767   43.6520528482481    
  1.152655   43.652826302560996  
  0.466177   43.65301945109961   
  0.890392   43.653115993165564  
  0.849916   43.6534054906645    
  1.599622   43.65388755807097   
  0.957026   43.654465333520136  
  1.067673   43.65475393325293   
  0.815536   43.65475393325293   
  1.618471   43.65600232068295   
  0.904268   43.65877432084435   
  1.755948   43.659916200069844  
  0.721989   43.659916200069844  
  1.341724   43.662285515722125  
  0.386578   43.66304097489397   
  0.988588   43.66322963453286   
  1.222235   43.665111737075044  
  1.115369   43.665299499499895  
  1.339601   43.66576855071938   
  0.988014   43.66791968531736   
  0.912517   43.66819948419865   
  1.173332   43.66857226918455   
  1.076909   43.66913084737333   
  2.000659   43.66913084737333   
  1.422797   43.669688708056206  
  1.04456    43.67006021747313   
  0.761749   43.67172808823955   
  1.230402   43.67200544502295   
  1.534025   43.674401812845275  
  1.386333   43.67924614541385   
  1.137899   43.67942789661211   
  0.851188   43.681693392004554  
  1.890591   43.68178376646787   
  0.751057   43.68223535690256   
  0.654401   43.682325618667804  
  1.092073   43.68349731767981   
  0.995705   43.6837672614253    
  1.804439   43.68439647841901   
  1.070502   43.68457608738845   
  1.165978   43.68636810347303   
  1.907729   43.68815275559156   
  1.333588   43.68815275559156   
  1.327065   43.688330818112256  
  0.528379   43.68868672428412   
  1.048411   43.68993010401822   
  0.784489   43.69072754387036   
  0.596991   43.69081605798091   
  0.682266   43.69161187421441   
  1.608601   43.69328715700565   
  1.473344   43.69381485388941   
  1.693009   43.694780636012055  
  0.986458   43.695919252831395  
  0.872038   43.69626899674552   
  0.759265   43.69635638873332   
  0.675489   43.6965311199696    
  1.400003   43.69749088717105   
  1.499773   43.69749088717105   
  1.148552   43.706034660714344  
  0.480994   43.70705894062759   
  0.772449   43.71003269906575   
  1.22895    43.71028664770289   
  0.910632   43.71062501506079   
  0.658151   43.71172289182723   
  0.784461   43.712228669619535  
  1.530074   43.71231290868136   
  0.887616   43.713322504987026  
  1.711312   43.71692107316676   
  0.714703   43.71742083672237   
  0.442999   43.71783686748692   
  0.830831   43.71800316826701   
  0.87564    43.718833718303856  
  1.30066    43.718833718303856  
  0.78407    43.71933128698372   
  0.984747   43.720737977018416  
  1.622588   43.72123337001727   
  1.296721   43.722716167488485  
  1.695769   43.72615646617275   
  0.643463   43.726319612110764  
  1.410729   43.72680868252496   
  1.753147   43.72697158368287   
  0.994771   43.72729720280358   
  0.818591   43.72762257796913   
  1.255728   43.72843495097425   
  0.91249    43.72916478969276   
  1.235497   43.72973159528703   
  1.082952   43.73013600399668   
  0.719793   43.732232880220494  
  0.977531   43.732554579851424  
  1.818402   43.73359846096133   
  1.083091   43.733758835587196  
  0.93542    43.733839000697145  
  1.030637   43.73487980279262   
  1.238137   43.736794754924354  
  2.00269    43.73766962735663   
  1.28827    43.73893903120347   
  1.343638   43.73933496019607   
  1.214138   43.73949323078161   
  1.029003   43.741072772373315  
  1.185523   43.741545516776206  
  1.031092   43.74162425750381   
  1.21513    43.74162425750381   
  0.983228   43.74256803436614   
  1.923086   43.743196081448694  
  0.8245     43.746244871720194  
  1.49583    43.748265572668736  
  0.8583     43.74973631556905   
  0.99247    43.749813585292934  
  0.564224   43.75050839485134   
  0.843181   43.751510050270035  
  0.694871   43.75166394626098   
  1.096859   43.75388933145983   
  1.49753    43.75442478927725   
  1.300144   43.75526489141224   
  0.58298    43.75602721297343   
  0.649873   43.75656004300668   
  1.722043   43.75671216016477   
  0.19867    43.75709222011893   
  1.311338   43.75739602879302   
  0.584124   43.75769962508773   
  1.016014   43.75769962508773   
  1.223178   43.759214431234234  
  1.006708   43.76155198856417   
  1.655584   43.76192783842052   
  1.778087   43.76245348236354   
  1.289194   43.76327821101897   
  1.675169   43.76327821101897   
  0.737171   43.76529592969805   
  0.876954   43.76663588631026   
  1.203921   43.76671020726226   
  0.837214   43.766933093837274  
  1.210081   43.767230098110716  
  1.54862    43.76834205864453   
  1.217406   43.769525020171045  
  0.479845   43.77136697085778   
  1.085941   43.77385955237668   
  0.571224   43.77422490486891   
  1.182003   43.77728179167101   
  1.249347   43.7774268223893    
  1.026798   43.777571804691405  
  1.12906    43.7780064614235    
  1.487565   43.778513011738916  
  1.24275    43.77930782758358   
  0.571975   43.77959649125781   
  1.23245    43.78024528386535   
  0.534897   43.78024528386535   
  0.852095   43.78254428401001   
  2.176337   43.78326023287295   
  1.759977   43.78326023287295   
  1.03674    43.78340328112256   
  1.543397   43.784189205380954  
  1.505744   43.784617292632866  
  1.180988   43.786325434390065  
  1.279999   43.78675142214555   
  0.707356   43.786822379499185  
  1.30671    43.78767296468749   
  0.330721   43.78795612328392   
  0.747067   43.78915749191143   
  1.234313   43.78951020409025   
  1.419396   43.789933080931746  
  1.372716   43.79211140908716   
  1.429752   43.794836457814554  
  1.188513   43.7949061065168    
  1.543797   43.7977521286507    
  0.477243   43.79961620448149   
  1.010263   43.80078579032775   
  1.430904   43.800991861260165  
  1.65278    43.801266470489615  
  1.11519    43.80202075177197   
  0.932653   43.80202075177197   
  1.812166   43.802157753186954  
  0.929954   43.80413943233535   
  1.349037   43.80427576712909   
  1.147098   43.808210972924215  
  1.247336   43.80861603542699   
  1.178414   43.80861603542699   
  1.766498   43.80908813134634   
  1.330046   43.80969435871692   
  1.959232   43.80969435871692   
  1.708639   43.81063570027553   
  1.192943   43.81063570027553   
  1.054806   43.81224469680036   
  0.983273   43.81364769534689   
  1.378829   43.81371439188114   
  1.485754   43.813847754228846  
  0.828974   43.81604234092199   
  1.455863   43.81749926186775   
  1.084009   43.819214799882374  
  0.811142   43.82092358788131   
  1.197955   43.82314805981069   
  1.680046   43.823474229170294  
  1.815329   43.82477646247554   
  0.786155   43.827239999505636  
  2.28314    43.82795052830262   
  1.53369    43.828595456371694  
  1.938682   43.82872432713878   
  0.446037   43.82878874818495   
  0.607553   43.829239428141385  
  1.083556   43.830075166429744  
  1.883836   43.83058866868514   
  0.57263    43.83142181706502   
  2.050243   43.83231726992226   
  1.046643   43.833019547076525  
  1.807876   43.83327463929056   
  1.552279   43.83422990285167   
  1.90697    43.83467497446274   
  1.624322   43.835246539996305  
  1.513407   43.83531000086906   
  1.089859   43.83550032786731   
  1.977235   43.83581735429346   
  1.027689   43.83657727484064   
  0.953054   43.837777769553725  
  1.219869   43.83960372947083   
  1.04537    43.83979218444532   
  1.269296   43.840043330603486  
  1.108581   43.840733234611804  
  0.555404   43.841109084468144  
  1.860882   43.84135947045485   
  1.306846   43.84304581053456   
  1.428084   43.843979844478156  
  0.956823   43.84565605998354   
  0.906649   43.84627524241221   
  2.257827   43.846337112129795  
  0.917309   43.848065895403984  
  0.847894   43.84886621149477   
  1.038353   43.85327222402068   
  0.942111   43.854609638095795  
  1.195223   43.85479169405398   
  1.329593   43.855700830835424  
  0.9912     43.85793526471942   
  1.266743   43.85829652453388   
  1.298143   43.85913829729453   
  1.004809   43.86105624457687   
  1.384176   43.86207171937999   
  0.845316   43.86272752831797   
  0.995528   43.86362022027031   
  1.491137   43.86569605991607   
  1.220549   43.866523625532835  
  1.080185   43.866523625532835  
  1.07794    43.86658267706354   
  1.349751   43.86717275117864   
  1.151624   43.86758532654703   
  1.514358   43.86823286842246   
  1.420981   43.86858566655876   
  0.791772   43.86876195821204   
  1.380044   43.86911432697937   
  1.222516   43.86981820797932   
  1.028052   43.87151455870838   
  1.932095   43.87157293554587   
  0.362131   43.87163130453755   
  1.049501   43.87168966568551   
  0.742253   43.872156272748285  
  1.541724   43.87256414309064   
  0.927892   43.873204309277035  
  0.844236   43.874307833128036  
  1.285518   43.875177059814696  
  0.742225   43.87587119072736   
  1.280189   43.876448786878335  
  1.710758   43.87685264760134   
  1.24084    43.877659244111605  
  1.053635   43.87840688758099   
  1.532509   43.88024177589548   
  1.066864   43.88081359228078   
  0.96287    43.882125919770026  
  1.168311   43.88223984801881   
  1.575921   43.88263836169603   
  1.485147   43.88303651002767   
  1.476724   43.883207033352384  
  1.143363   43.883263859584964  
  1.441484   43.884172069523906  
  2.043765   43.88445549607048   
  0.773055   43.88456881491833   
  1.904476   43.88502179486229   
  0.729558   43.886208624167494  
  1.554564   43.88643431962893   
  1.663083   43.88671627411647   
  0.920065   43.887448500249945  
  1.495663   43.88784226510735   
  1.57077    43.8899176834362    
  2.799065   43.89047690896017   
  1.12957    43.890700397698865  
  0.984314   43.89259542282889   
  1.221832   43.89331781161611   
  1.071108   43.89342884177954   
  1.251484   43.89353984356465   
  1.751169   43.89398356721184   
  1.110576   43.895422546039406  
  1.377726   43.8983411657275    
  1.747465   43.899054067998165  
  1.888378   43.89982050242709   
  2.005168   43.90151280912993   
  1.720287   43.901567290028446  
  1.772229   43.902818468082245  
  1.606596   43.903578293663045  
  1.231831   43.90428265764562   
  1.37549    43.90531006211608   
  0.921024   43.907518846106626  
  1.04482    43.90768002424242   
  0.495858   43.908055874098764  
  0.856116   43.90816320005554   
  1.616865   43.90837777243239   
  2.295484   43.908431398966     
  1.335608   43.91057104848125   
  1.344598   43.91099771631063   
  0.659746   43.91158370098107   
  1.028446   43.9123814989188    
  1.599094   43.91254088279063   
  1.344834   43.913495959617116  
  1.491719   43.91360194972915   
  2.148283   43.913866811896234  
  0.46392    43.914924648205144  
  2.435673   43.91503029025915   
  1.068297   43.915558115411514  
  1.061272   43.91645394854992   
  1.023517   43.91666446454139   
  1.134424   43.91813522616635   
  1.243854   43.91829251275534   
  2.25172    43.92038424217835   
  2.022948   43.92054071650247   
  1.292763   43.92220627743901   
  1.35215    43.92236209678478   
  1.209744   43.92277734192879   
  1.152559   43.92308851544239   
  1.612174   43.9236584217933    
  1.172994   43.92711361193375   
  1.824169   43.92726768081088   
  1.400907   43.92731902495965   
  0.984463   43.927575654691104  
  1.054103   43.92783213286657   
  1.01621    43.92834463526486   
  0.988098   43.92916338320506   
  0.942095   43.92936782924009   
  1.288491   43.9295211006311    
  1.81746    43.93023565276628   
  1.3446     43.931305281421665  
  1.063171   43.93171206705675   
  0.838528   43.93232153198929   
  1.620698   43.93257522349829   
  1.423295   43.9334872878487    
  0.721876   43.93424588102307   
  1.672383   43.93626234190347   
  1.953698   43.93636291959774   
  1.747183   43.93666451300007   
  0.862822   43.937417581477135  
  0.919277   43.93786879656385   
  1.564819   43.93861978150267   
  1.257845   43.93931953107823   
  1.033085   43.939818662821374  
  1.198007   43.93996829055133   
  1.954033   43.94141204037354   
  0.815875   43.94265281169321   
  1.812347   43.94344504902502   
  1.213007   43.944877305963686  
  1.634004   43.945616279226726  
  1.089183   43.94787465489769   
  0.754548   43.95012134751137   
  1.556854   43.951580344903384  
  1.558241   43.9525502938982    
  1.542508   43.95274402401489   
  1.434701   43.95351808144499   
  0.540176   43.95404944676359   
  1.22928    43.95424250943932   
  1.652057   43.95482118305179   
  1.565658   43.95539908663926   
  1.09821    43.95588008622536   
  1.829043   43.957415714722664  
  2.351171   43.95875494986908   
  1.004692   43.95889819471077   
  0.649214   43.95913683117037   
  1.227886   43.960280464436636  
  0.84692    43.960423207077824  
  0.54609    43.96113621738722   
  1.27882    43.96113621738722   
  1.672641   43.962037686565004  
  1.550898   43.962606072924125  
  1.820477   43.96392942202655   
  1.250425   43.964872208637765  
  1.634128   43.96515464598692   
  1.121417   43.96553094362286   
  1.28139    43.966141732739025  
  0.763217   43.967407556597465  
  1.507854   43.97146140502458   
  1.34183    43.97215653585949   
  1.038999   43.97220283837906   
  1.81998    43.97298922685534   
  1.751489   43.97345114402493   
  1.423113   43.97400479689741   
  1.751489   43.97446563573724   
  1.472636   43.974511692737316  
  1.12137    43.97556965789365   
  1.118439   43.97602884009112   
  1.855228   43.97868256515694   
  0.695248   43.97881938673284   
  0.793336   43.97932069738202   
  1.567331   43.97977593272968   
  0.629494   43.98077577396262   
  1.162796   43.980821166644326  
  1.229095   43.98154680504523   
  1.585528   43.98362628712453   
  1.399853   43.98434725758586   
  1.688247   43.984482306402256  
  1.413383   43.98574074105007   
  2.292631   43.98636859357027   
  1.123826   43.98681650458553   
  1.044739   43.98717450108754   
  1.584944   43.98730867373118   
  1.334848   43.98775561673852   
  0.801173   43.988826407045266  
  0.723078   43.988826407045266  
  1.057343   43.98953880332049   
  2.037578   43.98976118771877   
  1.144718   43.99158045717433   
  1.558555   43.994273148973164  
  1.141705   43.994405146689154  
  1.260393   43.99716787144583   
  1.129087   43.997997636408     
  0.885322   43.998912904358775  
  1.251112   44.00130093302041   
  0.621785   44.0034605321095    
  0.998117   44.0034605321095    
  0.986686   44.00432137378263   
  0.968632   44.00432137378263   
  1.566852   44.00603795499731   
  1.387792   44.00603795499731   
  1.195417   44.00732095292274   
  1.817606   44.007747778000734  
  1.032566   44.009450895798686  
  1.6418     44.010299956639805  
  1.102299   44.01072386539177   
  2.031345   44.01199311465925   
  1.168319   44.01535975540921   
  1.915511   44.01535975540921   
  2.026755   44.01535975540921   
  1.1252     44.01535975540921   
  1.524211   44.01619735351243   
  1.418926   44.01745072951053   
  2.26107    44.01745072951053   
  1.829717   44.01745072951053   
  0.908244   44.01870049866624   
  1.892223   44.01870049866624   
  0.890085   44.019116290447066  
  1.182585   44.01994668167884   
  1.047563   44.0203612826477    
  1.386404   44.0203612826477    
  2.012239   44.02077548819355   
  1.19735    44.022428371185484  
  1.29976    44.02407498730742   
  1.737832   44.02407498730742   
  0.776433   44.02407498730742   
  1.182625   44.02530586526476   
  1.424929   44.02530586526476   
  1.575304   44.02530586526476   
  0.822121   44.02653326452329   
  0.981417   44.02653326452329   
  1.480492   44.027757204690545  
  2.528249   44.02816441942446   
  0.664425   44.02857125269253   
  1.281966   44.02978947083185   
  1.683197   44.03019478535675   
  1.917326   44.03019478535675   
  1.404657   44.03100428136353   
  1.242311   44.0330214446829    
  2.577266   44.033825693953304  
  1.577408   44.035029282202366  
  1.050186   44.03622954408629   
  1.317284   44.03622954408629   
  1.90938    44.036628895362156  
  1.240438   44.03702787975577   
  1.125732   44.037824750588335  
  0.687424   44.03822263836871   
  0.485565   44.03822263836871   
  2.02085    44.040206627574705  
  0.451886   44.040206627574705  
  1.298159   44.04099769242349   
  1.162108   44.041392685158215  
  0.861071   44.04178731897174   
  1.068566   44.042969073393174  
  1.060578   44.04336227802113   
  2.047752   44.04571405894086   
  1.438381   44.0468851908377    
  1.155907   44.04883008652834   
  1.733671   44.04883008652834   
  1.283277   44.049218022670175  
  1.411076   44.049218022670175  
  0.713719   44.049218022670175  
  1.200193   44.049218022670175  
  1.144906   44.049605612594966  
  1.434773   44.05076631123303   
  1.447665   44.051152522447374  
  1.378858   44.051152522447374  
  1.076736   44.05153839051532   
  1.143233   44.05230909964732   
  0.806456   44.05461305455688   
  0.778762   44.054995861529136  
  2.25564    44.055378331374996  
  0.983589   44.055378331374996  
  0.967633   44.05576046468773   
  1.340353   44.05614226205904   
  0.865565   44.05614226205904   
  1.445265   44.05652372407909   
  1.861221   44.05652372407909   
  1.450207   44.05728564441821   
  1.555003   44.05728564441821   
  0.946863   44.05728564441821   
  1.110502   44.058426024457     
  1.528523   44.0588054866759    
  1.318298   44.05956341790126   
  0.971295   44.05994188806195   
  1.604909   44.06107532362979   
  0.784873   44.062205808819705  
  1.733959   44.063708559391415  
  1.160218   44.06483221973857   
  0.316427   44.06557971472844   
  1.078233   44.06595298031386   
  1.294935   44.06632592536203   
  1.708355   44.06632592536203   
  1.505289   44.066698550422984  
  2.104965   44.066698550422984  
  0.92149    44.06707085604537   
  2.342406   44.067814511161835  
  1.398498   44.068556895072355  
  0.908817   44.068556895072355  
  0.569143   44.068556895072355  
  1.593265   44.07040732174011   
  1.642305   44.07077646284343   
  1.473645   44.07188200730612   
  2.243608   44.07188200730612   
  1.150005   44.07371835034612   
  0.996142   44.07408468902823   
  1.352047   44.07408468902823   
  1.631969   44.07408468902823   
  2.252492   44.07445071895458   
  1.857047   44.076640443670335  
  1.620271   44.07736790528415   
  1.324019   44.07845681805328   
  0.801564   44.07881918309884   
  1.328944   44.07881918309884   
  1.834654   44.079904467666715  
  2.327757   44.08134730780413   
  1.534055   44.08350261983026   
  1.227402   44.084218686739234  
  1.110255   44.084218686739234  
  1.604513   44.084218686739234  
  1.477122   44.084576277934325  
  2.943688   44.084933574936706  
  1.621766   44.08529057823006   
  2.179574   44.08564728829685   
  1.721249   44.086003705618374  
  0.803784   44.086003705618374  
  0.950563   44.08671566394487   
  1.386555   44.08671566394487   
  1.680885   44.08671566394487   
  1.611158   44.08707120590653   
  1.64476    44.08707120590653   
  1.298852   44.08707120590653   
  1.431988   44.08919836680514   
  1.745128   44.08955188288645   
  1.837741   44.08990511143939   
  0.792484   44.090610707828404  
  1.742929   44.09131515969721   
  1.246228   44.09201847075279   
  2.23688    44.09342168516223   
  1.83505    44.09342168516223   
  2.332025   44.093771781498724  
  1.809476   44.0948203803548    
  1.688386   44.09829753649469   
  1.372091   44.098643725817055  
  1.163711   44.100370545117556  
  2.32315    44.10140335055532   
  1.225669   44.101747073946356  
  1.511053   44.101747073946356  
  1.772043   44.10209052551183   
  1.78802    44.10209052551183   
  1.022607   44.10209052551183   
  1.757244   44.10277661488344   
  2.140244   44.10482840365365   
  1.281115   44.10482840365365   
  1.653905   44.10585067438514   
  1.772938   44.10585067438514   
  1.645207   44.106870544478646  
  1.746721   44.10754912974468   
  2.998721   44.10754912974468   
  1.587794   44.1102529173534    
  1.151689   44.11226976841726   
  1.024984   44.11260500153457   
  1.431305   44.11293997608407   
  1.386713   44.113274692464344  
  2.029527   44.113943352306826  
  1.156008   44.114277296561575  
  1.428335   44.114277296561575  
  2.548193   44.1156105116743    
  1.80253    44.11594317693905   
  1.8578     44.11627558758054   
  1.130556   44.11693964655075   
  1.905566   44.11693964655075   
  0.826979   44.118595365223754  
  1.147049   44.118595365223754  
  1.730957   44.11892575282577   
  0.514394   44.11925588927793   
  2.183419   44.11991541025798   
  1.530593   44.120244795546355  
  3.137276   44.121887985103676  
  1.705932   44.12385164096708   
  1.752762   44.12385164096708   
  1.196461   44.12417805547467   
  1.85781    44.12483014941385   
  2.512982   44.125481265700586  
  2.800229   44.12580645813952   
  1.744502   44.126780577012006  
  1.764905   44.126780577012006  
  1.229535   44.127104798364805  
  1.186246   44.1283992687178    
  1.380378   44.12904505988795   
  1.18186    44.129367595722975  
  1.087072   44.1300119496719    
  1.621502   44.130333768495     
  1.420992   44.13097669160561   
  0.770036   44.13225968953104   
  1.688758   44.132579847659734  
  1.174914   44.13353890837021   
  2.289839   44.13417710757676   
  1.52697    44.134495855834665  
  1.427618   44.134495855834665  
  1.420805   44.135450699345505  
  2.141605   44.135450699345505  
  2.24116    44.135768514567815  
  1.36864    44.136086097384094  
  1.224532   44.13640344813398   
  2.171034   44.13767053723675   
  2.344226   44.13830269816627   
  1.406924   44.13830269816627   
  1.645024   44.13861843389948   
  1.861324   44.140193678578626  
  0.745029   44.140508043038174  
  1.301298   44.14113609012073   
  2.159465   44.14238946611883   
  2.049932   44.143014800254086  
  2.125342   44.14332712999204   
  1.685048   44.143639235274534  
  1.955805   44.14488541828713   
  1.659358   44.14488541828713   
  2.227911   44.146748013630635  
  1.443068   44.14705767102836   
  2.091125   44.14767632424109   
  1.396763   44.14829409743474   
  1.286822   44.14983469671578   
  1.642      44.150449409460876  
  1.816285   44.151982395457466  
  1.94518    44.15259407792746   
  1.811738   44.15350998930083   
  1.574034   44.153814864344525  
  1.825147   44.15411952551584   
  1.181525   44.15472820744015   
  1.78843    44.155336037465055  
  2.341054   44.15563963375977   
  1.456927   44.15563963375977   
  1.783539   44.15594301797183   
  1.86318    44.15624619039733   
  1.325545   44.15745676813422   
  2.504686   44.16106838547117   
  1.329223   44.161368002234966  
  1.465864   44.16256440652301   
  1.228565   44.162862993321916  
  1.279388   44.16405529189344   
  1.864333   44.16435285578443   
  1.417508   44.164650215934294  
  0.557936   44.166133970305104  
  1.474293   44.16761267272752   
  1.507307   44.16790781000147   
  1.659947   44.16790781000147   
  1.679088   44.169968173996885  
  1.329064   44.17026171539495   
  1.455294   44.17172645365322   
  0.812738   44.17172645365322   
  2.167953   44.17172645365322   
  1.618559   44.17172645365322   
  2.253764   44.17201880942455   
  1.54637    44.17289469775217   
  2.026301   44.17376882313665   
  0.706172   44.17376882313665   
  2.213796   44.17405980772502   
  1.149619   44.174350597479375  
  1.882779   44.174931593528434  
  1.170039   44.175221800343046  
  2.042196   44.175221800343046  
  2.281439   44.17840134153375   
  1.355772   44.17897694729316   
  2.073898   44.17926446433902   
  0.792171   44.17983892802318   
  1.770325   44.17983892802318   
  1.233197   44.18041263283832   
  1.205591   44.18155777386278   
  1.155153   44.18184358794476   
  2.308604   44.18298496700358   
  1.065364   44.183839037056416  
  2.774742   44.183839037056416  
  0.97807    44.184407485412315  
  1.609853   44.18554215485437   
  1.772184   44.1861083798132    
  2.230945   44.1861083798132    
  1.608411   44.1869563354654    
  1.237924   44.18752072083646   
  1.56531    44.18892848376085   
  1.172361   44.189209489582296  
  2.14835    44.1900514177592    
  1.352862   44.1900514177592    
  1.479234   44.19089171692217   
  1.075733   44.19173039336285   
  0.980484   44.19256745333654   
  1.853876   44.19312459835446   
  1.841139   44.193402903062406  
  1.580547   44.195068996468585  
  1.186287   44.19534605834841   
  1.346192   44.196728722623284  
  2.426097   44.19865708695441   
  0.647818   44.19865708695441   
  2.043511   44.1989318699322    
  1.150207   44.19920647916165   
  1.626013   44.19920647916165   
  1.781898   44.19920647916165   
  1.70458    44.20030318298158   
  1.398811   44.20167017964658   
  1.970236   44.20194306340164   
  2.077044   44.20221577580113   
  2.295682   44.20248831706009   
  1.466608   44.20248831706009   
  2.014865   44.20439133191929   
  1.74082    44.20466251174821   
  1.053108   44.20466251174821   
  1.389422   44.20466251174821   
  3.304618   44.20601587676334   
  1.488134   44.20601587676334   
  1.579541   44.20736503746907   
  1.419409   44.21005084987513   
  2.053676   44.212986184736664  
  1.251357   44.21404867941193   
  1.627954   44.214578953570495  
  0.902996   44.21510858105309   
  2.028654   44.21590181320402   
  1.925782   44.21669359916975   
  0.793306   44.21695720736109   
  1.883606   44.217747073262785  
  1.576258   44.21827285357144   
  1.79319    44.219060332448855  
  1.93027    44.21932250841933   
  2.21773    44.21984638602435   
  2.532427   44.22036963245139   
  1.10041    44.221674997070764  
  2.886884   44.221935599827994  
  1.913259   44.22245633667924   
  2.04363    44.22297644989339   
  1.801372   44.223495940962394  
  2.005372   44.22375545365723   
  1.462896   44.22375545365723   
  1.597765   44.22427401429425   
  2.478474   44.22788670461367   
  2.202836   44.22942584792069   
  2.073515   44.22993768590793   
  2.263035   44.231214647962595  
  2.002624   44.231214647962595  
  1.116982   44.231214647962595  
  1.652098   44.23451728351268   
  2.048075   44.23502315949521   
  1.265596   44.23578087032755   
  2.064059   44.236033147117624  
  1.591446   44.236789099409286  
  1.626097   44.23704079137919   
  1.756455   44.23754373814287   
  1.850753   44.239299479126885  
  1.201446   44.239299479126885  
  2.586888   44.23979981844709   
  1.229667   44.240299582002706  
  1.578237   44.240798771117326  
  1.40066    44.24154648059654   
  1.597397   44.24204423936954   
  1.819292   44.242789809478666  
  2.516558   44.242789809478666  
  1.19972    44.24328614608344   
  1.41843    44.24427712080183   
  2.41259    44.246498580795794  
  1.226783   44.24699069924154   
  1.441244   44.247973266361804  
  2.879118   44.248463717551026  
  1.916402   44.248708735600914  
  1.610964   44.2489536154957    
  1.69831    44.24919835739111   
  1.697242   44.24993175663419   
  1.29573    44.24993175663419   
  1.911664   44.24993175663419   
  2.103412   44.25163822044821   
  1.181639   44.251881454552525  
  1.399032   44.251881454552525  
  1.743042   44.25406445291433   
  1.751312   44.2547896873972    
  2.001595   44.25503116334554   
  2.48365    44.2552725051033    
  1.015404   44.2552725051033    
  1.69226    44.25551371281953   
  2.488994   44.25599572672239   
  1.161486   44.25599572672239   
  1.330004   44.25647720624167   
  1.850882   44.25647720624167   
  3.490487   44.25719842613934   
  1.632935   44.25767857486918   
  2.304917   44.25863728272407   
  0.995633   44.25911584418506   
  1.294377   44.26221370547641   
  1.485744   44.262925469331826  
  2.190977   44.26316246496221   
  2.272589   44.2641091563058    
  1.057747   44.26481782300953   
  0.884945   44.2657609167176    
  2.557963   44.26670196688408   
  2.022641   44.2674064187529    
  1.978515   44.26810972980847   
  1.764506   44.26834391395106   
  2.269798   44.26857797188284   
  2.239231   44.26857797188284   
  1.278968   44.26951294421791   
  3.399233   44.26974637313076   
  1.451274   44.26997967664532   
  1.442915   44.270212854896236  
  0.883523   44.2706788361447    
  2.158081   44.27114431794907   
  3.290739   44.271609301378824  
  2.648161   44.27184160653649   
  1.32183    44.27461961909123   
  2.849462   44.27577190016492   
  1.373021   44.27623195792182   
  1.839161   44.27646180417324   
  2.252238   44.276691528845035  
  2.434369   44.27737997466725   
  1.115013   44.27806733088865   
  1.28456    44.27806733088865   
  2.381393   44.278982116865436  
  1.286705   44.28194193344082   
  1.625865   44.28216877830464   
  0.788475   44.28397928423847   
  2.167011   44.284656282788504  
  1.784017   44.2851070295668    
  0.905198   44.2851070295668    
  2.37716    44.285557309007764  
  2.934397   44.285557309007764  
  2.273805   44.28578227377938   
  1.118175   44.28600712207947   
  1.584384   44.28802553538836   
  1.002974   44.28958895254259   
  1.428103   44.28981183911762   
  2.455855   44.29025726939451   
  2.479429   44.29203443599473   
  1.4541     44.29225607135647   
  2.379326   44.29225607135647   
  1.342121   44.292477593667776  
  0.633997   44.2929202996       
  1.225346   44.2929202996       
  1.924145   44.293141483450924  
  1.280949   44.294906910605185  
  1.353594   44.294906910605185  
  1.347944   44.29534714833361   
  1.333874   44.2957869402516    
  1.311969   44.29710365014925   
  1.503703   44.29710365014925   
  2.128401   44.29754166781816   
  1.935744   44.298197867109806  
  1.721677   44.29863478312443   
  2.43194    44.29928933408767   
  2.230372   44.29950729870048   
  2.160889   44.301029995663974  
  0.692353   44.30168094929357   
  2.745796   44.30168094929357   
  1.477255   44.30233092868439   
  1.693622   44.30427505047712   
  2.559251   44.30449052777348   
  2.167352   44.30535136944662   
  1.778302   44.30642502755068   
  1.392279   44.306853748693     
  2.422361   44.308350948586714  
  2.289429   44.30899102900016   
  1.998011   44.3092041796704    
  1.267582   44.309630167425894  
  2.34325    44.31026836663244   
  1.82293    44.31132995230379   
  1.096354   44.311541958401186  
  1.506326   44.31260043926125   
  2.037433   44.31386722036915   
  2.260741   44.31428866094749   
  1.227096   44.31428866094749   
  1.293229   44.314499227973144  
  1.922441   44.31576049066573   
  1.147757   44.317645543221154  
  1.651352   44.31848072517451   
  1.940338   44.319314304090504  
  2.271597   44.319938439980305  
  1.998681   44.32014628611105   
  1.883916   44.320561680195226  
  0.865688   44.32118402730231   
  1.655101   44.32201243858239   
  1.666469   44.32242605240595   
  2.353858   44.32325210017168   
  1.49578    44.325310371711055  
  1.821201   44.32592595577146   
  1.051923   44.32715451240942   
  1.246362   44.329194415088445  
  1.42794    44.32960124835651   
  1.826635   44.33021078457152   
  2.647395   44.33102217104182   
  2.614499   44.332640410387455  
  2.89912    44.33385014510254   
  2.16217    44.334453751150924  
  2.037275   44.335056519439085  
  0.765298   44.335257256434524  
  2.29686    44.335257256434524  
  1.414086   44.33585891131981   
  1.670052   44.33725953975027   
  1.245551   44.33745926129065   
  2.463088   44.338456493604596  
  2.442382   44.33925263403269   
  1.301091   44.33984878303763   
  2.306698   44.34103863167751   
  2.593681   44.34143452457813   
  2.015254   44.341632335778044  
  2.265382   44.34202768808747   
  2.084471   44.34281731463573   
  1.040898   44.34419571587143   
  2.076541   44.34439227368511   
  2.67536    44.34478512263266   
  1.755113   44.34498141392725   
  2.752676   44.345569756056385  
  3.671916   44.346157302232     
  2.183254   44.348304863048156  
  0.98038    44.34869419026553   
  1.75119    44.34927752746795   
  0.984219   44.34947179921438   
  1.52192    44.34947179921438   
  1.559191   44.35063560825895   
  1.403634   44.35063560825895   
  0.64963    44.351796306897015  
  1.944101   44.35198945543563   
  0.842959   44.352375495000516  
  2.74893    44.35430056234535   
  2.28731    44.35449260058943   
  0.971624   44.356599435724966  
  1.839774   44.35679046035171   
  1.58048    44.35717225772303   
  2.69594    44.35888620440586   
  2.17109    44.36059341356524   
  1.882316   44.36191661866864   
  1.640298   44.364738555055396  
  2.7035     44.365300748637985  
  1.69622    44.36754227352057   
  2.112983   44.36791473879374   
  2.286565   44.36828688490212   
  1.869647   44.369401413696615  
  2.159234   44.3701428470511    
  1.894994   44.37051308959858   
  1.529852   44.371621927176015  
  1.233797   44.37235958252432   
  1.115545   44.374381698050875  
  1.775326   44.37456506072276   
  1.767476   44.37493155397818   
  1.809936   44.375846436309146  
  3.074621   44.375846436309146  
  1.938466   44.37639444203726   
  1.034555   44.377488383376125  
  1.406016   44.37894269861343   
  1.352733   44.37930551775057   
  1.257128   44.37966803403364   
  2.01876    44.380030247967824  
  1.323845   44.381295623003815  
  1.586401   44.38147609027502   
  2.043362   44.38183679999833   
  2.221092   44.38183679999833   
  2.788133   44.38183679999833   
  1.652387   44.382377303468104  
  2.307099   44.38273726576133   
  2.370162   44.38399478944172   
  2.316542   44.38489079653055   
  2.40855    44.38524868240321   
  2.581732   44.385784958843324  
  2.273142   44.38596357060069   
  1.651196   44.38774565960886   
  2.437647   44.38934331125208   
  1.984888   44.390228362469124  
  2.5798     44.39075852873871   
  1.624806   44.39269695325966   
  2.103555   44.39602489660859   
  1.061033   44.39602489660859   
  0.962376   44.397244581010376  
  1.48802    44.39794000867203   
  0.826819   44.39932753215867   
  1.319884   44.402433346219304  
  1.592062   44.40500466505036   
  2.060243   44.40517554621798   
  1.924624   44.40551710697637   
  2.296033   44.40823996531184   
  2.016132   44.40840957846842   
  3.118492   44.40840957846842   
  1.388124   44.41010207664286   
  1.703195   44.4119562379304    
  1.943248   44.41212440617331   
  1.438099   44.41363499719855   
  2.101516   44.413802516769344  
  0.999042   44.41713940972732   
  1.33141    44.41846702094659   
  2.397726   44.418632687354055  
  1.468664   44.42028588494191   
  1.65694    44.42045085910606   
  1.773187   44.42094540592196   
  2.233592   44.42143939022004   
  1.971561   44.423081958297225  
  2.057061   44.42340972773309   
  1.81891    44.424718337331555  
  1.402484   44.424718337331555  
  1.163302   44.42488163663106   
  2.017665   44.4268364538035    
  1.644553   44.4268364538035    
  1.420927   44.42781057267599   
  2.20862    44.42845877351557   
  2.457079   44.42845877351557   
  1.345277   44.42926766643316   
  1.429782   44.433929765608454  
  2.239268   44.433929765608454  
  1.663239   44.43632170013972   
  2.541589   44.436798510231796  
  1.160665   44.43695733066944   
  2.596536   44.43885865942055   
  1.614822   44.439806211393325  
  1.829448   44.44059426183983   
  2.025914   44.44059426183983   
  2.1492     44.441538038702156  
  1.585284   44.44294986957786   
  1.12549    44.443106456737254  
  1.229712   44.44326298745869   
  1.782437   44.44341946178281   
  2.329314   44.44357587975025   
  2.613394   44.44544851426604   
  1.853735   44.446226401778155  
  1.77944    44.446537167073636  
  1.708949   44.4468477101558    
  1.728363   44.44793286559217   
  1.341408   44.44839710345776   
  1.58466    44.45101845215545   
  3.658063   44.45147940512486   
  0.890972   44.45209324901773   
  3.379263   44.45438746714695   
  1.885421   44.454997217309455  
  1.568687   44.45514952117983   
  1.31144    44.45727618606132   
  2.048092   44.457579146995755  
  2.416467   44.459392487759224  
  1.419508   44.46044678388071   
  2.071126   44.460597188897594  
  1.686138   44.46239799789895   
  2.018561   44.462547728802654  
  2.050217   44.463146136726344  
  1.942544   44.46359440218699   
  1.249769   44.465234094988006  
  1.852496   44.467015818438426  
  2.470683   44.4681995860726    
  2.656138   44.46834733041215   
  3.034149   44.468495024507064  
  2.38136    44.47202469770027   
  1.644897   44.47334096418593   
  1.795802   44.47523522260412   
  1.898377   44.476106716840185  
  2.435083   44.476106716840185  
  2.14671    44.47813342810051   
  1.422325   44.480294460003     
  2.342873   44.480438147177814  
  2.322289   44.48072537898848   
  1.969288   44.48072537898848   
  0.971688   44.481585936367615  
  1.635353   44.48187241031066   
  2.341516   44.484584529282834  
  2.271553   44.485721426481575  
  2.565964   44.486005186362235  
  2.418338   44.48671377598248   
  2.0925     44.48685535527694   
  1.616507   44.48727981644306   
  2.047973   44.48756256025637   
  2.284607   44.48995847942483   
  2.405667   44.49108141342318   
  1.256702   44.49206160451259   
  2.009483   44.49220145139253   
  2.03731    44.49234125325497   
  1.604321   44.492900011108695  
  1.537545   44.49317912068251   
  2.755549   44.49401537475714   
  2.096005   44.49485002168009   
  0.975059   44.4959603948817    
  2.246842   44.496929648073205  
  1.950642   44.49748253736736   
  1.446147   44.49789674291321   
  1.673101   44.498310553789594  
  1.80568    44.498448403173995  
  2.283259   44.49858620881751   
  0.830855   44.49899936358015   
  1.612296   44.500648063371905  
  1.564574   44.50215389287135   
  2.301084   44.50270017531056   
  2.577403   44.502973059065624  
  2.543455   44.503109436671366  
  1.43125    44.50351831272407   
  1.979474   44.50447086249441   
  1.928628   44.50839503313305   
  2.840473   44.509202522331094  
  2.096792   44.510679031032204  
  2.138815   44.51121470113638   
  1.173806   44.51121470113638   
  1.922919   44.513350798805945  
  1.816182   44.51361707378787   
  1.576529   44.51481329499928   
  1.565284   44.51600623038604   
  2.504491   44.51613857671707   
  1.758883   44.51613857671707   
  2.074142   44.51917146382165   
  1.478312   44.51930284923542   
  1.288125   44.520090328112836  
  3.091393   44.52087638168833   
  1.224427   44.521661015112066  
  1.957507   44.52439612210384   
  1.679608   44.52452593662637   
  2.594747   44.524785449321215  
  0.953588   44.52659770910344   
  1.920153   44.52672686731463   
  2.241454   44.52672686731463   
  3.181677   44.52672686731463   
  2.906056   44.52762990087133   
  3.065952   44.529301997787975  
  1.914449   44.52981519664463   
  2.153586   44.530327789778084  
  0.723197   44.53096768157191   
  1.621165   44.5318619490958    
  2.803777   44.532244643626576  
  2.333895   44.53351786201696   
  1.439734   44.534153074185056  
  2.307148   44.53643217582201   
  1.233584   44.53706314278161   
  2.099834   44.53807078704316   
  2.778265   44.540579716504446  
  2.098891   44.5418287667813    
  2.837048   44.54369563230924   
  1.224921   44.545678149792025  
  2.134604   44.54814363743484   
  1.69474    44.54863505981474   
  1.655657   44.55059520748932   
  1.046985   44.55083960506578   
  2.55626    44.55096175229817   
  1.797338   44.55132798800384   
  1.660631   44.55230310933835   
  3.396436   44.55364033623135   
  2.983288   44.554004321011895  
  3.058218   44.554125581513006  
  1.664869   44.55448916000381   
  1.930239   44.55762748842682   
  2.19107    44.560623874549925  
  1.737756   44.5633624094866    
  1.803022   44.563836918664535  
  2.651153   44.56726169235387   
  2.426528   44.56796690682315   
  2.163697   44.56960796754682   
  2.058024   44.570893036218386  
  2.582322   44.574147064150715  
  1.414824   44.58058287681436   
  1.657382   44.581266805273664  
  2.645673   44.583878598498615  
  1.550824   44.58399179919831   
  3.767722   44.58444430716517   
  1.291624   44.58455736052567   
  2.23909    44.5854607295085    
  1.606013   44.58860780474268   
  2.876308   44.58871977960005   
  2.146519   44.58961454063126   
  1.843353   44.59039594718401   
  3.033562   44.591064607026496  
  1.536569   44.591064607026496  
  3.089821   44.59262082132198   
  2.330945   44.59306443165871   
  2.054389   44.59350758933176   
  2.170571   44.5937289987079    
  1.844224   44.5942820288118    
  1.957238   44.594392550375424  
  1.908811   44.594723946409744  
  2.852658   44.59527571180209   
  1.915373   44.59604700754544   
  2.125677   44.59703666497765   
  3.298719   44.59736605026602   
  2.971456   44.59747578987037   
  1.811301   44.59791447120252   
  1.505296   44.598352709869275  
  2.269282   44.59889988706388   
  1.766215   44.59933713299248   
  1.94403    44.60031932975165   
  2.453631   44.60097289568674   
  2.153893   44.60097289568674   
  2.253059   44.601516783650005  
  2.508327   44.60162547955394   
  2.749215   44.60216855137899   
  2.261314   44.605305046141105  
  2.159886   44.60670374133367   
  1.683432   44.60745502321466   
  1.077146   44.60788374435698   
  2.821311   44.60841905131728   
  2.310637   44.608846822326406  
  2.929697   44.60895369927586   
  1.642386   44.60959440922522   
  2.226174   44.612465963953134  
  2.204579   44.61405310598721   
  2.551716   44.61510798744319   
  3.211939   44.61573968861915   
  2.340235   44.617943434828966  
  2.088256   44.61888448499545   
  1.468962   44.62117628177503   
  1.859043   44.62459145912684   
  2.41194    44.6262376851469    
  1.602506   44.62849110496712   
  0.877965   44.62879748556671   
  2.955964   44.6288995644206    
  1.286201   44.63052957142682   
  2.422865   44.63083451782804   
  2.044648   44.63296316816725   
  2.97645    44.634275694625934  
  1.811218   44.634980800051224  
  3.509965   44.63618689519872   
  3.083456   44.636688447953276  
  2.245763   44.63708927353032   
  2.386312   44.63798978078468   
  1.6039     44.63938686901768   
  0.999004   44.63958608667342   
  3.039963   44.64018319192133   
  2.416147   44.64077947734485   
  0.874374   44.64236558084497   
  2.803681   44.64335396197686   
  2.761304   44.64689362416774   
  1.916322   44.647676313240865  
  1.421046   44.648847708372884  
  2.826017   44.64914006414421   
  3.205872   44.65098709438344   
  3.38114    44.654946226584336  
  1.620631   44.656194062179175  
  1.490419   44.65829765030818   
  1.544954   44.659155280940624  
  2.485163   44.659916200069844  
  1.926714   44.66200187938991   
  2.81262    44.66341821225267   
  2.253849   44.66388929862265   
  1.847464   44.665299499499895  
  2.48498    44.67015304519217   
  3.116473   44.67209785793571   
  1.639129   44.67292869044272   
  1.387355   44.67394199863408   
  1.787279   44.67559505638674   
  2.39413    44.681060243631805  
  2.085986   44.681150749932414  
  2.926921   44.681150749932414  
  2.05774    44.683137131483     
  2.284605   44.68601029131528   
  2.3032     44.68618923424402   
  1.930936   44.6878855248487    
  2.505793   44.68886456805478   
  2.090265   44.69063901171596   
  1.57626    44.69205336503407   
  1.90542    44.69240623483362   
  2.81488    44.693199145153706  
  2.444625   44.69372694892364   
  2.038771   44.69469292633148   
  0.714499   44.695394108291104  
  1.39704    44.695656759936185  
  1.244536   44.69731654173238   
  1.533294   44.698187569866114  
  1.699953   44.698361566055105  
  1.753934   44.698535492561994  
  1.957193   44.69914368739448   
  3.378366   44.70035752782265   
  2.221217   44.70363523758389   
  3.089211   44.70637635583969   
  2.708259   44.70697367617617   
  1.791729   44.70705894062759   
  2.756221   44.70757017609793   
  2.324506   44.70825088859137   
  2.08532    44.70867579272653   
  2.288814   44.711891549880576  
  3.27652    44.71264970162721   
  3.846617   44.71281800020785   
  1.16447    44.71357453777206   
  2.733544   44.71466499286253   
  2.207505   44.71750407476419   
  2.509884   44.71908257390148   
  2.329081   44.71924839844794   
  2.275544   44.71982828625433   
  2.171934   44.72098574415373   
  2.421537   44.72189301621495   
  1.380391   44.72329144647758   
  1.119992   44.724521627118556  
  2.427784   44.72542155007425   
  3.03547    44.72558497227068   
  3.838894   44.72884056833997   
  3.866216   44.72981250716093   
  1.498333   44.73150818359602   
  3.28341    44.73271534034999   
  3.215303   44.7353593330017    
  2.500534   44.73623709890472   
  4.014011   44.73917663191072   
  2.568549   44.7435881501599    
  1.671368   44.74460587541423   
  1.788399   44.748575616930985  
  1.426178   44.751817787736876  
  2.921074   44.75220215317651   
  1.933792   44.75289315488459   
  2.036208   44.755188585608316  
  0.760591   44.75579865697382   
  2.395069   44.75663610824584   
  3.863198   44.757547853469234  
  2.726748   44.76507220110278   
  2.76382    44.76782349800751   
  1.386621   44.76841608821633   
  1.670705   44.77202816532485   
  2.101796   44.773567048926054  
  1.119876   44.77720925814568   
  2.339672   44.778585327862956  
  1.246083   44.78002912733733   
  2.405457   44.78103693862112   
  1.627059   44.784403301753     
  2.071513   44.78540102499238   
  1.811566   44.785614524946816  
  1.371016   44.7880268840958    
  2.707415   44.79560197989417   
  1.574273   44.80195223485428   
  2.159715   44.803934849863836  
  1.996192   44.80468451490693   
  3.21117    44.81264601623311   
  3.260506   44.818555779297796  
  3.619223   44.81947812836212   
  1.604427   44.822233480238836  
  2.020405   44.82334379082064   
  1.803706   44.82484147175369   
  2.342053   44.82872432713879   
  2.02343    44.829818187438875  
  1.950547   44.832125542534     
  2.635115   44.835500327867315  
  2.617363   44.84366872297914   
  2.675883   44.84639897303467   
  2.642636   44.84978782423768   
  2.232737   44.851625203153304  
  2.456388   44.851930678640265  
  1.654677   44.854973673726406  
  3.213966   44.85654764485674   
  3.675149   44.86051767746174   
  3.197731   44.861116044161385  
  1.842441   44.86278709823534   
  2.318671   44.86308482532035   
  2.229748   44.86391737695786   
  3.714833   44.864689034136845  
  2.322134   44.866759783495105  
  2.451639   44.86829168801785   
  2.328379   44.86835049964796   
  1.86399    44.872156272748285  
  1.174766   44.8728552447048    
  1.260581   44.87731374331223   
  2.020328   44.87823446867504   
  2.206129   44.87915324618424   
  3.715184   44.88235374638871   
  2.419534   44.883491090188926  
  1.939985   44.883888457888474  
  1.875799   44.88609573243774   
  1.092458   44.889133555966716  
  2.101417   44.89142594284799   
  1.368693   44.894537584995746  
  3.875439   44.90476962590659   
  1.330181   44.90498588109936   
  1.67576    44.90827049949572   
  2.647068   44.909449046981265  
  2.352924   44.90971645323434   
  1.198369   44.914924648205144  
  1.76393    44.918868743380976  
  2.316342   44.927164974299366  
  3.33442    44.92778084934737   
  2.776229   44.93064344104216   
  2.536714   44.930949031167515  
  1.571396   44.93686545897561   
  2.823703   44.939818662821374  
  2.300851   44.94061608233741   
  2.600424   44.9425536803342    
  2.060695   44.9519685844929    
  1.74277    44.953856298224984  
  2.108474   44.964778022022365  
  1.687427   44.965154645986914  
  2.669213   44.9736357734174    
  2.041979   44.9832202146481    
  1.924767   44.98650301538673   
  2.213903   44.988558956878606  
  2.220811   44.99082705056747   
  3.000975   45.002597980719905  
  2.651718   45.009450895798686  
  4.065482   45.02201573981771   
  2.915547   45.0232524596337    
  2.601699   45.02530586526476   
  2.187037   45.03542973818454   
  3.19837    45.03542973818454   
  1.083014   45.03941411917613   
  2.327165   45.04099769242348   
  4.565838   45.0464951643347    
  2.049712   45.048441803550396  
  2.117667   45.048441803550396  
  2.009291   45.049992856920134  
  2.190153   45.051152522447374  
  4.270267   45.0519239160461    
  2.656314   45.063333358951745  
  2.567048   45.06707085604536   
  1.782625   45.079543007402904  
  1.903087   45.10448711131239   
  1.703967   45.10653085382238   
  0.780402   45.11226976841726   
  2.710069   45.11826472608947   
  1.951961   45.13893394025692   
  2.915268   45.1392492175716    
  2.427785   45.15956719323361   
  2.300567   45.1696744340588    
  3.229911   45.182414652434545  
  2.037512   45.212453961040275  
  5.01118    45.2211533219547    
  3.173735   45.23653726148869   
  4.355304   45.24968742780529   
  1.871      45.26787541931889   
  1.130977   45.28914283593233   
  4.544108   45.30449052777348   
  1.88735    45.473778834646716  
  3.985437   45.477410687907245  
  2.764896   45.4814426285023    
  2.293228   45.5715923833613    
  3.865332   45.57275546515421   
