 406 51900 44 0.106452400 
 1185 52642 525 0.221000000 
 420 51871 314 0.039073100 
 2776 54554 409 0.070700000 
 2790 54555 469 0.114277900 
 3821 55535 174 0.322054900 
 1742 53053 529 0.138000000 
 795 52378 528 0.561000000 
 1790 53876 154 0.104075200 
 833 52314 264 0.174000000 
 7582 56960 578 0.307366970 
 785 52339 46 0.293300000 
 2016 53799 86 0.194674100 
 423 51821 250 0.684738900 
 4227 55481 928 0.613000000 
 1847 54176 630 0.447300000 
 7649 57574 556 0.234524300 
 1012 52649 74 0.102996500 
 2223 53793 256 0.111676800 
 5365 55945 696 0.375206700 
 5878 56033 168 1.040944000 
 1790 53876 564 0.118804400 
 1984 53433 609 0.179000000 
 9624 57814 668 0.538542500 
 1463 53063 21 0.395000000 
 2490 54179 9 0.195496200 
 2093 53818 618 0.120092200 
 749 52226 117 0.251000000 
 8376 57786 679 0.300000000 
 9224 57933 692 0.145000000 
 10268 58487 560 0.167000000 
 956 52401 498 0.422000000 
 7301 56746 564 0.124527400 
 1374 53083 281 0.177000000 
 2006 53476 29 0.212000000 
 1377 53050 554 0.160000000 
 1165 52703 448 0.108546800 
 6813 56419 786 0.219000000 
 2006 53476 618 0.186000000 
 8406 57513 653 0.275659470 
 11295 58456 891 0.621397300 
 2783 54524 242 0.061862900 
 1642 53115 262 0.429768800 
 583 52055 527 0.126000000 
 2207 53558 583 0.355200000 
 773 52376 353 0.080341530 
 772 52375 605 0.155494800 
 8824 58162 240 0.473000000 
 6696 56398 931 0.434531000 
 2025 53431 292 0.081572060 
 769 54530 99 0.116000000 
 906 52368 505 0.314000000 
 8823 57446 286 0.273000000 
 2375 53770 427 0.129545300 
 9569 57837 116 0.827286500 
 2090 53463 87 0.160000000 
 1999 53503 589 0.298993100 
 9234 58037 837 0.772000000 
 331 52368 121 0.020000000 
 654 52146 481 0.795000000 
 1701 53142 200 0.126000000 
 2123 53793 436 0.164434800 
 2766 54242 72 0.082710350 
 2794 54537 483 0.130100000 
 1572 53177 478 0.059000000 
 1876 54464 491 0.115822100 
 564 52224 322 0.061000000 
 2290 53727 578 0.033106394 
 1951 53389 349 0.143000000 
 8854 57450 141 0.393940450 
 7106 56663 258 0.151679600 
 2213 53792 9 0.167163200 
 2509 54180 244 0.530100000 
 2596 54207 245 0.216600000 
 2225 53729 161 0.133632800 
 3395 55004 426 0.224742800 
 7867 57003 516 0.319260600 
 3587 55182 390 0.381000000 
 341 51690 618 0.077000000 
 2760 54506 366 0.102437400 
 2135 53827 296 0.095744350 
 2131 53819 15 0.145500000 
 8497 58161 743 0.231000000 
 543 52017 120 0.268000000 
 7280 56709 686 0.610742300 
 1296 52962 597 0.170902800 
 2424 54448 109 0.454400000 
 469 51913 499 0.282084300 
 2493 54115 519 0.373953400 
 10456 58136 2 0.225643000 
 7340 58289 736 0.456000000 
 1285 52723 512 0.471900000 
 2132 53493 473 0.343000000 
 1398 53146 409 0.124000000 
 8067 58253 527 0.179763700 
 440 51885 186 0.116000000 
 5153 56577 372 0.240767900 
 1443 53055 358 0.224378800 
 6712 56421 334 0.339000000 
 1603 53119 218 0.036000000 
 1971 53472 494 0.117118400 
 1393 52824 35 0.131000000 
 2264 53682 145 0.479000000 
 7276 57061 619 0.303000000 
 7649 57574 448 0.205392800 
 7648 57329 176 0.168366640 
 7586 57186 489 0.171805070 
 738 52521 159 0.093227830 
 11073 58451 446 0.368442100 
 2789 54555 400 0.120303300 
 11079 58485 471 0.268181000 
 1054 52516 417 0.116890700 
 7836 57278 838 0.147168870 
 8160 57071 764 0.107056130 
 1224 52765 334 0.511157900 
 2757 54509 35 0.360600000 
 1819 54540 140 0.174300000 
 1415 52885 319 0.195000000 
 2601 54144 433 0.075499240 
 7315 56685 958 0.159828500 
 7305 56991 470 0.391000000 
 10478 58171 944 0.384000000 
 1322 52791 419 0.041000000 
 1158 52668 93 0.234000000 
 2484 54144 436 0.104916700 
 960 52425 445 0.658310500 
 603 52056 183 0.134000000 
 3221 54864 484 0.308476400 
 2225 53729 291 0.348842800 
 1282 52759 96 0.154000000 
 1668 53433 492 0.376000000 
 1415 52885 144 0.153485300 
 766 52247 306 0.098109950 
 6467 56270 466 0.708000000 
 572 52289 442 0.162000000 
 570 52266 454 0.246824900 
 7877 56898 604 0.095609255 
 7237 56662 318 0.443000000 
 530 52026 165 0.033000000 
 2504 54179 639 0.063291386 
 2224 53815 631 0.447557500 
 6318 56186 875 0.129224900 
 1169 52753 235 0.350000000 
 8434 57484 311 0.221000000 
 1328 52786 353 0.201000000 
 1680 53171 612 0.539000000 
 7674 57359 119 0.224971400 
 7594 56947 207 0.309647900 
 590 52057 176 0.172700000 
 2767 54243 539 0.630300000 
 987 52523 175 0.267000000 
 5793 56337 994 0.162000000 
 1018 52672 452 0.089805480 
 10251 58173 637 0.524587100 
 1790 53876 218 0.234772900 
 1160 52674 230 0.317000000 
 7169 56628 665 0.220314600 
 9159 57666 214 0.671601700 
 330 52370 257 0.063000000 
 2161 53878 37 0.428000000 
 1653 53534 146 0.163400000 
 10729 58248 784 0.258000000 
 628 52083 310 0.141109300 
 1405 52826 263 0.089000000 
 1171 52753 138 0.028000000 
 8066 57544 478 0.227000000 
 10239 58142 21 0.257000000 
 989 52468 606 0.276000000 
 2511 53882 460 0.182336100 
 2015 53819 427 0.344800000 
 4378 55853 592 0.095888640 
 720 52206 469 0.082277420 
 1288 52731 81 0.572000000 
 1675 53466 638 0.069000000 
 6716 56401 946 0.046211900 
 7687 57007 452 0.273352150 
 1339 52767 478 0.557913700 
 2433 53820 286 0.193600000 
 880 52367 119 0.291000000 
 958 52410 606 0.137169300 
 2574 54084 122 0.166529740 
 8218 57519 116 0.182311100 
 1320 52759 31 0.342616900 
 2652 54508 71 0.129628700 
 1003 52641 563 0.200469700 
 751 52251 303 0.399000000 
 2029 53819 398 0.095412540 
 2771 54527 451 0.202500000 
 10739 58255 181 0.379098000 
 2531 54572 250 0.109038300 
 1200 52668 415 0.733680100 
 11318 58419 982 0.085953360 
 1443 53055 594 0.207000000 
 4228 55484 226 0.217000000 
 1700 53502 506 0.092000000 
 617 52072 245 0.144000000 
 8535 58019 848 0.173968300 
 767 52252 418 0.035310000 
 1190 52670 422 0.226246800 
 1738 53051 419 0.201000000 
 2485 54176 219 0.232042600 
 7099 56666 869 0.061000000 
 844 52378 276 0.078053210 
 2101 53858 63 0.023865020 
 8434 57484 534 0.567773800 
 8416 57894 333 0.545000000 
 1414 53135 553 0.134488900 
 1414 53135 471 0.237464400 
 786 52319 201 0.099000000 
 9614 57835 676 0.566336000 
 7604 56947 430 0.141824800 
 746 52238 409 0.045967420 
 2239 53726 239 0.193600000 
 605 52353 120 0.269000000 
 979 52427 31 0.261000000 
 2883 54525 524 0.099800000 
 2107 53786 215 0.568547000 
 948 52428 454 0.071000000 
 8295 57401 458 0.693000000 
 727 52207 105 0.390000000 
 835 52326 480 0.252000000 
 8502 57512 645 0.274862600 
 1676 53147 440 0.122000000 
 655 52162 58 0.041994690 
 1378 53061 326 0.381000000 
 8495 57481 152 0.204295800 
 1164 52674 488 0.363000000 
 8415 57893 460 0.305000000 
 2762 54533 112 0.113113200 
 1844 54138 172 0.108712000 
 6735 56397 328 0.310651900 
 2271 53726 343 0.159140900 
 2350 53765 530 0.097689890 
 1212 52703 172 0.138176000 
 497 51989 466 0.128000000 
 2367 53763 125 0.111071010 
 1445 53062 275 0.238610400 
 2582 54139 125 0.132935200 
 6408 56329 576 0.394353200 
 2215 53793 147 0.121142100 
 6975 56720 824 0.263755900 
 494 51915 124 0.184300000 
 496 51988 365 0.216000000 
 6825 56717 218 0.491000000 
 602 52072 443 0.318000000 
 497 51989 613 0.173000000 
 2460 54616 19 0.241000000 
 499 51988 524 0.241000000 
 1786 54450 562 0.586600000 
 1786 54450 101 0.157374900 
 484 51907 378 0.194801700 
 1788 54468 179 0.452800000 
 486 51910 327 0.584000000 
 770 52282 592 0.200000000 
 8190 57448 702 0.194311260 
 489 51930 297 0.615352200 
 489 51930 83 0.217419200 
 773 52376 534 0.645000000 
 773 52376 630 0.201000000 
 773 52376 178 0.417000000 
 2882 54498 216 0.333000000 
 7081 56684 144 0.232997300 
 772 52375 92 0.713562700 
 7089 56661 310 0.346000000 
 597 52059 195 0.209760100 
 7113 56711 674 0.073000000 
 2882 54498 548 0.129103700 
 596 52370 261 0.218000000 
 950 52378 619 0.198196100 
 953 52411 447 0.399000000 
 781 52373 74 0.102000000 
 780 52370 97 0.099000000 
 957 52398 554 0.380000000 
 957 52398 169 0.123000000 
 604 52079 494 0.175700000 
 784 52327 556 0.217000000 
 784 52327 225 0.675000000 
 3237 54883 544 0.415000000 
 960 52425 522 0.069000000 
 7117 56685 532 0.646000000 
 7124 56720 320 0.846000000 
 6815 56419 959 0.179000000 
 607 52368 364 0.223000000 
 2947 54533 197 0.535300000 
 607 52368 610 0.081000000 
 608 52081 28 0.303300000 
 8424 58248 639 0.365498600 
 8068 57185 715 0.555676000 
 1783 53386 520 0.231900000 
 7281 57007 297 0.404000000 
 8193 57333 175 0.335701350 
 452 51911 564 0.134000000 
 452 51911 7 0.208000000 
 556 51991 352 0.136000000 
 8190 57448 430 0.289000000 
 946 52407 445 0.434756100 
 558 52317 279 0.747000000 
 558 52317 68 0.291000000 
 945 52652 301 0.318000000 
 6696 56398 488 0.566000000 
 6687 56602 914 0.389000000 
 769 54530 159 0.712000000 
 769 54530 79 0.207000000 
 949 52427 186 0.071000000 
 947 52411 489 0.188588900 
 7088 56657 102 0.439000000 
 907 52373 494 0.646000000 
 8179 57429 24 0.332000000 
 8179 57429 46 0.215000000 
 950 52378 182 0.117851400 
 951 52398 129 0.028000000 
 1309 52762 613 0.116000000 
 1309 52762 318 0.434000000 
 8177 57374 205 0.073870406 
 1015 52734 461 0.572000000 
 1012 52649 408 0.406113400 
 1014 52707 302 0.020686260 
 6698 56637 588 0.976000000 
 1013 52707 113 0.581403700 
 1313 52790 631 0.390300000 
 8229 57430 651 0.546000000 
 1318 52781 297 0.330100000 
 1020 52721 603 0.321000000 
 6679 56401 684 0.487000000 
 7117 56685 104 0.672000000 
 7117 56685 244 0.421000000 
 8200 58174 145 0.074682310 
 1318 52781 485 0.330000000 
 6829 56453 296 0.299000000 
 1318 52781 161 0.072000000 
 1321 52764 394 0.376504800 
 6760 56425 842 0.926000000 
 8393 57864 280 0.285919300 
 1322 52791 336 0.382000000 
 1321 52764 479 0.397000000 
 1159 52669 205 0.520309300 
 8398 57870 908 0.175000000 
 1161 52703 386 0.128000000 
 3296 54909 144 0.756000000 
 612 52079 251 0.391000000 
 792 52353 227 0.390000000 
 615 52347 528 0.368000000 
 8424 58248 145 0.353780300 
 8418 58199 852 0.188597700 
 8418 58199 857 0.402448900 
 6792 56432 828 0.290000000 
 8419 58249 742 0.150749300 
 619 52056 371 0.415000000 
 618 52049 385 0.426000000 
 8068 57185 652 0.381218800 
 6786 56448 156 0.465000000 
 8067 58253 524 0.721845600 
 8067 58253 869 0.961361200 
 8413 57897 950 0.231557500 
 8065 58248 867 0.083211760 
 8413 57897 972 0.615497800 
 7564 56804 742 0.355247500 
 8065 58248 812 0.452526400 
 8066 57544 790 0.465212300 
 8061 58253 197 0.577378500 
 1781 53297 71 0.270000000 
 1781 53297 176 0.548000000 
 1781 53297 42 0.038540580 
 1868 53318 569 0.263000000 
 7378 56715 522 0.217000000 
 7378 56715 480 0.417000000 
 447 51877 526 0.111000000 
 443 51873 514 0.043414970 
 551 51993 557 0.411000000 
 7295 57067 300 0.225000000 
 5737 56381 261 0.660000000 
 7287 57042 772 0.609590950 
 8182 56993 230 0.623561200 
 901 52641 562 0.251000000 
 903 52400 281 0.214179100 
 834 52316 572 0.592000000 
 7298 56661 43 0.433000000 
 1009 52644 346 0.258930200 
 903 52400 598 0.174000000 
 8174 57374 422 0.103327050 
 8168 56992 678 0.501484800 
 8174 57374 326 0.170765650 
 875 52354 373 0.389000000 
 8168 56992 774 0.113480500 
 8175 57039 283 0.212000000 
 7381 56717 848 0.168290110 
 8173 57375 121 0.678000000 
 6703 56636 134 0.197000000 
 877 52353 180 0.125000000 
 876 52669 519 0.246000000 
 6700 56384 342 0.346000000 
 963 52643 409 0.372000000 
 963 52643 362 0.234000000 
 963 52643 471 0.334000000 
 8164 57127 138 0.293444480 
 880 52367 234 0.642000000 
 967 52636 458 0.368100000 
 6685 56412 582 0.392000000 
 8228 57423 195 0.482000000 
 881 52368 621 0.118000000 
 883 52430 298 0.504000000 
 6683 56416 473 0.706000000 
 6683 56416 386 0.871000000 
 6683 56416 422 0.265000000 
 1449 53116 443 0.498000000 
 7426 56771 652 0.817000000 
 1446 53080 625 0.636000000 
 1278 52735 359 0.388000000 
 7419 56811 962 0.704457200 
 887 52376 460 0.465000000 
 887 52376 543 0.302000000 
 6759 56416 182 0.900000000 
 1280 52738 601 0.055000000 
 1667 53430 41 0.302000000 
 7412 57162 116 0.355000000 
 1279 52736 50 0.421000000 
 7416 56810 975 0.528216840 
 8208 57430 942 0.297636700 
 1041 52724 84 0.104000000 
 6741 56394 464 0.629000000 
 6744 56399 584 0.329000000 
 1669 53433 240 0.235000000 
 7339 56799 689 0.457000000 
 7339 56799 46 0.264000000 
 1046 52460 276 0.277000000 
 6746 56386 881 0.371000000 
 1673 53462 402 0.192000000 
 1672 53460 426 0.444100000 
 8400 57837 75 0.568263500 
 1164 52674 221 0.283000000 
 1327 52781 630 0.771000000 
 6720 56390 430 0.250000000 
 6725 56390 592 0.488000000 
 8406 57513 965 0.458798400 
 6726 56394 400 0.523000000 
 6726 56394 140 0.559000000 
 6712 56421 122 0.986000000 
 794 52376 182 0.161000000 
 8395 57834 544 0.371000000 
 1166 52751 424 0.056000000 
 6728 56426 724 0.272000000 
 618 52049 365 0.287000000 
 8066 57544 130 0.424854700 
 618 52049 221 0.140700000 
 8410 57481 303 0.434938300 
 1167 52738 607 0.308000000 
 812 52352 354 0.291000000 
 623 52051 405 0.041000000 
 8057 57190 454 0.529144100 
 8058 57196 131 0.415715800 
 8056 57186 752 0.236909400 
 622 52054 493 0.463000000 
 625 52145 31 0.128000000 
 8054 57194 472 0.308796500 
 8054 57194 956 0.274280800 
 10654 58429 249 0.168000000 
 1866 53314 403 0.092000000 
 8276 57067 795 0.192000000 
 10655 58172 748 0.205285000 
 6373 56298 210 0.429000000 
 6374 56326 365 0.116491800 
 434 51885 177 0.211339000 
 6392 56331 693 0.053819630 
 439 51877 486 0.245000000 
 439 51877 16 0.297000000 
 8278 56990 228 0.224000000 
 761 54524 396 0.056107633 
 6385 56356 176 0.231000000 
 6384 56363 362 0.635000000 
 8294 57365 779 0.249010800 
 7516 56782 581 0.423000000 
 7516 56782 35 0.446928300 
 832 52312 334 0.506000000 
 4687 56369 770 0.192044700 
 832 52312 199 0.297533900 
 1201 52674 506 0.418000000 
 7299 56686 2 0.418000000 
 7308 56709 671 0.230000000 
 941 52709 567 0.151589600 
 4565 55591 696 0.394031600 
 1217 52672 381 0.363800000 
 872 52339 103 0.386000000 
 6662 56364 468 0.502000000 
 7284 56683 970 0.345463300 
 7384 56715 398 0.331000000 
 7384 56715 388 0.337000000 
 4693 55632 876 0.487000000 
 942 52703 553 0.797000000 
 8287 57401 378 0.430780470 
 962 52620 80 0.483000000 
 961 52615 168 0.093328970 
 1365 53062 227 0.144000000 
 1366 53063 443 0.175000000 
 8371 57751 223 0.229801000 
 8370 57732 283 0.272000000 
 8370 57520 386 0.103220100 
 1451 53117 475 0.652000000 
 1453 53084 320 0.602000000 
 6640 56385 116 1.012000000 
 1371 52821 387 0.245166000 
 1448 53120 521 0.227000000 
 1455 53089 440 0.117000000 
 1372 53062 412 0.030344990 
 1372 53062 277 0.618000000 
 1372 53062 12 0.612000000 
 1456 53115 629 0.677000000 
 7414 56748 396 0.342000000 
 1461 53062 217 0.230000000 
 6627 56369 632 0.805000000 
 1375 53084 404 0.623000000 
 1461 53062 52 0.596000000 
 1375 53084 330 0.182000000 
 1376 53089 197 0.249000000 
 1460 53138 551 0.381000000 
 6622 56365 738 0.668000000 
 1344 52792 487 0.225255700 
 1344 52792 153 0.513000000 
 8379 57787 302 0.261736200 
 8380 57520 451 0.276247700 
 1286 52725 465 0.150651400 
 1285 52723 60 0.237000000 
 1286 52725 242 0.241332700 
 1287 52728 227 0.314000000 
 1287 52728 33 0.075000000 
 1467 53115 335 0.229000000 
 1467 53115 440 0.406000000 
 1467 53115 292 0.128000000 
 1048 52736 66 0.084000000 
 1676 53147 404 0.380000000 
 8496 58159 809 0.535757100 
 1289 52734 586 0.470000000 
 1289 52734 97 0.179000000 
 1396 53112 329 0.141400000 
 1290 52734 264 0.263000000 
 1051 52468 265 0.238000000 
 1677 53148 266 0.094000000 
 8519 58198 55 0.548000000 
 8507 57878 790 0.138140100 
 1168 52731 541 0.143850200 
 1168 52731 431 0.204000000 
 1332 52781 141 0.559000000 
 1333 52782 552 0.037000000 
 1052 52466 465 0.135000000 
 814 52443 498 0.388000000 
 626 52057 439 0.149000000 
 626 52057 403 0.355000000 
 814 52443 208 0.162513000 
 8525 57900 486 0.594000000 
 815 52374 97 0.663000000 
 627 52144 508 0.177000000 
 8536 58015 861 0.358726000 
 8539 58021 337 0.775720000 
 629 52051 221 0.747000000 
 8533 58017 80 0.261823400 
 6025 56098 118 0.645000000 
 6062 56091 886 0.874000000 
 6062 56091 112 0.168000000 
 3670 55480 426 0.355000000 
 8292 57373 116 0.507000000 
 759 52254 122 0.381000000 
 435 51882 94 0.146690300 
 9360 58055 221 0.345000000 
 758 52253 635 0.609000000 
 1198 52669 364 0.152000000 
 8830 57447 292 0.205000000 
 865 52323 197 0.739000000 
 8859 57452 770 0.454000000 
 939 52636 483 0.142000000 
 939 52636 83 0.211000000 
 1214 52731 450 0.247000000 
 937 52707 639 0.608000000 
 8863 57724 825 0.233167200 
 8863 57724 480 0.405000000 
 1216 52709 339 0.385000000 
 1216 52709 190 0.047048660 
 1216 52709 214 0.151723200 
 1426 52993 439 0.384000000 
 8852 57449 318 0.841207440 
 8363 58140 815 0.231844100 
 1357 53034 617 0.577000000 
 1357 53034 560 0.362000000 
 1427 52996 406 0.613000000 
 1430 53002 158 0.064000000 
 2007 53474 294 0.102000000 
 8368 57431 380 0.053772792 
 8368 57431 328 0.197000000 
 1980 53433 131 0.249000000 
 1972 53466 450 0.490000000 
 1997 53442 404 0.079835910 
 1995 53415 428 0.165325800 
 8840 57425 479 0.541460000 
 2027 53433 581 0.224000000 
 8834 57458 122 0.348845300 
 1985 53431 465 0.249000000 
 1984 53433 595 0.383000000 
 1985 53431 50 0.176000000 
 2000 53495 383 0.295000000 
 1992 53466 519 0.222000000 
 2000 53495 439 0.587000000 
 2000 53495 305 0.573000000 
 1989 53772 284 0.613867600 
 1460 53138 197 0.269000000 
 2088 53493 397 0.027000000 
 2018 53800 71 0.107451800 
 4708 55704 638 0.815000000 
 1377 53050 497 0.137000000 
 1464 53091 176 0.394800000 
 4708 55704 574 0.525914000 
 4708 55704 268 0.727000000 
 1464 53091 57 0.681000000 
 8846 57428 648 0.175589250 
 2005 53472 115 0.332000000 
 2014 53460 276 0.257000000 
 2102 54115 427 0.544300000 
 8875 57779 838 0.686403400 
 1346 52822 212 0.758000000 
 1378 53061 195 0.447000000 
 10756 58226 500 0.260000000 
 1349 52797 331 0.400000000 
 8498 57105 592 0.597993600 
 1348 53084 88 0.525000000 
 10749 58485 352 0.152704900 
 1350 52786 484 0.484000000 
 10750 58199 666 0.146000000 
 10753 58242 564 0.264000000 
 1382 53115 412 0.333000000 
 1397 53119 482 0.570936800 
 1398 53146 623 0.250000000 
 11649 58514 396 0.541256900 
 1350 52786 563 0.432000000 
 1399 53172 497 0.202000000 
 1399 53172 185 0.248000000 
 1351 52790 599 0.180000000 
 1680 53171 405 0.426000000 
 1293 52765 506 0.374000000 
 10735 58258 592 0.615000000 
 1294 52753 389 0.154000000 
 6052 56092 624 0.759000000 
 1053 52468 593 0.141429200 
 8513 57842 168 0.350103000 
 816 52379 636 0.402200000 
 1171 52753 76 0.034000000 
 1171 52753 153 0.280000000 
 1171 52753 49 0.688000000 
 1336 52759 181 0.542000000 
 1337 52767 144 0.550000000 
 8537 58014 60 0.878261900 
 633 52079 285 0.181000000 
 632 52071 309 0.101000000 
 10722 58281 823 0.620858000 
 820 52438 406 0.063000000 
 10763 58395 784 0.201810800 
 10762 58390 672 0.453553700 
 10762 58390 186 0.444162800 
 7744 58396 561 0.321861400 
 7729 58135 568 0.878763600 
 7732 58108 334 0.580974200 
 7728 58138 237 0.341339800 
 7734 58133 632 0.494120400 
 9364 57699 502 0.417019400 
 890 52583 237 0.502300000 
 755 52235 20 0.327000000 
 10291 58101 804 0.359423000 
 543 52017 195 0.148000000 
 9359 58056 183 0.662000000 
 826 52295 205 0.062000000 
 1197 52668 52 0.062343680 
 932 52620 506 0.126138500 
 4645 55623 451 0.381000000 
 1593 52991 365 0.134000000 
 1594 52992 302 0.513455000 
 10242 58161 132 0.348000000 
 8852 57449 216 0.398000000 
 10450 58142 541 0.530558900 
 10445 58158 874 0.245000000 
 1951 53389 614 0.079000000 
 1951 53389 393 0.163000000 
 10274 58170 482 0.335000000 
 10232 58223 682 0.688000000 
 10231 58171 147 0.127687900 
 10231 58171 374 0.295560700 
 10232 58223 123 1.026000000 
 10232 58223 206 0.300751700 
 1949 53433 584 0.214000000 
 10452 58138 647 0.523000000 
 2096 53446 612 0.342307600 
 2096 53446 52 0.535000000 
 6451 56358 785 0.222000000 
 2091 53447 86 0.270000000 
 2012 53493 203 0.162000000 
 2098 53460 326 0.274664000 
 2097 53491 176 0.135000000 
 2008 53473 134 0.323600000 
 2089 53498 364 0.053000000 
 2099 53469 403 0.216000000 
 2095 53474 368 0.282000000 
 2004 53737 425 0.130303800 
 11391 58526 766 0.550000000 
 2095 53474 130 0.136000000 
 10246 58171 225 1.042140000 
 2013 53818 635 0.137083500 
 2004 53737 86 0.301100000 
 2016 53799 277 0.327700000 
 10250 58472 704 0.198682600 
 10250 58472 155 0.488872300 
 2006 53476 320 0.790800000 
 1975 53734 332 0.456000000 
 1975 53734 536 0.746600000 
 1975 53734 225 0.050443320 
 6485 56342 82 0.302000000 
 1994 53845 133 0.394100000 
 2023 53851 365 0.465000000 
 2023 53851 581 0.490200000 
 1993 53762 379 0.198736500 
 2023 53851 515 0.575900000 
 3980 55331 588 0.295000000 
 2023 53851 162 0.127683100 
 2093 53818 400 0.772700000 
 10257 58526 226 0.587272200 
 2033 53476 57 0.189000000 
 10256 58193 929 0.208096500 
 8878 57785 361 0.104145800 
 1993 53762 69 0.218068700 
 1993 53762 54 0.384657400 
 10258 58492 723 0.291319100 
 2024 53503 256 0.626800000 
 1838 53467 410 0.280000000 
 1839 53471 404 0.664000000 
 1839 53471 398 0.574000000 
 2121 54180 92 0.599300000 
 2129 54252 464 0.230952100 
 4714 56041 314 0.816000000 
 3860 55269 264 0.715000000 
 1840 53472 508 0.266122200 
 1840 53472 82 0.478000000 
 1842 53501 552 0.563000000 
 1385 53108 23 0.531000000 
 1843 53816 584 0.498500000 
 1843 53816 593 0.131603100 
 10740 58223 547 0.164000000 
 1401 53144 159 0.157000000 
 10742 58198 412 0.393000000 
 1355 52823 482 0.585000000 
 1387 53118 31 0.523000000 
 1682 53173 209 0.289000000 
 1418 53142 577 0.215525300 
 1419 53144 365 0.590000000 
 1403 53227 119 0.422000000 
 1419 53144 253 0.132000000 
 1338 52765 551 0.184000000 
 1419 53144 552 0.097000000 
 1058 52520 179 0.418000000 
 1340 52781 336 0.248000000 
 1340 52781 463 0.447000000 
 1176 52791 546 0.611000000 
 820 52438 600 0.098000000 
 2972 54586 558 0.026623270 
 2972 54586 253 0.077895480 
 7746 58074 154 0.271552300 
 7718 57362 394 0.306437280 
 7718 57362 337 0.187837600 
 7693 57361 392 0.565580100 
 7673 57329 904 0.243610740 
 7660 57357 936 0.146208300 
 7721 57360 393 0.443749000 
 7673 57329 36 0.701683000 
 7680 58131 938 0.179500400 
 7686 57015 394 0.714740900 
 6264 56223 272 0.549000000 
 11086 58401 194 0.449752300 
 1205 52670 182 0.477000000 
 1207 52672 203 0.093000000 
 10658 58439 222 0.777299000 
 10658 58439 246 0.271836900 
 9609 58136 278 0.621000000 
 1935 53387 178 0.186000000 
 11122 58437 700 0.282000000 
 1938 53379 198 0.145617000 
 1936 53330 146 0.244000000 
 11345 58428 544 0.320394200 
 5797 56273 328 0.841000000 
 11676 58512 398 0.268118700 
 9596 57817 765 0.451333000 
 2294 54524 445 0.271787000 
 9630 58086 732 0.122097000 
 1953 53358 81 0.050037370 
 9628 58135 793 0.703243400 
 9627 58132 38 0.511739300 
 2347 53757 320 0.616805000 
 2354 53799 598 0.353791300 
 2351 53786 35 0.219180100 
 1981 53463 185 0.319302600 
 2211 53786 187 0.186601900 
 10474 58143 537 0.512500000 
 2212 53789 136 0.175933500 
 2213 53792 629 0.023383630 
 2222 53799 64 0.358200000 
 2221 53792 534 0.437300000 
 2223 53793 129 0.137572700 
 6416 56312 872 0.562000000 
 6416 56312 878 0.511000000 
 2501 54084 611 0.463829000 
 2230 53799 541 0.363100000 
 2228 53818 63 0.142344000 
 2229 53823 428 0.411100000 
 2227 53820 552 0.354317300 
 5967 56063 632 0.351000000 
 2238 54205 449 0.519500000 
 2236 53729 512 0.200527300 
 2233 53845 78 0.123255000 
 5981 56340 24 0.743000000 
 2238 54205 153 0.294823800 
 1994 53845 222 0.419467300 
 2239 53726 45 0.740400000 
 2243 53794 200 0.251548800 
 1978 53473 276 0.170000000 
 2002 53471 70 0.312000000 
 2244 53795 607 0.256721000 
 2244 53795 269 0.176507000 
 2122 54178 398 0.238363000 
 2122 54178 200 0.297000000 
 2114 53848 515 0.694800000 
 2017 53474 82 0.077000000 
 2122 54178 564 0.531000000 
 2130 53881 427 0.293000000 
 2123 53793 529 0.168893500 
 2123 53793 66 0.131738200 
 2127 53859 435 0.318857200 
 2123 53793 18 0.072003150 
 2127 53859 98 0.183770900 
 3867 55652 52 0.468204200 
 2141 53764 593 0.075471540 
 2137 54206 441 0.249400000 
 2135 53827 606 0.514500000 
 1649 53149 208 0.252000000 
 1845 54144 158 0.465200000 
 1845 54144 116 0.078918140 
 1390 53142 208 0.088000000 
 3459 55007 81 0.298000000 
 1577 53495 14 0.663000000 
 1409 52824 227 0.144000000 
 1574 53476 583 0.211000000 
 1342 52793 94 0.452000000 
 2949 54557 366 0.269600000 
 1686 53472 126 0.137000000 
 1692 53473 398 0.079234610 
 2974 54592 133 0.043108700 
 10909 58280 102 0.438823400 
 1693 53446 459 0.794000000 
 979 52427 587 0.513000000 
 7768 58289 970 0.196629700 
 7769 58420 1 0.397488600 
 7656 57338 977 0.188264400 
 7658 57312 558 0.509403200 
 7752 58072 77 0.282652700 
 7698 58013 376 0.141677900 
 7667 57580 760 0.291661800 
 7593 56958 294 0.597689150 
 7676 57329 122 0.343446600 
 7617 56949 48 0.307512040 
 7635 56979 168 0.266913400 
 7688 57360 409 0.162220760 
 7633 56931 473 0.267067300 
 7627 56933 782 0.074036710 
 1204 52669 604 0.382000000 
 11118 58522 908 0.283000000 
 4467 55894 740 0.940000000 
 9564 57817 426 0.453690000 
 2291 53714 397 0.157990000 
 9561 57809 807 0.261100800 
 2294 54524 87 0.198429400 
 9624 57814 31 0.497986500 
 9589 57813 761 0.377931000 
 9618 58084 858 0.595983100 
 9589 57813 372 0.157349500 
 9560 57805 213 0.174677100 
 9622 58130 253 0.970387000 
 2343 53735 472 0.530900000 
 6458 56274 736 0.750000000 
 9579 57867 654 0.276598300 
 6464 56309 450 0.189000000 
 2366 53741 589 0.426400000 
 2477 54058 156 0.080733080 
 2481 54086 226 0.564200000 
 2484 54144 71 0.158373800 
 2504 54179 446 0.153415600 
 2500 54178 549 0.321600000 
 2500 54178 33 0.222700000 
 2504 54179 259 0.526400000 
 2655 54184 388 0.278982800 
 2514 53882 126 0.138313000 
 2643 54208 579 0.276900000 
 2644 54210 359 0.220908000 
 2658 54502 11 0.380200000 
 2647 54495 450 0.138188100 
 2646 54479 527 0.613500000 
 5979 56329 214 0.982000000 
 2645 54477 133 0.493628400 
 2612 54480 504 0.428600000 
 2660 54504 183 0.586400000 
 2649 54212 44 0.075744290 
 2662 54505 116 0.376100000 
 2663 54234 167 0.558600000 
 2650 54505 265 0.200080000 
 2666 54230 126 0.201622900 
 2119 53792 479 0.164000000 
 2783 54524 246 0.322200000 
 2785 54537 355 0.318281600 
 2784 54529 191 0.083687870 
 2769 54527 436 0.711800000 
 5869 56064 340 0.060823270 
 2769 54527 11 0.544300000 
 2132 53493 327 0.168000000 
 2124 53770 24 0.158366100 
 2772 54529 231 0.238300000 
 2143 54184 619 0.545400000 
 2143 54184 471 0.216633800 
 2136 53494 616 0.353000000 
 2140 53858 592 0.449900000 
 6016 56073 166 0.334000000 
 2158 54209 88 0.164573700 
 2153 54212 362 0.211577900 
 2153 54212 60 0.338900000 
 1850 53786 476 0.143115000 
 1656 53533 432 0.265900000 
 2172 54230 362 0.088529640 
 4727 55693 144 0.632000000 
 4184 55450 712 0.692000000 
 1657 53520 188 0.295000000 
 1657 53520 144 0.099905620 
 1853 53566 538 0.229500000 
 2205 53793 106 0.627100000 
 1414 53135 530 0.372000000 
 1424 52912 268 0.797000000 
 1687 53260 514 0.115000000 
 1425 52913 315 0.217000000 
 7644 57327 88 0.176185600 
 7579 56954 608 0.171283270 
 7579 56954 108 0.475480600 
 7587 57297 150 0.778204300 
 7613 56988 643 0.325721900 
 7703 57333 168 0.108726530 
 7600 56984 44 0.583293300 
 7598 56956 189 0.446518600 
 7618 56898 519 0.092174300 
 7621 56985 90 0.427593740 
 11067 58507 322 0.414018800 
 11083 58515 798 0.135912300 
 1920 53314 157 0.186129700 
 2274 53726 480 0.172807500 
 2285 53700 272 0.474000000 
 2283 53729 354 0.181971300 
 9554 57807 810 0.904767900 
 2439 53795 454 0.148603900 
 9547 57806 336 0.387313000 
 2582 54139 628 0.145009100 
 2373 53768 294 0.600400000 
 2373 53768 286 0.171386600 
 2372 53768 202 0.183840000 
 2583 54095 565 0.302961200 
 9577 57786 568 0.218774700 
 9575 57786 292 0.381513900 
 2485 54176 411 0.077200000 
 2479 54174 625 0.243736600 
 2479 54174 311 0.480500000 
 2485 54176 188 0.347483800 
 2487 53852 220 0.088700000 
 5355 56009 752 0.581000000 
 2491 53855 604 0.449600000 
 2512 53877 457 0.317800000 
 2595 54207 420 0.242700000 
 1762 53415 496 0.112858500 
 5848 56029 110 0.431492100 
 5849 56033 190 0.141000000 
 5404 56013 644 0.191000000 
 1766 53468 517 0.139000000 
 2614 54481 255 0.222676350 
 2600 54243 55 0.555100000 
 2603 54479 340 0.545900000 
 2604 54484 228 0.164600000 
 1773 53112 491 0.653000000 
 2606 54154 388 0.298491400 
 2755 54507 555 0.354373800 
 2743 54259 620 0.632100000 
 2743 54259 581 0.219800000 
 2743 54259 26 0.215100000 
 2759 54534 84 0.163447900 
 2792 54556 394 0.116818200 
 2750 54242 482 0.160016900 
 2164 53886 26 0.222869400 
 2782 54592 461 0.373500000 
 2767 54243 458 0.248905200 
 2167 53889 235 0.325100000 
 2970 54589 292 0.124900000 
 2198 53918 514 0.162715200 
 2524 54568 615 0.347512700 
 2521 54538 5 0.276600000 
 7577 56944 278 0.357079920 
 5036 55751 445 0.803000000 
 737 52518 537 0.131011300 
 7611 56946 654 0.312839240 
 7608 56945 126 0.119201000 
 11561 58485 824 0.681168400 
 11565 58507 716 0.072020130 
 11047 58424 414 0.344075400 
 420 51871 248 0.137648900 
 11047 58424 939 0.160688740 
 11061 58428 193 0.190426800 
 2572 54056 609 0.656800000 
 2426 53795 625 0.680400000 
 2428 53801 112 0.308000000 
 2577 54086 332 0.286400000 
 1740 53050 412 0.379000000 
 2576 54086 88 0.260917900 
 1739 53050 456 0.179000000 
 1739 53050 204 0.186000000 
 1740 53050 506 0.133000000 
 1741 53052 154 0.180000000 
 1196 52733 603 0.287700000 
 1307 52999 494 0.226000000 
 1598 53033 176 0.046000000 
 1598 53033 168 0.308000000 
 1750 53358 80 0.265000000 
 1751 53377 11 0.592000000 
 1752 53379 297 0.165000000 
 1751 53377 90 0.184494600 
 1222 52763 315 0.409000000 
 1606 53055 323 0.315900000 
 1606 53055 545 0.091000000 
 1605 53062 21 0.143000000 
 1223 52781 616 0.174558200 
 1222 52763 505 0.202042000 
 5371 55976 358 0.723000000 
 1610 53144 498 0.329800000 
 1610 53144 297 0.648500000 
 1611 53147 364 0.379000000 
 1614 53120 300 0.093000000 
 1229 52723 635 0.477000000 
 1228 52728 50 0.279000000 
 1625 53140 332 0.070913130 
 1616 53169 453 0.151114000 
 1694 53472 232 0.319000000 
 1615 53166 128 0.233200000 
 1695 53473 308 0.471000000 
 1793 53883 317 0.215160200 
 1697 53142 9 0.316000000 
 1796 53884 419 0.350000000 
 1798 53851 524 0.210608400 
 1699 53148 604 0.243000000 
 1700 53502 424 0.212000000 
 1702 53144 353 0.325000000 
 1804 53886 415 0.080572240 
 1804 53886 96 0.336700000 
 1804 53886 219 0.786100000 
 1704 53178 476 0.534000000 
 1778 53883 119 0.128968100 
 1706 53442 214 0.456000000 
 1703 53799 615 0.550100000 
 1703 53799 496 0.437800000 
 1703 53799 128 0.572200000 
 5463 56003 128 0.486000000 
 1710 53504 593 0.169000000 
 5476 55986 848 0.279000000 
 2519 54570 320 0.094898070 
 2528 54571 257 0.279174100 
 2529 54585 81 0.241300000 
 2204 53877 76 0.337951700 
 728 52520 137 0.547000000 
 741 52261 257 0.224000000 
 749 52226 290 0.195000000 
 11309 58428 510 0.275517900 
 8746 58396 566 0.769247900 
 8744 58124 151 0.229232000 
 8748 58396 79 0.415062800 
 8746 58396 244 0.286127800 
 11063 58426 556 0.187284200 
 8754 58425 566 0.592934700 
 8754 58425 336 0.377439560 
 8754 58425 230 0.146759960 
 11072 58436 950 0.484454100 
 11072 58436 814 0.256310800 
 11072 58436 859 0.444640000 
 8760 57672 548 0.351340600 
 8762 57693 60 0.253955600 
 8736 57400 4 0.187579200 
 1757 53083 417 0.272000000 
 1195 52724 98 0.589000000 
 992 52644 393 0.616000000 
 992 52644 507 0.178000000 
 568 52254 184 0.128152500 
 997 52734 557 0.303000000 
 999 52636 135 0.801000000 
 1617 53112 280 0.393000000 
 5369 56272 247 0.287000000 
 836 52376 153 0.151000000 
 837 52642 259 0.179057300 
 512 51992 366 0.189000000 
 1621 53383 189 0.074811940 
 840 52374 232 0.134000000 
 839 52373 188 0.127000000 
 841 52375 180 0.310000000 
 839 52373 133 0.099841060 
 513 51989 627 0.241000000 
 514 51994 477 0.282000000 
 1624 53386 195 0.503600000 
 4831 55679 388 0.585000000 
 845 52381 240 0.548000000 
 2880 54509 128 0.503100000 
 519 52283 569 0.410000000 
 521 52326 639 0.087000000 
 1797 54507 349 0.169628600 
 850 52338 248 0.227000000 
 526 52312 457 0.297000000 
 1803 54152 104 0.234900000 
 4786 55651 296 0.241000000 
 856 52339 150 0.122000000 
 1811 53533 122 0.231000000 
 1813 53903 302 0.257000000 
 1829 53494 462 0.302000000 
 1828 53504 104 0.614000000 
 1828 53504 29 0.449000000 
 589 52055 382 0.391000000 
 1819 54540 36 0.042034390 
 1728 53228 218 0.516000000 
 4877 55707 824 0.706000000 
 1727 53859 284 0.201638700 
 2950 54559 23 0.045948010 
 1823 53886 436 0.338500000 
 11315 58402 642 0.168052100 
 11304 58448 673 0.268758700 
 11306 58450 794 0.065351020 
 11302 58436 538 0.331554200 
 11296 58425 555 0.153039600 
 11303 58428 886 0.312410800 
 11287 58429 726 0.401264200 
 11288 58401 390 0.709507900 
 11289 58398 750 0.185940700 
 11289 58398 837 0.406363000 
 11280 58430 858 0.276015700 
 8740 57367 451 0.284083780 
 8741 57390 882 0.244093420 
 7854 56989 602 0.255261330 
 7852 56987 932 0.233821000 
 690 52261 375 0.149000000 
 9405 58048 794 0.681763600 
 9409 58051 529 0.362000000 
 391 51782 161 0.228612400 
 7865 56955 894 0.037931440 
 7869 57012 456 0.220429900 
 9404 58045 57 0.304108200 
 9428 58101 971 0.371690800 
 7859 57282 640 0.361722100 
 7871 56902 610 0.107751600 
 7860 57006 393 0.383388000 
 397 51794 338 0.092638400 
 398 51789 303 0.180000000 
 9391 58072 185 0.387899400 
 7875 56980 296 0.232300700 
 7842 56899 751 1.033954400 
 7842 56899 506 0.619283600 
 3639 55205 118 0.245000000 
 9325 58042 629 0.447700900 
 9331 57711 744 0.238734000 
 7836 57278 181 0.161938800 
 403 51871 556 0.389000000 
 4234 55478 220 0.297665200 
 405 51816 254 0.386000000 
 9378 58071 46 0.520391000 
 7835 56986 519 0.210895030 
 9316 58082 398 0.243984700 
 7827 57278 422 0.454923100 
 7821 57279 286 0.569000000 
 467 51901 96 0.257000000 
 474 52000 506 0.299015600 
 474 52000 490 0.323000000 
 267 51608 78 0.513000000 
 269 51910 276 0.122742600 
 272 51941 490 0.095000000 
 275 51910 374 0.072000000 
 277 51908 329 0.126000000 
 512 51992 356 0.755000000 
 511 52636 126 0.058123340 
 514 51994 194 0.216239400 
 515 52051 184 0.700000000 
 514 51994 20 0.160000000 
 284 51943 434 0.417000000 
 284 51943 472 0.128886500 
 329 52056 577 0.458076600 
 517 52024 591 0.238233200 
 285 51930 170 0.178915700 
 287 52023 44 0.401500000 
 521 52326 86 0.795000000 
 294 51986 328 0.086000000 
 294 51986 194 0.170000000 
 336 51999 547 0.346600000 
 527 52342 229 0.196771900 
 525 52295 91 0.029000000 
 341 51690 425 0.121000000 
 527 52342 67 0.080000000 
 300 51943 402 0.699000000 
 300 51943 272 0.245000000 
 299 51671 133 0.237000000 
 910 52377 588 0.145000000 
 302 51688 163 0.167000000 
 301 51942 128 0.406000000 
 914 52721 74 0.600435900 
 306 51637 634 0.140000000 
 918 52404 451 0.281000000 
 2952 54559 543 0.313300000 
 2954 54561 25 0.308200000 
 924 52409 152 0.112000000 
 594 52045 73 0.414209600 
 9160 57656 821 0.147466700 
 986 52443 184 0.145000000 
 9180 57693 90 0.274128700 
 9165 58048 961 0.545885400 
 9166 58051 296 0.369000000 
 374 51791 142 0.099000000 
 11296 58425 342 0.390827700 
 381 51811 220 0.108000000 
 677 52606 244 0.117000000 
 11285 58402 180 0.388361800 
 9176 58080 896 0.189678900 
 9212 57715 604 0.186000000 
 4355 55533 746 0.991000000 
 7900 57358 216 0.098433570 
 9341 57743 554 0.056000000 
 7045 56577 704 0.772000000 
 7913 57333 356 0.737815200 
 7915 57309 68 0.502942100 
 7915 57309 226 0.209342090 
 7894 57339 950 0.132384900 
 7891 57332 728 0.158902600 
 7237 56662 291 0.140377500 
 7238 56660 254 0.244000000 
 7885 57336 986 0.137543440 
 6369 56217 610 0.166000000 
 331 52368 30 0.309000000 
 911 52426 185 0.264000000 
 641 52176 546 0.242000000 
 644 52173 413 0.589000000 
 644 52173 157 0.121000000 
 724 52254 539 0.192000000 
 651 52141 275 0.452000000 
 658 52146 548 0.357469700 
 659 52199 209 0.467811300 
 662 52147 433 0.189687200 
 663 52145 173 0.146000000 
 2865 54503 86 0.412000000 
 665 52168 213 0.360471900 
 725 52258 620 0.117000000 
 646 52523 78 0.249000000 
 647 52553 223 0.242620800 
 649 52201 476 0.188000000 
 7103 56661 440 0.872000000 
 1159 52669 198 0.644000000 
 6658 56606 390 0.564000000 
 623 52051 524 0.199000000 
 8298 57390 907 0.416227580 
 1347 52823 445 0.173000000 
 8521 58175 504 0.735250000 
 973 52426 402 0.105272300 
 2353 53794 484 0.037831910 
 2217 53794 604 0.737000000 
 2226 53819 140 0.224111200 
 7699 57574 722 0.484312000 
 7618 56898 680 0.536619660 
 7636 56989 751 0.175705520 
 6789 56401 576 0.485000000 
 1836 54567 270 0.379100000 
 9311 57743 238 0.239001000 
 1459 53117 193 0.050647320 
 7600 56984 286 0.175702000 
 2656 54484 80 0.470100000 
 10447 58143 467 0.232632000 
 1603 53119 131 0.181661100 
 2506 54179 186 0.540517300 
 2228 53818 466 0.138448400 
 608 52081 135 0.421400000 
 1192 52649 589 0.344200000 
 2373 53768 573 0.128747100 
 1600 53090 212 0.095485300 
 4685 55657 104 0.204800000 
 1375 53084 87 0.196900000 
 7743 58107 378 0.501204000 
 346 51693 223 0.146000000 
 8424 58248 888 0.823563300 
 1939 53389 80 0.261875000 
 1591 52976 496 0.179660600 
 1770 53171 58 0.266400000 
 1705 53848 374 0.176118100 
 364 52000 61 0.047000000 
 2025 53431 26 0.477053900 
 881 52368 160 0.289000000 
 1810 53794 480 0.289808800 
 6369 56217 312 0.215000000 
 9354 57806 516 0.272346000 
 7301 56746 124 0.111000000 
 9591 58084 91 0.993114000 
 1305 52757 179 0.013374940 
 1748 53112 263 0.379900000 
 11052 58438 177 0.387363000 
 1834 54562 189 0.092484760 
 7259 56603 417 0.109827000 
 11109 58523 450 0.184368000 
 367 51997 197 0.273000000 
 7580 56955 314 0.177740420 
 11546 58488 990 0.087589130 
 1693 53446 113 0.068000000 
 2348 53757 242 0.086126000 
 7398 56781 827 0.566000000 
 2533 54585 117 0.233222200 
 1342 52793 516 0.438017000 
 1175 52791 493 0.174675000 
 948 52428 350 0.249094000 
 7701 57356 86 0.222875500 
 7238 56660 981 0.525000000 
 7375 56981 310 0.369148500 
 1937 53388 480 0.104257000 
 503 51999 345 0.218000000 
 630 52050 38 0.339700000 
 1059 52618 327 0.257400000 
 2084 53360 174 0.204100000 
 567 52252 217 0.426621800 
 1216 52709 120 0.067292340 
 398 51789 55 0.202444100 
 11076 58428 750 0.327556500 
 1697 53142 241 0.104079400 
 11061 58428 99 0.402848400 
 7677 57363 981 0.291005100 
 7727 58152 245 0.516098000 
 7237 56662 189 0.056000000 
 973 52426 55 0.524700000 
 1216 52709 394 0.349900000 
 524 52027 531 0.185500000 
 1611 53147 487 0.311500000 
 2281 53711 395 0.085216460 
 641 52176 490 0.239665700 
 729 52468 638 0.087000000 
 1375 53084 177 0.087000000 
 8757 58428 282 0.125189100 
 367 51997 295 0.250000000 
 5179 55957 312 0.592000000 
 554 52000 412 0.330100000 
 639 52146 467 0.328000000 
 355 51788 408 0.269000000 
 8736 57400 768 0.276241450 
 5714 56660 160 0.638000000 
 6255 56240 518 0.170766600 
 7624 57039 818 0.392012120 
 11073 58451 364 0.534560600 
 7687 57007 980 0.323382500 
 8066 57544 318 0.342179100 
 1731 53884 111 0.037876700 
 999 52636 48 0.300200000 
 720 52206 213 0.172722400 
 1283 52762 430 0.121380000 
 7339 56799 548 0.116000000 
 723 52201 500 0.471125200 
 6728 56426 594 0.168000000 
 2149 54509 206 0.110142300 
 2775 54535 352 0.309200000 
 1832 54259 386 0.080800000 
 7291 56992 494 0.312151000 
 533 51994 150 0.054009400 
 7594 56947 624 0.385770740 
 1567 53172 397 0.081831310 
 472 51955 141 0.800867000 
 2369 53733 377 0.480700000 
 9617 58084 638 0.425722000 
 2350 53765 202 0.178010300 
 882 52370 238 0.175000000 
 9170 58048 354 0.183768000 
 7148 56591 816 0.688000000 
 1814 54555 125 0.162400000 
 2063 53359 520 0.117917000 
 1342 52793 548 0.106000000 
 638 52081 514 0.204000000 
 1975 53734 53 0.276700000 
 1313 52790 519 0.262000000 
 7758 58402 112 0.092721650 
 2131 53819 560 0.334600000 
 2346 53734 310 0.262644000 
 783 52325 22 0.307500000 
 8874 57426 261 0.398910000 
 847 52426 558 0.233700000 
 2618 54506 74 0.239747000 
 780 52370 340 0.106955000 
 6456 56339 117 0.283000000 
 883 52430 18 0.083000000 
 6439 56358 928 0.603000000 
 1369 53089 620 0.334800000 
 1038 52673 49 0.413200000 
