 10451 58141 180 0.256000000 
 1606 53055 276 0.391183000 
 8378 57785 16 0.327979400 
 524 52027 165 0.229000000 
 841 52375 294 0.169000000 
 11324 58395 960 0.278408900 
 878 52353 333 0.400000000 
 10911 58256 6 0.257100000 
 956 52401 9 0.198000000 
 290 51941 269 0.471000000 
 919 52409 23 0.082000000 
 1397 53119 190 0.267909400 
 1446 53080 129 0.024661020 
 1006 52708 198 0.065000000 
 489 51930 187 0.747000000 
 490 51929 77 0.491358700 
 494 51915 488 0.274000000 
 493 51957 288 0.632000000 
 493 51957 138 0.608000000 
 772 52375 390 0.435800000 
 775 52295 33 0.356000000 
 600 52317 43 0.133000000 
 780 52370 43 0.148000000 
 603 52056 303 0.718000000 
 452 51911 112 0.484284000 
 8181 57073 710 0.294395500 
 907 52373 331 0.713600000 
 6707 56383 236 0.844000000 
 954 52405 126 0.276851500 
 1312 52781 106 0.118321200 
 6832 56426 264 0.971000000 
 8200 58174 436 0.444000000 
 6791 56429 158 0.404000000 
 8064 58255 596 1.024649000 
 440 51885 309 0.637000000 
 6668 56605 104 0.139688900 
 880 52367 365 0.539000000 
 882 52370 40 0.805000000 
 1667 53430 36 0.470000000 
 8429 57893 724 0.551755100 
 8058 57196 174 0.372581000 
 8055 57187 810 0.196731500 
 8055 57187 202 0.193546350 
 8282 57041 338 0.637691860 
 1360 53033 378 0.255084900 
 1451 53117 285 0.531000000 
 8372 57787 609 0.308308100 
 1285 52723 146 0.595000000 
 7428 56781 64 0.218011500 
 8499 57431 64 0.334000000 
 1287 52728 365 0.137959900 
 1048 52736 286 0.514400000 
 1675 53466 212 0.531000000 
 1290 52734 492 0.543000000 
 6031 56091 116 0.856000000 
 1199 52703 596 0.411185600 
 1274 52995 577 0.657000000 
 8300 57391 185 0.672428700 
 8363 58140 132 0.158962400 
 1427 52996 17 0.099000000 
 8366 57432 818 0.402000000 
 2018 53800 93 0.425100000 
 1379 53084 165 0.545000000 
 1350 52786 457 0.437000000 
 1644 53144 529 0.502000000 
 8494 57104 306 0.547751700 
 1292 52736 415 0.149200300 
 1681 53172 420 0.399700000 
 817 52381 307 0.323000000 
 1336 52759 320 0.451000000 
 1337 52767 27 0.630000000 
 630 52050 370 0.344000000 
 7722 58425 40 0.229707700 
 9356 57809 210 0.179000000 
 1593 52991 560 0.534000000 
 1949 53433 146 0.195000000 
 6455 56370 670 0.318499000 
 1975 53734 305 0.486466900 
 1987 53765 232 0.633000000 
 1993 53762 374 0.685700000 
 2093 53818 561 0.301022600 
 2028 53818 120 0.652100000 
 10751 58220 384 0.662000000 
 1645 53172 316 0.514000000 
 3868 55360 76 0.453000000 
 10744 58199 259 0.426227300 
 1386 53116 30 0.424300000 
 1683 53436 267 0.119000000 
 7761 58071 842 0.417280200 
 7742 58076 664 0.376774800 
 7671 57360 264 0.141937100 
 7734 58133 87 0.258432000 
 931 52619 243 0.260000000 
 1979 53431 39 0.360000000 
 2229 53823 296 0.610200000 
 5997 56309 138 0.845000000 
 2246 53767 501 0.064015540 
 1575 53493 495 0.270151800 
 980 52431 419 0.180000000 
 9614 57835 391 0.274819700 
 2298 53737 282 0.221247500 
 2363 53763 307 0.608201600 
 2481 54086 294 0.329810900 
 2495 54175 409 0.212777900 
 6430 56299 938 0.520038600 
 2656 54484 131 0.050269870 
 2658 54502 111 0.063737530 
 2660 54504 161 0.218426100 
 2662 54505 212 0.272824400 
 2666 54230 591 0.376700000 
 2124 53770 611 0.555000000 
 2163 53823 64 0.629400000 
 7658 57312 432 0.444921970 
 1755 53386 616 0.373000000 
 1768 53442 371 0.531900000 
 2757 54509 132 0.060081870 
 2744 54272 435 0.727200000 
 2765 54535 230 0.453524500 
 2781 54266 369 0.082719750 
 2521 54538 7 0.649900000 
 2575 54085 552 0.671000000 
 2578 54093 479 0.479726100 
 1305 52757 271 0.205000000 
 1603 53119 595 0.195631700 
 1220 52723 49 0.163000000 
 1754 53385 7 0.231000000 
 1696 53116 244 0.203355900 
 2520 54584 249 0.138710400 
 11054 58424 137 0.357035700 
 8756 57687 374 0.293220500 
 11081 58398 412 0.629826900 
 1193 52652 563 0.342000000 
 995 52731 101 0.269000000 
 1002 52646 117 0.299627400 
 4769 55931 172 0.839000000 
 1625 53140 71 0.074425790 
 1799 53556 369 0.049946190 
 1824 53491 402 0.675000000 
 595 52023 467 0.131000000 
 9403 58018 20 0.263000000 
 396 51816 276 0.294261300 
 475 51965 190 0.284000000 
 338 51694 579 0.266000000 
 9150 58043 422 0.431909000 
 7894 57339 131 0.556019900 
 650 52143 18 0.240000000 
 648 52559 220 0.455000000 
 1677 53148 531 0.525000000 
 1275 52996 637 0.185900000 
 5065 55739 54 0.776000000 
 333 52313 443 0.238350000 
 1643 53143 122 0.057642000 
 2105 53472 257 0.136126300 
 957 52398 20 0.476400000 
 1758 53084 206 0.082000000 
 1707 53885 244 0.225908200 
 10748 58224 418 0.410547100 
