 7635 56979 760 0.231141100 
 5357 55956 158 0.130000000 
 1346 52822 278 0.232000000 
 1042 52725 410 0.107000000 
 451 51908 133 0.123280900 
 772 52375 170 0.116786700 
 494 51915 271 0.153000000 
 8515 58192 779 0.253738200 
 8192 57348 118 0.116000000 
 7405 57134 712 0.334000000 
 8864 57428 36 0.249994400 
 9404 58045 676 0.543000000 
 11077 58433 616 0.230711800 
 276 51909 251 0.358946800 
 9139 58038 93 0.206046800 
 497 51989 44 0.298761200 
 2004 53737 188 0.389188900 
 612 52079 545 0.737000000 
 2367 53763 77 0.595055700 
 10268 58487 144 0.165474900 
 2037 53446 15 0.118538700 
 513 51989 110 0.192677400 
 838 52378 211 0.314981800 
 1225 52760 9 0.068924820 
 2656 54484 70 0.222400000 
 2010 53495 292 0.602000000 
 9552 57814 717 0.404529800 
 2108 53473 125 0.187579900 
 1162 52668 323 0.156000000 
 615 52347 108 0.030226590 
 1042 52725 592 0.135611900 
 8427 57846 630 0.326000000 
 2011 53499 633 0.184000000 
 7699 57574 130 0.379726100 
 2651 54507 424 0.127026400 
 2243 53794 479 0.132950000 
 7428 56781 456 0.277000000 
 611 52055 274 0.540000000 
 1355 52823 618 0.329000000 
 10762 58390 882 0.375342100 
 603 52056 415 0.581000000 
 7586 57186 128 0.658803100 
 8858 57450 703 0.288000000 
 438 51884 384 0.156836600 
 8298 57390 613 0.429000000 
 6447 56362 561 0.679000000 
 8502 57512 904 0.539385900 
 6751 56368 946 0.073000000 
 1046 52460 28 0.199000000 
 519 52283 487 0.024000000 
 339 51692 42 0.083000000 
 6388 56309 935 0.051452640 
 10441 58138 916 0.524000000 
 1945 53387 349 0.394000000 
 1010 52649 16 0.187527500 
 5743 56011 160 0.902000000 
 559 52316 387 0.527000000 
 2096 53446 228 0.128000000 
 7394 57131 958 0.437000000 
 1435 52996 606 0.435000000 
 2482 54175 28 0.145953700 
 2493 54115 81 0.110309400 
 6420 56304 818 0.147000000 
 11337 58431 258 0.232846100 
 1435 52996 158 0.119927200 
 578 52339 200 0.052519310 
 11311 58429 748 0.085971010 
 7866 57002 608 0.402536500 
 855 52375 205 0.136000000 
 2127 53859 85 0.016266013 
 7880 57336 743 0.363577220 
 2756 54508 228 0.150900000 
 2770 54510 199 0.338800000 
 1047 52733 355 0.166000000 
 2745 54231 295 0.266153400 
 1785 54439 251 0.132643850 
 2286 53700 16 0.263508000 
 2594 54177 415 0.185700000 
 9208 57688 698 0.174000000 
 8489 57483 652 0.293000000 
 2000 53495 187 0.191000000 
 7606 56977 656 0.549500000 
 10247 58162 834 0.131000000 
 7865 56955 966 0.774075270 
 2665 54232 71 0.493600000 
 9318 58068 284 0.760025900 
 11653 58526 102 0.345328700 
 4990 55743 110 0.828000000 
 9362 57801 772 0.133519800 
 1871 53384 178 0.139704300 
 2296 53735 213 0.290000000 
 996 52641 16 0.423000000 
 1464 53091 415 0.226000000 
 1328 52786 321 0.141000000 
 7885 57336 836 0.357317800 
 6792 56432 754 0.366419400 
 6313 56460 186 0.178527200 
 2264 53682 90 0.266188700 
 9357 57807 985 0.518000000 
 883 52430 320 0.178000000 
 2031 53848 190 0.226160600 
 6475 56337 302 0.165475000 
 2882 54498 10 0.664100000 
 762 52232 498 0.254399700 
 7276 57061 470 0.217811500 
 1190 52670 611 0.058756410 
 10252 58485 382 0.805270800 
 8371 57751 711 0.521000000 
 8219 57429 356 0.432000000 
 622 52054 241 0.125000000 
 7684 57286 95 0.235402630 
 6318 56186 415 0.735000000 
 1689 53177 148 0.072000000 
 946 52407 356 0.090282270 
 1223 52781 628 0.043691090 
 11059 58515 441 0.111493000 
 7845 56980 742 0.335000000 
 1835 54563 513 0.186800000 
 2167 53889 139 0.048325100 
 6038 56090 144 0.593000000 
 2293 53730 278 0.026418200 
 1184 52641 387 0.394000000 
 769 54530 298 0.085053650 
 11341 58428 682 0.214019800 
 2216 53795 298 0.579800000 
 285 51930 280 0.259690200 
 3836 55302 258 0.378950000 
 1004 52723 280 0.440000000 
 2239 53726 547 0.652500000 
 7647 57655 103 0.158127700 
 7589 56946 345 0.262844920 
 7627 56933 402 0.108246140 
 404 51812 141 0.042540440 
 9597 58137 587 0.448000000 
 1236 52751 18 0.101000000 
 723 52201 94 0.292000000 
 11321 58425 980 0.131453500 
 1317 52765 20 0.320000000 
 1298 52964 155 0.341749800 
 940 52670 190 0.380466700 
 554 52000 364 0.101000000 
 830 52293 275 0.134726600 
 447 51877 626 0.273609600 
 1236 52751 482 0.393523800 
 2515 54180 620 0.423800000 
 6139 56192 440 0.096000000 
 848 52669 418 0.511695500 
 2783 54524 432 0.528600000 
 1840 53472 16 0.570000000 
 10748 58224 386 0.352146000 
 10748 58224 856 0.532000000 
 2884 54526 56 0.126479800 
 905 52643 369 0.116685100 
 2228 53818 188 0.381005700 
 2603 54479 200 0.190300000 
 2595 54207 150 0.297642700 
 517 52024 153 0.422237100 
 6760 56425 390 0.030129860 
 6059 56093 592 0.886000000 
 4053 55591 38 0.019339599 
 2773 54533 466 0.077211920 
 7563 56810 156 0.050504700 
 2134 53876 268 0.262300000 
 4994 55739 945 0.283000000 
 1950 53436 265 0.195500900 
 498 51984 19 0.365000000 
 7658 57312 702 0.120245100 
 7852 56987 959 0.300099550 
 7595 56957 758 0.689000000 
 1404 52825 235 0.048000000 
 7683 58133 161 0.417876700 
 5694 56213 51 0.451858300 
 1056 52764 444 0.069493850 
 2646 54479 204 0.434400000 
 8535 58019 637 0.797563700 
 2781 54266 54 0.227330900 
 2167 53889 451 0.228900000 
 1659 53224 547 0.158000000 
 8068 57185 768 0.224661100 
 9145 58041 86 0.532549300 
 8222 57431 146 0.519000000 
 2947 54533 315 0.402000000 
 523 52026 215 0.342872800 
 1795 54507 239 0.601000000 
 2755 54507 376 0.084429900 
 1397 53119 19 0.632000000 
 1626 53472 292 0.286400000 
 8378 57785 916 0.331000000 
 398 51789 10 0.054354180 
 1684 53239 507 0.329000000 
 526 52312 537 0.269000000 
 2756 54508 579 0.719323800 
 7861 57281 627 0.667159000 
 4983 55836 260 0.064575900 
 2533 54585 612 0.147600000 
 10655 58172 299 0.262000000 
 601 52316 501 0.312000000 
 8220 57432 425 0.270000000 
 8220 57432 650 0.156000000 
 1971 53472 348 0.243000000 
 1618 53116 445 0.150870500 
 8489 57483 290 0.467000000 
 9333 58076 26 0.560156000 
 9384 58080 775 0.366000000 
 2758 54523 14 0.237400000 
 1732 53501 251 0.229000000 
 2517 54567 133 0.092822540 
 7290 57073 896 0.602000000 
 1273 52993 348 0.574785800 
 11675 58523 812 0.201456700 
 793 52370 368 0.709000000 
 1811 53533 15 0.230000000 
 8061 58253 572 0.234655200 
 665 52168 319 0.303292500 
 627 52144 151 0.166000000 
 964 52646 80 0.558000000 
 10460 58161 61 0.178000000 
 8877 57782 602 0.172000000 
 8399 57843 762 0.257000000 
 10251 58173 578 0.467312500 
 2136 53494 160 0.100000000 
 1842 53501 67 0.276000000 
 10913 58256 231 0.257000000 
 976 52413 619 0.101000000 
 9587 57784 701 0.218385000 
 1366 53063 252 0.208974100 
 1668 53433 60 0.569000000 
 1463 53063 521 0.672000000 
 519 52283 280 0.239983500 
 1233 52734 312 0.415839400 
 1769 53502 592 0.070000000 
 7685 57062 318 0.414929700 
 1330 52822 336 0.547000000 
 7103 56661 476 0.199510700 
 5856 56090 134 0.352823600 
 6492 56362 190 0.242000000 
 2774 54534 430 0.110900000 
 604 52079 90 0.116000000 
 5991 56076 484 0.074713500 
 2955 54562 608 0.603482000 
 622 52054 512 0.253999000 
 2748 54234 628 0.268100000 
 1051 52468 206 0.696000000 
 971 52644 558 0.261379500 
 1788 54468 370 0.293440000 
 7111 56741 542 0.976000000 
 490 51929 61 0.438000000 
 489 51930 370 0.199000000 
 489 51930 230 0.552000000 
 489 51930 223 0.202000000 
 491 51942 561 0.194000000 
 490 51929 62 0.397000000 
 7114 56748 156 0.966000000 
 597 52059 445 0.535000000 
 597 52059 379 0.422900000 
 601 52316 453 0.717000000 
 6973 56741 728 0.223000000 
 496 51988 481 0.732000000 
 6826 56449 722 0.681000000 
 496 51988 99 0.451000000 
 1876 54464 284 0.114135100 
 1786 54450 540 0.165831400 
 8197 57064 907 0.341254000 
 5722 56008 294 0.917000000 
 1787 54465 3 0.306868800 
 485 51909 506 0.295013200 
 486 51910 209 0.484000000 
 8190 57448 576 0.776473340 
 488 51914 550 0.216000000 
 773 52376 530 0.527000000 
 488 51914 29 0.486871900 
 773 52376 36 0.475000000 
 7096 56683 930 0.421000000 
 7090 56659 282 0.370000000 
 561 52295 59 0.282000000 
 559 52316 395 0.332000000 
 7110 56746 146 0.516000000 
 596 52370 276 0.789000000 
 596 52370 71 0.413000000 
 597 52059 217 0.125271700 
 7109 56658 696 0.895000000 
 7107 56740 516 0.758000000 
 561 52295 632 0.730000000 
 3211 54852 404 0.233000000 
 8183 57375 644 0.394000000 
 8183 57375 657 0.595174550 
 778 54525 435 0.235000000 
 776 52319 153 0.676000000 
 779 52342 43 0.594000000 
 6972 56426 314 0.504000000 
 2881 54502 456 0.387013400 
 782 52320 59 0.052000000 
 956 52401 553 0.493300000 
 603 52056 281 0.347000000 
 787 52320 348 0.653000000 
 498 51984 288 0.531000000 
 6815 56419 398 0.737000000 
 605 52353 239 0.504000000 
 788 52338 568 0.675000000 
 788 52338 329 0.308000000 
 6983 56447 734 0.351000000 
 611 52055 280 0.660000000 
 607 52368 2 0.535000000 
 608 52081 632 0.285000000 
 8068 57185 927 0.572171870 
 1782 53299 317 0.780000000 
 1871 53384 16 0.451215000 
 1782 53299 245 0.308000000 
 7279 57071 615 0.442000000 
 7275 57093 221 0.448000000 
 553 51999 427 0.267967700 
 8194 57401 428 0.710000000 
 8196 57346 328 0.411988900 
 7283 57063 660 0.293000000 
 7285 56991 940 0.474000000 
 7283 57063 436 0.469000000 
 769 54530 189 0.413000000 
 768 52281 368 0.686000000 
 555 52266 86 0.180000000 
 946 52407 411 0.568000000 
 557 52253 61 0.688275600 
 904 52381 358 0.388000000 
 949 52427 550 0.162000000 
 8189 57448 190 0.665152800 
 7094 56660 628 0.710000000 
 8178 57428 348 0.358271570 
 6704 56388 945 0.503848800 
 8173 57375 840 0.610647900 
 1010 52649 331 0.229000000 
 7092 56683 698 0.447793600 
 8177 57374 350 0.282658370 
 909 52379 272 0.356000000 
 6705 56636 620 0.465000000 
 1313 52790 322 0.202365200 
 1315 52791 470 0.619000000 
 1314 53050 15 0.574000000 
 1313 52790 181 0.730000000 
 1019 52707 231 0.225851600 
 1017 52706 92 0.610000000 
 1317 52765 349 0.209000000 
 8232 58135 800 0.354000000 
 6832 56426 728 0.386000000 
 6681 56419 776 1.006000000 
 958 52410 104 0.637000000 
 959 52411 192 0.192000000 
 958 52410 163 0.567000000 
 1320 52759 322 0.425300000 
 8201 58146 341 0.259067000 
 1040 52722 457 0.528000000 
 6760 56425 992 0.328000000 
 8199 57428 390 0.646000000 
 959 52411 16 0.453688300 
 6827 56428 824 0.599000000 
 8206 57424 593 0.512000000 
 8206 57424 775 0.221000000 
 6806 56419 426 0.425000000 
 8398 57870 614 0.250663800 
 1162 52668 600 0.073000000 
 1160 52674 1 0.780000000 
 7030 56448 822 0.676000000 
 610 52056 622 0.649000000 
 791 52435 44 0.334000000 
 8415 57893 890 0.513000000 
 793 52370 421 0.470000000 
 8424 58248 519 0.614653200 
 615 52347 630 0.446000000 
 8424 58248 372 0.430898200 
 617 52072 321 0.439000000 
 615 52347 128 0.487000000 
 617 52072 595 0.480000000 
 8413 57897 384 0.609359400 
 8419 58249 139 0.367971500 
 8419 58249 211 0.440783800 
 8420 58197 757 0.854529000 
 8067 58253 822 0.319256500 
 8067 58253 359 0.523020200 
 6793 56430 270 0.515000000 
 7563 56810 612 0.562428100 
 8065 58248 144 0.575070700 
 7564 56804 619 0.876000000 
 1781 53297 301 0.157000000 
 1780 53090 595 0.463000000 
 1869 53327 73 0.161000000 
 1780 53090 189 0.270000000 
 440 51885 415 0.571000000 
 440 51885 505 0.685000000 
 7378 56715 496 0.545000000 
 444 51883 475 0.543000000 
 444 51883 16 0.730000000 
 7310 56693 704 0.355000000 
 447 51877 163 0.288000000 
 445 51873 75 0.323000000 
 553 51999 48 0.219000000 
 553 51999 228 0.519648400 
 901 52641 310 0.238000000 
 8182 56993 843 0.436508100 
 768 52281 511 0.299000000 
 7287 57042 852 0.218000000 
 902 52409 421 0.742000000 
 767 52252 24 0.440000000 
 7298 56661 548 0.616000000 
 901 52641 201 0.261928900 
 7299 56686 36 0.830000000 
 903 52400 420 0.484000000 
 905 52643 258 0.425000000 
 6668 56605 766 0.831000000 
 8175 57039 36 0.369000000 
 903 52400 88 0.431378100 
 1009 52644 218 0.290000000 
 1007 52706 429 0.211000000 
 1007 52706 628 0.178000000 
 7382 56991 532 0.390000000 
 6703 56636 643 1.011000000 
 878 52353 339 0.476700000 
 8161 57127 653 0.214000000 
 876 52669 233 0.639000000 
 876 52669 33 0.594000000 
 963 52643 545 0.287000000 
 1012 52649 216 0.239000000 
 6685 56412 826 0.449952900 
 8219 57429 922 0.232595530 
 6683 56416 1000 0.802000000 
 8225 57375 474 0.226206240 
 3173 54849 622 0.392000000 
 1446 53080 366 0.723000000 
 884 52374 625 0.520136800 
 6675 56415 944 0.719000000 
 1279 52736 339 0.215500000 
 1279 52736 391 0.230381200 
 7418 57165 978 0.388000000 
 8226 57423 234 0.731000000 
 7415 57097 685 0.474000000 
 6675 56415 226 0.540000000 
 1453 53084 369 0.566000000 
 6670 56389 322 0.382000000 
 6759 56416 78 0.536000000 
 1280 52738 460 0.386000000 
 6743 56385 575 0.624000000 
 1281 52753 389 0.551000000 
 1282 52759 429 0.313000000 
 7416 56810 844 0.502000000 
 1281 52753 91 0.715000000 
 8209 57427 828 0.536299350 
 1043 52465 74 0.280800000 
 1669 53433 421 0.418000000 
 8211 57423 492 1.012000000 
 7030 56448 59 0.748000000 
 1044 52468 52 0.693000000 
 1670 54553 586 0.246000000 
 8434 57484 582 0.656343000 
 1671 53446 11 0.694400000 
 1673 53462 481 0.747000000 
 1327 52781 602 0.694000000 
 6719 56390 894 0.357000000 
 1327 52781 223 0.731000000 
 7032 56471 87 0.219000000 
 1329 52767 402 0.438000000 
 1046 52460 627 0.783000000 
 8401 57482 201 0.640527500 
 1047 52733 436 0.639000000 
 1047 52733 300 0.036000000 
 8433 57488 24 0.426424830 
 8432 57834 146 0.345000000 
 8396 57837 931 0.165355700 
 795 52378 170 0.291000000 
 1330 52822 440 0.397000000 
 1167 52738 497 0.321000000 
 616 52442 209 0.467000000 
 6709 56429 236 0.313000000 
 618 52049 210 0.767000000 
 618 52049 140 0.287000000 
 620 52375 578 0.286200000 
 796 52401 542 0.114000000 
 8407 57839 156 0.534000000 
 796 52401 233 0.590000000 
 622 52054 331 0.246000000 
 622 52054 249 0.290000000 
 8437 57894 336 0.347820600 
 8063 57576 24 0.749356200 
 8056 57186 986 0.554213900 
 8060 57894 850 0.284000000 
 8538 57549 682 0.479719300 
 8538 57549 604 1.045629000 
 6319 56452 942 0.796000000 
 1867 53317 340 0.381670400 
 6386 56325 255 0.494000000 
 1735 53035 469 0.088000000 
 441 51868 621 0.285000000 
 7379 56713 696 0.515000000 
 439 51877 10 0.183246800 
 6379 56340 295 0.224000000 
 8277 57073 186 0.276000000 
 5736 55984 508 0.923000000 
 8281 57042 240 0.515625000 
 761 54524 603 0.541000000 
 830 52293 537 0.261000000 
 5741 55980 70 0.638000000 
 4694 55649 574 1.039000000 
 7284 56683 383 0.259000000 
 870 52325 486 0.132360100 
 870 52325 119 0.576000000 
 7385 56710 214 0.363778300 
 943 52376 127 0.260000000 
 8287 57401 718 0.540968660 
 1218 52709 574 0.253600400 
 1358 52994 558 0.343900000 
 8288 57419 94 0.668000000 
 4557 55588 474 0.812000000 
 1217 52672 520 0.367000000 
 6664 56383 360 0.446189400 
 962 52620 127 0.313000000 
 1431 52992 354 0.184813200 
 964 52646 60 0.072461670 
 1436 53054 148 0.787000000 
 1436 53054 121 0.732000000 
 4685 55657 522 0.731000000 
 1363 53053 168 0.049000000 
 6644 56384 560 0.863000000 
 1442 53050 556 0.296000000 
 1367 53083 629 0.595000000 
 1366 53063 42 0.250000000 
 8370 57520 286 0.219655540 
 1366 53063 21 0.196000000 
 1451 53117 182 0.398000000 
 1451 53117 90 0.652517900 
 1451 53117 290 0.720000000 
 1371 52821 373 0.111395000 
 8371 57751 881 0.369611700 
 1371 52821 252 0.460457300 
 8373 57785 159 0.322000000 
 1455 53089 560 0.626000000 
 6635 56370 668 0.468000000 
 1457 53116 199 0.324000000 
 7422 56799 354 1.015378000 
 1456 53115 455 0.511000000 
 1459 53117 241 0.459000000 
 1459 53117 133 0.703000000 
 1459 53117 225 0.226000000 
 1461 53062 283 0.161000000 
 1374 53083 191 0.420603200 
 1374 53083 178 0.133000000 
 8378 57785 406 0.450880000 
 1465 53082 280 0.317000000 
 7407 56772 164 0.319000000 
 1467 53115 293 0.489000000 
 6626 56330 722 0.310000000 
 6750 56367 830 0.670000000 
 1287 52728 75 0.519000000 
 1467 53115 626 0.177413900 
 1467 53115 588 0.094000000 
 8501 57519 604 0.328215000 
 1467 53115 286 0.403000000 
 8503 57519 272 0.961753600 
 8489 57483 812 0.905115400 
 8489 57483 618 0.409492340 
 1674 53464 217 0.544000000 
 8491 57488 150 0.524998550 
 1676 53147 394 0.325000000 
 1675 53466 10 0.175000000 
 1290 52734 570 0.528000000 
 8493 58162 760 0.847662000 
 6060 56074 804 0.659000000 
 6061 56076 557 0.447000000 
 1396 53112 472 0.216000000 
 1331 52766 75 0.506000000 
 1050 52721 584 0.176000000 
 8519 58198 990 0.969370000 
 1168 52731 455 0.500000000 
 8507 57878 542 0.528000000 
 6729 56419 258 0.771000000 
 1052 52466 424 0.387000000 
 8511 57901 324 0.639000000 
 6029 56099 24 0.838000000 
 626 52057 355 0.340000000 
 8525 57900 628 0.583000000 
 815 52374 177 0.331000000 
 1170 52756 300 0.071599090 
 8539 58021 698 0.672398800 
 8541 58257 297 0.331296100 
 8532 58022 384 0.210138100 
 432 51884 382 0.292000000 
 1734 53034 275 0.074042220 
 432 51884 276 0.743400000 
 433 51873 422 0.412000000 
 9368 57817 223 0.395852600 
 9368 57817 368 0.411903400 
 8292 57373 440 0.420326700 
 9359 58056 34 0.279370400 
 895 52581 25 0.225000000 
 8297 57416 531 0.176787200 
 829 52296 58 0.170000000 
 8829 57446 421 0.536540270 
 4642 55926 268 0.585000000 
 3223 54865 323 0.188000000 
 1217 52672 10 0.206000000 
 1277 52765 332 0.205534700 
 1276 53035 493 0.321000000 
 4570 55623 396 0.587000000 
 1276 53035 210 0.509000000 
 8363 58140 850 0.361394100 
 1358 52994 209 0.798000000 
 1359 53002 505 0.682201500 
 8302 57389 717 0.612000000 
 8363 58140 436 0.361379000 
 1359 53002 54 0.472000000 
 8855 57780 634 0.387000000 
 8856 57453 922 0.538000000 
 1437 53046 229 0.656000000 
 1435 52996 170 0.605000000 
 1435 52996 275 0.506000000 
 8822 58167 271 0.534000000 
 2091 53447 383 0.589000000 
 2091 53447 547 0.144800000 
 1439 53003 631 0.486372800 
 1447 53120 96 0.074000000 
 1995 53415 390 0.312000000 
 1986 53475 465 0.414000000 
 3238 54885 466 0.318000000 
 1986 53475 518 0.416000000 
 8834 57458 798 0.220896500 
 8834 57458 447 0.194000000 
 4701 55709 224 0.826000000 
 8864 57428 812 0.399000000 
 4613 55591 748 0.855000000 
 8866 57457 851 0.375929030 
 8836 57424 842 0.903122070 
 1989 53772 110 0.264167400 
 2000 53495 193 0.319000000 
 2022 53827 364 0.063340720 
 8868 57781 650 0.502091900 
 2031 53848 332 0.786700000 
 1458 53119 89 0.430000000 
 1977 53475 376 0.300000000 
 4706 55705 170 0.629000000 
 2021 53475 78 0.557000000 
 2021 53475 27 0.140009900 
 8839 57846 348 0.898014100 
 3981 55603 222 0.616000000 
 2032 53815 397 0.232600000 
 1989 53772 1 0.272600000 
 8875 57779 686 0.426485200 
 2032 53815 220 0.066831870 
 1345 52814 134 0.661000000 
 8390 57485 804 0.223000000 
 1464 53091 570 0.489000000 
 1345 52814 44 0.501000000 
 1377 53050 404 0.164000000 
 4707 55653 946 0.742000000 
 1464 53091 550 0.231000000 
 8846 57428 914 0.476789440 
 1464 53091 183 0.464000000 
 1977 53475 542 0.435000000 
 8847 57429 496 0.580836400 
 1977 53475 26 0.450000000 
 8504 57518 766 0.937580300 
 6630 56358 359 0.633317300 
 1379 53084 328 0.701345900 
 8504 57518 403 0.410000000 
 1378 53061 476 0.063000000 
 4711 55737 506 0.808000000 
 1379 53084 13 0.729000000 
 1380 53084 248 0.423000000 
 8497 58161 492 0.578000000 
 1348 53084 488 0.554000000 
 10752 58488 516 0.581028700 
 10749 58485 473 0.348000000 
 1349 52797 185 0.161000000 
 1349 52797 290 0.378000000 
 10749 58485 54 0.330000000 
 1380 53084 549 0.489000000 
 1381 53089 581 0.672000000 
 10753 58242 934 0.332157100 
 8520 58191 485 0.573000000 
 1290 52734 83 0.598000000 
 1291 52738 23 0.777000000 
 6054 56089 463 0.787000000 
 11649 58514 810 0.558000000 
 1397 53119 98 0.340000000 
 1398 53146 427 0.516000000 
 1398 53146 236 0.597000000 
 1383 53116 414 0.320000000 
 10747 58220 862 0.096447380 
 8520 58191 312 0.373917200 
 1679 53149 40 0.481000000 
 1679 53149 311 0.495000000 
 1293 52765 401 0.206000000 
 1293 52765 411 0.279000000 
 4977 56047 506 0.861000000 
 1294 52753 191 0.434000000 
 1399 53172 54 0.213000000 
 10741 58230 252 0.381293200 
 10743 58222 410 0.371172100 
 1400 53470 305 0.197000000 
 1335 52824 505 0.405000000 
 8513 57842 615 0.318000000 
 1336 52759 354 0.513000000 
 1055 52761 389 0.219000000 
 10737 58254 34 0.677000000 
 10733 58244 469 0.551561100 
 1171 52753 575 0.294000000 
 8524 57656 287 0.410000000 
 816 52379 125 0.531000000 
 5189 56074 432 0.418000000 
 1336 52759 155 0.244000000 
 1173 52790 531 0.586000000 
 1336 52759 38 0.445000000 
 10731 58247 959 0.394345100 
 10731 58247 389 0.910701900 
 8529 58013 210 0.539000000 
 820 52438 575 0.771000000 
 1173 52790 11 0.588000000 
 8544 58281 941 0.899480200 
 10763 58395 272 0.541609600 
 10723 58287 742 0.136247800 
 7719 58082 706 0.181688100 
 6602 56571 862 0.790773600 
 7732 58108 694 0.395083200 
 7728 58138 660 0.654644900 
 9362 57801 818 0.220469100 
 9363 57742 36 0.207397610 
 755 52235 548 0.610000000 
 891 52584 78 0.400000000 
 890 52583 415 0.412000000 
 9353 57814 182 0.843279100 
 1061 52641 116 0.041003840 
 5184 56352 907 0.730000000 
 1273 52993 569 0.221000000 
 1273 52993 458 0.136000000 
 10244 58225 130 0.433713800 
 1593 52991 38 0.685000000 
 10240 58158 73 0.619423900 
 10227 58224 456 0.578000000 
 1941 53386 632 0.101256700 
 8852 57449 464 0.228000000 
 1594 52992 537 0.310000000 
 1946 53432 558 0.163000000 
 11378 58437 806 0.365743200 
 8856 57453 490 0.142986500 
 1951 53389 186 0.438500000 
 1951 53389 66 0.144359900 
 1953 53358 394 0.141000000 
 1973 53432 100 0.510000000 
 2025 53431 457 0.372000000 
 10268 58487 464 0.703549200 
 6451 56358 944 0.702000000 
 6448 56365 554 0.376845600 
 6445 56366 666 0.447000000 
 10465 58144 365 0.860000000 
 10464 58155 822 0.720000000 
 2106 53714 409 0.122842800 
 2092 53460 618 0.228000000 
 2113 53468 237 0.590000000 
 2105 53472 178 0.559000000 
 2099 53469 186 0.222000000 
 1991 53446 497 0.374047100 
 4601 55589 170 0.806000000 
 2010 53495 573 0.383000000 
 8866 57457 396 0.643000000 
 1999 53503 29 0.437000000 
 2004 53737 575 0.222024000 
 1971 53472 461 0.645000000 
 1971 53472 397 0.540000000 
 2013 53818 29 0.728200000 
 2230 53799 566 0.300240800 
 2022 53827 222 0.547500000 
 10248 58220 280 0.536000000 
 6482 56358 704 0.812000000 
 1994 53845 559 0.307701400 
 10250 58472 93 0.511488000 
 1994 53845 205 0.510400000 
 1993 53762 221 0.142263800 
 3980 55331 173 0.535497200 
 2093 53818 225 0.662700000 
 2029 53819 571 0.332900000 
 2093 53818 123 0.176500000 
 2109 53468 290 0.092000000 
 2104 53852 589 0.398800000 
 2104 53852 183 0.376900000 
 2101 53858 118 0.284400000 
 2028 53818 323 0.782400000 
 8878 57785 255 0.315000000 
 1993 53762 142 0.221500000 
 10257 58526 948 0.944727900 
 10258 58492 397 0.191117800 
 10258 58492 92 0.395005700 
 10257 58526 53 0.880902700 
 2109 53468 170 0.665000000 
 2110 53467 637 0.194483400 
 3859 55246 502 0.670000000 
 10760 58224 93 0.489000000 
 8878 57785 10 0.620000000 
 2121 54180 478 0.560300000 
 1840 53472 206 0.682000000 
 2121 54180 156 0.257735200 
 2129 54252 402 0.179958400 
 4714 56041 422 0.787000000 
 4714 56041 374 0.829000000 
 1645 53172 618 0.262000000 
 1646 53498 484 0.697000000 
 1646 53498 159 0.550000000 
 1841 53491 166 0.196000000 
 10938 58514 295 0.469485000 
 1842 53501 566 0.724000000 
 1352 52819 169 0.615000000 
 10747 58220 524 0.520000000 
 10747 58220 364 0.539664900 
 1647 53531 414 0.470000000 
 1647 53531 628 0.644421900 
 3315 54942 264 0.238000000 
 1843 53816 527 0.082960800 
 1386 53116 147 0.601000000 
 1386 53116 82 0.301000000 
 10736 58274 46 0.461000000 
 1580 53145 556 0.287000000 
 1056 52764 24 0.704000000 
 1683 53436 88 0.177000000 
 1419 53144 636 0.383000000 
 4953 55749 712 0.734000000 
 1420 53146 581 0.136000000 
 820 52438 519 0.478000000 
 819 52409 285 0.472000000 
 10722 58281 310 0.283888100 
 820 52438 107 0.143000000 
 10725 58250 64 0.342426400 
 1174 52782 63 0.306000000 
 1339 52767 466 0.185000000 
 972 52435 520 0.094000000 
 972 52435 259 0.717000000 
 10915 58257 316 0.965351000 
 10723 58287 757 0.558892000 
 4988 55825 856 0.917000000 
 10721 58288 441 0.289847900 
 974 52427 548 0.691000000 
 972 52435 80 0.335000000 
 2973 54591 190 0.181200000 
 2974 54592 627 0.210700000 
 978 52441 428 0.283000000 
 10723 58287 918 0.171200000 
 7710 58284 72 0.739145900 
 11634 58484 809 0.165950100 
 11634 58484 884 0.779970600 
 7764 58042 576 0.524162600 
 7760 58080 287 0.183761800 
 7694 57359 862 0.492960600 
 7694 57359 958 0.584136700 
 7662 57358 518 0.295164400 
 7727 58152 537 0.362687800 
 7686 57015 148 0.423279050 
 7682 57415 836 0.303691500 
 7685 57062 116 0.385718900 
 6601 56335 226 0.617704500 
 7689 57743 768 0.714698000 
 889 52663 186 0.327000000 
 1059 52618 453 0.344255700 
 11095 58439 264 0.622178900 
 4451 55537 134 0.821000000 
 1268 52933 640 0.513000000 
 1268 52933 270 0.225986600 
 10659 58161 579 0.764158900 
 4455 55539 988 0.826000000 
 10659 58161 450 0.696000000 
 9612 57801 240 0.320973800 
 10437 58135 993 0.538000000 
 1589 52972 201 0.146000000 
 10660 58466 619 0.198000000 
 1939 53389 347 0.063000000 
 10440 58138 469 0.226000000 
 9632 58130 555 0.439000000 
 9603 58132 129 0.870566900 
 10430 58155 238 0.387000000 
 10430 58155 187 0.452000000 
 10435 58156 268 0.684000000 
 11348 58438 530 0.103572800 
 11347 58440 66 0.267000000 
 11347 58440 418 0.646113200 
 1944 53385 106 0.276000000 
 5791 56255 594 0.749000000 
 1953 53358 417 0.131000000 
 11380 58462 342 0.527077300 
 10449 58137 551 0.803993400 
 11351 58440 897 0.692990500 
 10453 58136 57 0.467918000 
 9628 58135 184 0.192570500 
 10454 58135 999 0.457317800 
 11352 58456 686 0.913484300 
 10463 58145 699 0.282156100 
 6457 56330 815 0.304000000 
 2355 53792 341 0.103733900 
 10469 58133 234 0.627050000 
 6417 56308 822 0.380000000 
 2092 53460 9 0.240800000 
 2218 53816 408 0.179058610 
 2218 53816 34 0.501600000 
 2216 53795 317 0.254900000 
 2222 53799 517 0.693200000 
 2224 53815 261 0.688700000 
 2226 53819 330 0.759800000 
 2223 53793 406 0.451800000 
 6411 56331 522 0.437000000 
 2514 53882 566 0.809700000 
 5971 56064 947 0.395000000 
 2233 53845 196 0.440800000 
 2658 54502 370 0.277600000 
 2237 53828 587 0.363100000 
 2234 53823 199 0.158702400 
 11397 58522 170 1.003893000 
 2237 53828 234 0.274328800 
 11397 58522 326 0.397049000 
 2236 53729 616 0.497900000 
 2238 54205 466 0.638400000 
 2235 53847 431 0.593500000 
 2236 53729 588 0.406200000 
 2658 54502 576 0.128775400 
 6486 56328 674 0.305000000 
 6487 56362 284 0.808000000 
 2009 53904 546 0.246300000 
 2011 53499 372 0.165000000 
 6483 56341 544 0.559000000 
 6480 56340 934 0.679000000 
 2242 54153 539 0.404187900 
 2242 54153 593 0.461800000 
 2238 54205 635 0.512600000 
 2242 54153 199 0.435600000 
 2241 54169 42 0.588400000 
 2661 54505 550 0.195800000 
 11401 58491 720 0.442311000 
 6492 56362 298 0.433000000 
 2110 53467 133 0.739000000 
 2110 53467 43 0.220000000 
 2017 53474 345 0.648000000 
 2002 53471 3 0.124000000 
 2244 53795 566 0.458100000 
 2245 54208 533 0.419500000 
 6494 56363 567 0.340000000 
 2116 53854 487 0.374500000 
 2094 53851 630 0.117800000 
 2017 53474 180 0.227600000 
 6006 56105 84 0.308000000 
 2115 53535 428 0.425000000 
 6002 56104 117 0.389691400 
 2115 53535 388 0.387900000 
 2129 54252 199 0.556900000 
 2126 53794 390 0.642100000 
 2126 53794 187 0.139976800 
 2130 53881 390 0.266171300 
 6018 56067 338 0.445000000 
 2127 53859 396 0.232659600 
 6010 56097 530 0.451000000 
 6008 56093 964 0.322000000 
 2135 53827 396 0.368000000 
 1843 53816 200 0.747700000 
 2137 54206 501 0.385700000 
 2142 54208 475 0.806700000 
 6023 56069 252 0.808000000 
 1844 54138 446 0.193500000 
 1844 54138 8 0.360400000 
 2146 54230 141 0.060873900 
 1390 53142 232 0.549900500 
 1391 52817 578 0.323000000 
 1393 52824 388 0.468000000 
 1656 53533 343 0.414300000 
 1685 53463 196 0.208000000 
 1685 53463 260 0.254000000 
 1407 52886 281 0.250000000 
 1408 52822 565 0.097000000 
 1576 53496 504 0.395000000 
 1408 52822 298 0.781000000 
 1691 53260 210 0.271000000 
 980 52431 338 0.544000000 
 977 52410 125 0.107000000 
 980 52431 222 0.255000000 
 5964 56098 192 0.215835000 
 7707 57663 418 0.960308100 
 7647 57655 393 0.170643400 
 7645 57573 421 0.393540700 
 7644 57327 985 0.285940300 
 7648 57329 724 0.334599350 
 7655 57336 282 0.591716100 
 7769 58420 178 0.461009100 
 7706 57575 607 0.288631800 
 7770 58044 913 0.102532800 
 7770 58044 416 0.278438000 
 7699 57574 566 0.059425530 
 7664 57367 282 0.118716550 
 7673 57329 482 0.164964440 
 7672 57339 400 0.354875060 
 7616 56902 768 0.275957350 
 7619 56900 970 0.399496320 
 7619 56900 565 0.102738130 
 7619 56900 356 0.559147100 
 7679 57367 59 0.254948600 
 7630 57006 625 0.437649800 
 7629 56988 845 0.251598800 
 9601 58083 951 0.703208000 
 11122 58437 402 0.440036700 
 1931 53358 208 0.122000000 
 2280 53680 620 0.084159250 
 9564 57817 714 0.341734000 
 2277 53705 579 0.180436700 
 11675 58523 276 0.478766900 
 9562 57817 802 0.202565500 
 9617 58084 753 0.663996300 
 9580 57865 550 0.499918900 
 9561 57809 36 0.242730900 
 9622 58130 854 0.513762000 
 9622 58130 190 0.804125200 
 9617 58084 143 0.634832500 
 9578 57817 788 0.463297000 
 2362 53759 565 0.115575300 
 9578 57817 916 0.258819400 
 9579 57867 169 0.575510000 
 2349 53734 60 0.173572900 
 6424 56272 640 0.233000000 
 2349 53734 122 0.282241700 
 2366 53741 639 0.474400000 
 2355 53792 105 0.055108500 
 2493 54115 264 0.242953800 
 6420 56304 978 0.564000000 
 6420 56304 254 0.419904300 
 2501 54084 120 0.534700000 
 6421 56274 765 0.918000000 
 2505 53856 241 0.437600000 
 2504 54179 342 0.291400000 
 2507 53876 85 0.177195800 
 6430 56299 236 0.314000000 
 2502 54180 425 0.249008600 
 2655 54184 475 0.491500000 
 2656 54484 311 0.109861000 
 2655 54184 91 0.176421400 
 2644 54210 369 0.428700000 
 2511 53882 529 0.139361800 
 2643 54208 296 0.347000000 
 2658 54502 154 0.268200000 
 2646 54479 531 0.160680250 
 2647 54495 160 0.523300000 
 2646 54479 283 0.348601900 
 2659 54498 591 0.544700000 
 2661 54505 156 0.396333500 
 2661 54505 197 0.188500000 
 2648 54485 334 0.722500000 
 2649 54212 484 0.086175430 
 2663 54234 483 0.424800000 
 2663 54234 426 0.313043600 
 2662 54505 548 0.602400000 
 2662 54505 155 0.614900000 
 2662 54505 163 0.245533600 
 2664 54524 301 0.619500000 
 2650 54505 492 0.489400000 
 2618 54506 321 0.304600000 
 2665 54232 573 0.650400000 
 2641 54230 570 0.530300000 
 2124 53770 219 0.745000000 
 2784 54529 83 0.344710100 
 2785 54537 194 0.764900000 
 2769 54527 634 0.458100000 
 2769 54527 12 0.300900000 
 2136 53494 305 0.079000000 
 2787 54552 453 0.134173800 
 2152 53874 108 0.443600000 
 2153 54212 580 0.429000000 
 2153 54212 80 0.080113490 
 2156 54525 390 0.080477620 
 2153 54212 259 0.304700000 
 2791 54556 112 0.335600000 
 1656 53533 505 0.369000000 
 1851 53524 159 0.566000000 
 2168 53886 484 0.264600000 
 1657 53520 423 0.658000000 
 1853 53566 561 0.334800000 
 1572 53177 562 0.059000000 
 1425 52913 626 0.367000000 
 7583 56958 580 0.404827450 
 7583 56958 965 0.243760700 
 7585 57190 585 0.584454100 
 6118 56189 732 0.570000000 
 7613 56988 798 0.231752900 
 7612 56972 474 0.392243300 
 7670 57328 970 0.471928600 
 7603 56960 613 0.128459400 
 7606 56977 284 0.346099900 
 6518 56567 570 0.655000000 
 7668 57579 11 0.763981900 
 7667 57580 178 0.157162700 
 7590 56944 382 0.840716060 
 7588 56903 970 0.155373930 
 6185 56217 228 0.411259900 
 7623 56901 788 0.929049130 
 7619 56900 162 0.460480700 
 7621 56985 8 0.137976240 
 1922 53315 209 0.140000000 
 11102 58425 384 0.375757000 
 2080 53350 211 0.707000000 
 2269 53711 204 0.426400000 
 9567 58056 650 0.428178000 
 9550 57787 623 1.017517000 
 2432 54052 205 0.677000000 
 9548 57785 577 0.548132900 
 2362 53759 54 0.106943100 
 9553 57801 974 0.413602500 
 9582 57806 701 0.635834000 
 9583 57809 591 0.456489000 
 9579 57867 43 0.571439700 
 2593 54175 499 0.235900000 
 2592 54178 384 0.762200000 
 2482 54175 56 0.214900000 
 2487 53852 223 0.574500000 
 1749 53357 564 0.454000000 
 1749 53357 578 0.572000000 
 1750 53358 625 0.420000000 
 2490 54179 468 0.202596600 
 2872 54533 74 0.767354800 
 2491 53855 76 0.431500000 
 2506 54179 9 0.374355100 
 2499 54176 426 0.531700000 
 2503 53856 300 0.116161100 
 1754 53385 326 0.532800000 
 1754 53385 174 0.712000000 
 5847 56037 154 1.010000000 
 1762 53415 388 0.113000000 
 5386 56008 667 0.851000000 
 2596 54207 564 0.317833900 
 2598 54232 148 0.406700000 
 2599 54234 276 0.208496900 
 2601 54144 306 0.548100000 
 2604 54484 311 0.759700000 
 2641 54230 505 0.270943500 
 2607 54184 262 0.402400000 
 1774 53759 615 0.428100000 
 2742 54233 543 0.461000000 
 2743 54259 474 0.787000000 
 2743 54259 164 0.684700000 
 1778 53883 545 0.702700000 
 2774 54534 244 0.340900000 
 2758 54523 381 0.410400000 
 2758 54523 358 0.255928800 
 5459 56035 339 0.341310000 
 2777 54554 457 0.511100000 
 2774 54534 38 0.259700000 
 2761 54534 548 0.174509000 
 2762 54533 145 0.402200000 
 2761 54534 81 0.765300000 
 2747 54233 19 0.323800000 
 5479 56016 750 0.589000000 
 5484 56039 120 0.730000000 
 2764 54535 515 0.218935100 
 2764 54535 32 0.073975850 
 2764 54535 101 0.288259400 
 2750 54242 497 0.396200000 
 2200 53875 526 0.346800000 
 2969 54586 312 0.539900000 
 2198 53918 339 0.301700000 
 2969 54586 3 0.563700000 
 7611 56946 720 0.352070600 
 742 52263 404 0.339000000 
 747 52234 66 0.418000000 
 11561 58485 308 0.094843220 
 4538 55860 485 0.678000000 
 11042 58462 285 0.225797900 
 4551 55569 504 0.689000000 
 4664 56186 438 0.760000000 
 11073 58451 234 0.164904100 
 11053 58437 223 0.204619200 
 4505 55603 888 0.284000000 
 2419 54139 357 0.045799100 
 2425 54139 244 0.591700000 
 2422 54096 236 0.543600000 
 2578 54093 24 0.759000000 
 5320 55999 404 0.570000000 
 1744 53055 151 0.275000000 
 1306 52996 614 0.284000000 
 1306 52996 62 0.298247700 
 5336 55957 294 0.798000000 
 1751 53377 32 0.111000000 
 1750 53358 168 0.283781400 
 5361 55973 970 0.174000000 
 1220 52723 102 0.354200000 
 1605 53062 508 0.684000000 
 1606 53055 154 0.313000000 
 1605 53062 38 0.131000000 
 1609 53142 314 0.776000000 
 1608 53138 473 0.174000000 
 1608 53138 134 0.121000000 
 1610 53144 249 0.175889300 
 1612 53149 471 0.324000000 
 1229 52723 350 0.183641900 
 1227 52733 29 0.085692560 
 1230 52672 227 0.372000000 
 1768 53442 290 0.098951160 
 1769 53502 131 0.640300000 
 1614 53120 174 0.411800000 
 1232 52731 417 0.235819200 
 5399 55956 284 0.718000000 
 5412 55981 176 0.874000000 
 1793 53883 217 0.080306290 
 1699 53148 477 0.205000000 
 1699 53148 309 0.161000000 
 1796 53884 499 0.390900000 
 1796 53884 591 0.459100000 
 1699 53148 562 0.679000000 
 1804 53886 255 0.105185600 
 1704 53178 558 0.209000000 
 1705 53848 133 0.286800000 
 1708 53503 162 0.573000000 
 1709 53533 366 0.187000000 
 1707 53885 415 0.215197800 
 1812 53795 451 0.167061000 
 2749 54241 189 0.057549940 
 1712 53531 382 0.229000000 
 1714 53521 571 0.541000000 
 1713 53827 388 0.167903800 
 1813 53903 580 0.546700000 
 2752 54533 316 0.414800000 
 1718 53850 79 0.281800000 
 2517 54567 313 0.401500000 
 1720 53854 17 0.514700000 
 2521 54538 209 0.656600000 
 1728 53228 340 0.484000000 
 1730 53498 413 0.619000000 
 1893 53239 18 0.520000000 
 741 52261 116 0.594000000 
 744 52251 65 0.392000000 
 6149 56194 750 0.670000000 
 11293 58462 185 0.587533400 
 11546 58488 813 0.652738300 
 8744 58124 558 0.340524200 
 8745 57391 828 0.446895600 
 8752 58402 190 0.354175500 
 11076 58428 762 0.258891700 
 11077 58433 196 0.139196500 
 8760 57672 107 0.356526300 
 8756 57687 84 0.593484300 
 8755 58138 842 0.345216800 
 9433 58131 145 0.607906000 
 8736 57400 145 0.168605360 
 8731 57416 966 0.298989770 
 1297 52963 52 0.110000000 
 1298 52964 327 0.133785900 
 2332 54149 574 0.472000000 
 1189 52668 346 0.616299700 
 1189 52668 117 0.093824170 
 567 52252 444 0.315000000 
 3151 54804 541 0.022000000 
 991 52707 552 0.338000000 
 991 52707 36 0.126000000 
 995 52731 366 0.346000000 
 994 52725 535 0.401000000 
 571 52286 228 0.417000000 
 996 52641 43 0.367676900 
 4802 55652 626 0.421000000 
 574 52355 362 0.265429100 
 4802 55652 379 0.934570000 
 578 52339 53 0.207000000 
 1003 52641 447 0.073203390 
 4855 55926 808 0.230715300 
 508 52366 455 0.359000000 
 1619 53084 526 0.177085600 
 1619 53084 60 0.528000000 
 837 52642 89 0.236352800 
 1621 53383 126 0.143187000 
 1620 53137 122 0.101779100 
 839 52373 494 0.312000000 
 839 52373 552 0.074023770 
 1624 53386 633 0.343294300 
 841 52375 571 0.336000000 
 4832 55680 464 0.891769000 
 842 52376 518 0.577720400 
 1627 53473 252 0.179567800 
 2880 54509 458 0.435300000 
 2880 54509 151 0.076938970 
 520 52288 433 0.627900000 
 523 52026 401 0.487000000 
 1795 54507 457 0.154300000 
 1797 54507 398 0.091032900 
 1797 54507 357 0.094318800 
 852 52375 349 0.242000000 
 528 52022 361 0.125291000 
 1827 53531 375 0.057000000 
 1814 54555 410 0.651400000 
 1817 53851 266 0.417900000 
 1835 54563 33 0.114215200 
 2950 54559 603 0.315100000 
 2951 54592 526 0.470500000 
 2951 54592 133 0.138990200 
 1732 53501 110 0.378000000 
 11317 58398 62 0.221367400 
 11317 58398 170 0.742414500 
 11304 58448 907 0.142586600 
 11304 58448 396 0.238102200 
 11307 58430 586 0.593724000 
 11306 58450 926 0.312699500 
 11294 58451 654 0.121787700 
 11295 58456 868 0.116844300 
 11289 58398 869 0.752273500 
 11289 58398 975 0.601570200 
 4277 55506 592 0.587000000 
 8741 57390 288 0.532207130 
 7854 56989 600 0.350392500 
 7854 56989 488 0.234946400 
 7854 56989 500 0.161853600 
 687 52518 40 0.142241700 
 686 52519 136 0.526000000 
 7856 57260 759 0.772224800 
 7854 56989 889 0.434454260 
 9410 58069 989 0.872460000 
 4300 55528 181 0.729000000 
 4220 55447 796 0.380000000 
 4219 55480 852 0.422000000 
 392 51793 558 0.080698360 
 4220 55447 20 0.589000000 
 3588 55184 488 0.186000000 
 7865 56955 857 0.483791600 
 9347 58042 985 0.671734500 
 7867 57003 494 0.223982660 
 9393 58100 906 0.393745000 
 7857 57278 696 0.711641300 
 7858 57281 470 0.438279840 
 693 52254 499 0.110000000 
 7860 57006 634 0.335085300 
 7861 57281 80 0.478627350 
 7846 56984 597 0.825816330 
 9328 57727 10 0.355379600 
 9329 57688 267 0.643000000 
 9400 58107 675 0.561459400 
 7840 57003 621 0.912117960 
 9400 58107 851 0.308000000 
 7860 57006 284 0.841242300 
 4273 55506 248 0.085000000 
 8791 57373 815 0.345000000 
 8793 57391 20 0.335000000 
 7846 56984 932 0.434184000 
 7845 56980 470 0.780960440 
 7836 57278 808 0.408538130 
 7836 57278 65 0.155393500 
 7833 57286 47 0.513000000 
 7830 57043 449 0.182000000 
 700 52199 479 0.431000000 
 9383 58097 646 0.487000000 
 1073 52649 132 0.026093496 
 7841 56960 496 0.575537400 
 7883 57331 582 0.407813000 
 6782 56572 155 0.654770100 
 467 51901 577 0.573153100 
 3821 55535 586 0.671000000 
 472 51955 201 0.426000000 
 477 52026 513 0.385768400 
 476 52314 129 0.345000000 
 504 52316 195 0.150000000 
 502 51957 5 0.780000000 
 3830 55574 154 0.255000000 
 509 52374 193 0.157000000 
 276 51909 524 0.477000000 
 279 51984 343 0.523000000 
 279 51984 451 0.114000000 
 279 51984 126 0.446000000 
 329 52056 512 0.785000000 
 287 52023 587 0.271936900 
 286 51999 130 0.538600000 
 332 52367 456 0.542100000 
 289 51990 234 0.353400000 
 2568 54153 32 0.449749000 
 335 52000 366 0.513000000 
 523 52026 150 0.422000000 
 4007 55327 496 0.732913000 
 294 51986 260 0.208000000 
 294 51986 555 0.704000000 
 296 51984 196 0.283000000 
 296 51984 182 0.353000000 
 530 52026 470 0.117000000 
 530 52026 383 0.417000000 
 298 51955 103 0.296000000 
 916 52378 371 0.405000000 
 4035 55383 596 0.135373600 
 533 51994 50 0.138000000 
 303 51615 54 0.380000000 
 918 52404 355 0.666000000 
 536 52024 441 0.376000000 
 309 51994 116 0.132000000 
 312 51689 30 0.130023400 
 2955 54562 361 0.311700000 
 313 51673 431 0.240000000 
 315 51663 172 0.201000000 
 313 51673 120 0.508900000 
 9180 57693 175 0.818000000 
 9143 57665 370 0.201281400 
 373 51788 259 0.098000000 
 9234 58037 135 0.530000000 
 9169 58069 881 0.163432400 
 9240 57687 778 0.488000000 
 9174 58070 815 0.112408300 
 676 52178 453 0.072475470 
 381 51811 455 0.032000000 
 9205 57711 427 0.441000000 
 9213 57712 677 0.347708000 
 678 52884 189 0.268804400 
 383 51818 436 0.119749400 
 9156 58039 588 0.411307400 
 4215 55471 530 0.224000000 
 4214 55451 364 0.790000000 
 9157 57742 258 0.284610700 
 7895 57659 1000 0.296297100 
 7900 57358 226 0.384554360 
 7036 56569 510 0.695899400 
 7036 56569 342 0.142434800 
 7902 57362 586 0.245963470 
 7906 57333 617 0.125918800 
 7906 57333 164 0.490788850 
 7915 57309 915 0.481077300 
 9332 58072 295 0.753028400 
 7914 57331 700 0.268982600 
 7161 56625 898 0.393397200 
 664 52174 612 0.210000000 
 7838 56958 379 0.359585100 
 7885 57336 818 0.272408200 
 7238 56660 355 0.464000000 
 667 52163 418 0.430000000 
 9323 58047 51 0.198659000 
 7236 56605 538 0.874000000 
 7235 56603 78 0.780402700 
 9323 58047 242 0.715494900 
 6369 56217 418 0.253000000 
 7235 56603 308 0.316000000 
 7235 56603 288 0.293719230 
 7236 56605 364 0.292000000 
 7235 56603 204 0.334000000 
 456 51910 486 0.228733000 
 7059 56592 462 0.368000000 
 331 52368 10 0.297097100 
 338 51694 253 0.318000000 
 640 52200 72 0.432000000 
 4358 55833 223 0.657000000 
 7895 57659 317 0.228288500 
 660 52177 129 0.660000000 
 662 52147 538 0.645000000 
 665 52168 193 0.209000000 
 662 52147 297 0.126000000 
 717 52468 162 0.211000000 
 645 52203 560 0.372000000 
 646 52523 7 0.373000000 
 7166 56602 526 0.462000000 
 1871 53384 562 0.265266000 
 6696 56398 932 0.465000000 
 1038 52673 216 0.326700000 
 794 52376 30 0.737900000 
 1165 52703 435 0.282845400 
 2091 53447 422 0.530100000 
 2113 53468 382 0.768900000 
 2108 53473 616 0.663000000 
 10270 58488 436 0.452959500 
 2228 53818 449 0.145214000 
 2016 53799 450 0.318700000 
 10444 58143 43 0.457000000 
 6439 56358 692 0.513000000 
 2126 53794 449 0.446900000 
 1650 53174 435 0.077167500 
 2485 54176 231 0.574600000 
 2600 54243 505 0.520800000 
 506 52022 33 0.103000000 
 529 52025 383 0.734000000 
 615 52347 58 0.635400000 
 523 52026 620 0.746000000 
 9583 57809 291 0.679211000 
 10454 58135 625 0.350086000 
 2005 53472 587 0.224051800 
 7275 57093 560 0.268805000 
 9584 57786 295 0.874757900 
 995 52731 158 0.103594300 
 1287 52728 407 0.256900000 
 11059 58515 942 0.918875000 
 1948 53388 39 0.351200000 
 7398 56781 133 0.300000000 
 7427 56751 490 0.343000000 
 7428 56781 539 0.935000000 
 990 52465 556 0.226159500 
 1041 52724 440 0.292100000 
 8409 57867 354 0.995348800 
 10276 58225 930 0.615273800 
 1984 53433 622 0.181571400 
 8385 57511 266 0.594549060 
 366 52017 203 0.292000000 
 497 51989 137 0.414400000 
 2419 54139 83 0.046945690 
 11321 58425 232 0.337941500 
 1222 52763 501 0.133000000 
 1793 53883 35 0.574060300 
 2243 53794 140 0.071784370 
 8740 57367 213 0.532703000 
 7608 56945 790 0.347983200 
 10276 58225 982 0.178711500 
 2791 54556 512 0.169526600 
 1170 52756 286 0.186054200 
 7394 57131 218 0.323096200 
 1459 53117 275 0.183068000 
 611 52055 437 0.038922500 
 718 52206 450 0.113144000 
 6005 56090 452 0.837000000 
 1811 53533 258 0.056100000 
 2130 53881 377 0.483500000 
 9393 58100 287 0.753169000 
 460 51924 425 0.714000000 
 487 51943 391 0.487300000 
 2000 53495 51 0.592000000 
 5407 55926 704 0.948000000 
 582 52045 238 0.538000000 
 1386 53116 87 0.755400000 
 410 51877 382 0.169610000 
 1187 52708 591 0.518600000 
 490 51929 197 0.380600000 
 1049 52751 305 0.316000000 
 606 52365 290 0.180500000 
 849 52439 137 0.102000000 
 2665 54232 629 0.055467750 
 424 51893 183 0.275791000 
 2532 54589 348 0.413000000 
 1185 52642 180 0.347600000 
 2435 53828 435 0.073300820 
 993 52710 408 0.348000000 
 1191 52674 221 0.074807060 
 421 51821 405 0.108996400 
 8402 57843 620 0.157758300 
 7682 57415 886 0.842833400 
 7635 56979 759 0.791837000 
 5129 55864 100 0.687000000 
 2787 54552 390 0.281500000 
 2019 53430 521 0.115930200 
 4564 55570 936 1.003000000 
 4634 55626 414 0.730000000 
 6416 56312 98 0.657000000 
 2018 53800 129 0.513800000 
 2108 53473 120 0.022896850 
 352 51694 632 0.599569600 
 6395 56354 901 0.258000000 
 8293 57361 100 0.611970100 
 738 52521 441 0.521900000 
 832 52312 622 0.156000000 
 5699 55953 964 0.143676400 
 1831 54557 186 0.802000000 
 367 51997 172 0.295000000 
 273 51957 292 0.218800000 
 963 52643 40 0.211894600 
 8366 57432 824 0.125579600 
 9149 58039 2 0.222210000 
 575 52319 305 0.160516500 
 476 52314 64 0.167996200 
 1744 53055 596 0.646074900 
 7697 57574 846 0.090300000 
 2224 53815 116 0.318300000 
 3606 55182 674 0.984943000 
 2524 54568 64 0.209000000 
 1175 52791 31 0.122200000 
 5739 55976 104 0.430000000 
 764 52238 193 0.183554200 
 2587 54138 26 0.111911900 
 2588 54174 542 0.143399100 
 4353 55532 912 0.761000000 
 10722 58281 130 1.008913000 
 351 51695 467 0.232000000 
 351 51695 493 0.077000000 
 9180 57693 793 0.234000000 
 1628 53474 594 0.103489400 
 1471 52883 332 0.197863000 
 1720 53854 473 0.098959930 
 9162 58040 923 0.405381200 
 475 51965 568 0.056903370 
 1018 52672 430 0.426200000 
 354 51792 362 0.236000000 
 11293 58462 22 0.384100600 
 742 52263 109 0.381800000 
 353 51703 639 0.248000000 
 7674 57359 628 0.066005520 
 4304 55506 546 0.079365960 
 7635 56979 932 0.274641500 
 592 52025 376 0.126300000 
 1418 53142 317 0.507100000 
 7055 56576 348 0.482000000 
 1850 53786 16 0.363300000 
 353 51703 593 0.066000000 
 11321 58425 833 0.204000000 
 9163 58043 842 0.182706700 
 1694 53472 306 0.061597250 
 2129 54252 115 0.624200000 
 1712 53531 596 0.513400000 
 2429 53799 236 0.060730620 
 570 52266 318 0.579500000 
 1305 52757 138 0.802200000 
 11678 58511 982 0.551837300 
 1040 52722 159 0.301338100 
 2653 54230 328 0.486500000 
 7748 58396 272 0.740919800 
 8748 58396 909 0.144250900 
 7681 57042 458 0.132111130 
 7621 56985 298 0.248446700 
 4228 55484 740 0.816000000 
 1850 53786 531 0.220460200 
 1959 53440 510 0.143529500 
 8379 57787 854 0.258064600 
 8061 58253 192 1.025520000 
 1849 53846 116 0.189833000 
 3944 55660 972 0.672000000 
 1169 52753 615 0.195806100 
 8060 57894 263 0.286345700 
 8059 57895 694 0.234152000 
 2530 53881 78 0.659700000 
 9555 57814 308 0.416174200 
 1273 52993 158 0.129000000 
 5876 56042 839 0.393010000 
 2747 54233 636 0.320200000 
 624 52377 57 0.213800000 
 635 52145 38 0.168000000 
 2346 53734 405 0.182314000 
 996 52641 529 0.456000000 
 9150 58043 340 0.059575220 
 6131 56211 407 0.795000000 
 6746 56386 142 0.906000000 
 462 51909 133 0.217000000 
 1847 54176 359 0.751100000 
 2751 54243 577 0.681500000 
 3783 55246 376 0.436000000 
 8428 57837 234 0.527000000 
 327 52294 380 0.441500000 
 589 52055 111 0.036000000 
 7377 56741 374 0.277000000 
 512 51992 87 0.394500000 
 915 52443 611 0.551300000 
 1712 53531 440 0.159000000 
 1052 52466 372 0.392000000 
 5342 56003 506 0.283000000 
 794 52376 423 0.565000000 
 616 52442 381 0.228902700 
