 8537 58014 365 0.760000000 
 505 52317 588 0.354000000 
 7339 56782 568 0.258000000 
 8215 58197 18 0.342000000 
 11375 58426 902 0.452000000 
 11388 58487 792 0.270000000 
 7656 57338 8 0.365225800 
 2085 53379 269 0.352870800 
 7710 58284 355 0.323841800 
 7711 57667 916 0.319536400 
 7090 56659 936 0.164000000 
 2034 53466 446 0.392000000 
 2506 54179 263 0.397800000 
 887 52376 26 0.545000000 
 7425 56777 158 0.198824300 
 6394 56330 220 0.147380700 
 2219 53816 229 0.243794600 
 2145 54212 182 0.048473800 
 8540 58287 252 0.339068200 
 2606 54154 581 0.264800000 
 9413 58080 181 0.308000000 
 1992 53466 341 0.531971500 
 8437 57894 807 0.337202300 
 7563 56810 443 0.992000000 
 1173 52790 89 0.182000000 
 477 52026 392 0.649871100 
 2606 54154 44 0.246300000 
 2755 54507 65 0.216229800 
 421 51821 307 0.172000000 
 10247 58162 218 0.448179000 
 9425 58112 222 0.153776400 
 8831 57448 739 0.533000000 
 2091 53447 584 0.073613910 
 9579 57867 726 0.295180000 
 2227 53820 252 0.475800000 
 2135 53827 340 0.364100000 
 864 52320 335 0.210808600 
 8508 57845 172 0.750646700 
 585 52027 607 0.200000000 
 794 52376 459 0.478000000 
 4638 55956 764 0.458381300 
 1997 53442 126 0.038356090 
 7446 56722 608 0.748000000 
 488 51914 478 0.583000000 
 772 52375 429 0.259000000 
 560 52296 427 0.457000000 
 7109 56658 668 0.631000000 
 786 52319 544 0.490000000 
 608 52081 493 0.354000000 
 7276 57061 856 0.367000000 
 946 52407 565 0.430000000 
 945 52652 50 0.454102400 
 6703 56636 876 0.484000000 
 7099 56666 298 0.274031600 
 8234 57450 450 0.451000000 
 8230 57430 762 0.231000000 
 8236 58500 180 0.625783600 
 6833 56413 698 0.912000000 
 1038 52673 461 0.083000000 
 1160 52674 222 0.301000000 
 6789 56401 963 0.302000000 
 8411 57875 124 0.467000000 
 8421 58223 396 0.613933800 
 1779 53089 594 0.170121100 
 7289 57039 600 0.711000000 
 8182 56993 780 0.472701200 
 7306 56684 1000 0.302672680 
 7298 56661 415 0.223144200 
 6663 56338 756 0.391000000 
 8227 57427 720 0.343225450 
 7415 57097 578 0.275700200 
 1043 52465 548 0.436200000 
 1046 52460 404 0.727000000 
 8405 57835 472 0.477135200 
 1045 52725 30 0.713000000 
 1671 53446 225 0.806800000 
 1163 52669 86 0.784300000 
 1165 52703 157 0.659000000 
 1330 52822 64 0.576000000 
 8063 57576 419 0.953837000 
 622 52054 424 0.401000000 
 6311 56447 122 0.730000000 
 8276 57067 93 0.347962000 
 833 52314 514 0.736000000 
 873 52674 127 0.668000000 
 1218 52709 44 0.273000000 
 6657 56366 624 0.388000000 
 1429 52990 532 0.575872200 
 1448 53120 451 0.661706400 
 1463 53063 183 0.528000000 
 1374 53083 182 0.451000000 
 6620 56368 616 0.760000000 
 8379 57787 734 0.546616000 
 1168 52731 61 0.536500000 
 6036 56093 576 0.530000000 
 6025 56098 621 0.266568000 
 9367 57758 644 0.194832300 
 829 52296 275 0.151700000 
 1357 53034 605 0.239000000 
 1357 53034 329 0.535000000 
 2007 53474 433 0.215810900 
 2111 53467 582 0.313000000 
 2003 53442 418 0.491000000 
 8837 57867 552 0.615000000 
 2022 53827 633 0.664000000 
 1462 53112 421 0.733000000 
 1464 53091 204 0.806000000 
 1977 53475 93 0.214000000 
 6630 56358 581 0.696000000 
 8505 57834 520 0.167000000 
 1347 52823 296 0.069000000 
 10750 58199 623 0.846082600 
 1290 52734 214 0.449000000 
 1398 53146 537 0.342000000 
 1399 53172 478 0.373000000 
 11649 58514 8 0.881304400 
 4979 56045 80 0.400000000 
 1294 52753 574 0.288000000 
 10743 58222 339 0.452710000 
 1401 53144 453 0.159000000 
 6045 56072 384 0.909000000 
 630 52050 544 0.344000000 
 817 52381 90 0.145568000 
 10728 58248 774 0.627139600 
 10720 58250 679 0.840333700 
 10763 58395 658 0.442191000 
 4989 56069 760 0.658026400 
 7748 58396 958 0.330263400 
 7741 58078 954 0.705297800 
 7715 57364 27 0.626497700 
 7723 58430 620 0.180656500 
 7722 58425 386 0.286782100 
 7735 58136 131 0.534153400 
 9363 57742 188 0.456163800 
 755 52235 46 0.460881000 
 9352 57805 575 0.703412100 
 1594 52992 157 0.277000000 
 1955 53442 448 0.739000000 
 2092 53460 485 0.310000000 
 2099 53469 48 0.136010200 
 2228 53818 455 0.519500000 
 2020 53431 496 0.544000000 
 2004 53737 586 0.228400000 
 2022 53827 553 0.206942200 
 10250 58472 712 0.484931500 
 3863 55280 790 0.591000000 
 2125 53795 638 0.431700000 
 10754 58224 251 0.603000000 
 4717 55742 614 0.575000000 
 1647 53531 589 0.493000000 
 1353 53083 639 0.286000000 
 10742 58198 490 0.287557600 
 1418 53142 246 0.361700000 
 1404 52825 275 0.376000000 
 1343 52790 593 0.590000000 
 7758 58402 720 0.643419000 
 7758 58402 806 0.378618500 
 7664 57367 696 0.697079360 
 7671 57360 268 0.372960980 
 7727 58152 250 0.685076800 
 7690 57046 20 0.174105050 
 11086 58401 465 0.937000200 
 1935 53387 509 0.334000000 
 5800 56279 568 0.533000000 
 10459 58159 507 0.777000000 
 9626 57875 971 0.249569000 
 2353 53794 358 0.304466800 
 6449 56356 175 0.422681700 
 2214 53794 545 0.729200000 
 2505 53856 545 0.298782700 
 2228 53818 31 0.308500000 
 2242 54153 454 0.275900000 
 6003 56311 944 0.907000000 
 6495 56339 276 0.697000000 
 6015 56096 763 0.376000000 
 2137 54206 581 0.431200000 
 2137 54206 99 0.218300000 
 1843 53816 89 0.731700000 
 1654 53498 385 0.147000000 
 1263 52708 306 0.657000000 
 9565 58127 536 0.227332700 
 9596 57817 364 0.689826000 
 2295 53734 267 0.284852500 
 2497 54154 7 0.117161700 
 2514 53882 466 0.376400000 
 2514 53882 150 0.262400000 
 2612 54480 590 0.567300000 
 6008 56093 144 0.867000000 
 2784 54529 481 0.215600000 
 2784 54529 27 0.083922100 
 2785 54537 569 0.459900000 
 2140 53858 446 0.073497210 
 1850 53786 120 0.259300000 
 3935 55326 670 0.719000000 
 7583 56958 282 0.273615600 
 7609 56959 850 0.155775000 
 7667 57580 250 0.254922200 
 7668 57579 127 0.497703100 
 2269 53711 436 0.581400000 
 2437 53848 610 0.027144560 
 9578 57817 204 0.756741000 
 9577 57786 573 0.084659530 
 1752 53379 173 0.475700000 
 5881 56038 872 1.018993000 
 1765 53466 80 0.402000000 
 2641 54230 272 0.359558600 
 2641 54230 284 0.188000000 
 2757 54509 54 0.340200000 
 5471 56034 808 0.611000000 
 2199 53556 480 0.660200000 
 2969 54586 180 0.555100000 
 4062 55383 62 0.790000000 
 6143 56267 958 0.215000000 
 1742 53053 157 0.609000000 
 1222 52763 358 0.029000000 
 1612 53149 395 0.461887900 
 1695 53473 400 0.207000000 
 1807 54175 581 0.437800000 
 5458 56011 350 0.334000000 
 2520 54584 7 0.476800000 
 2529 54585 469 0.259600000 
 737 52518 592 0.496300000 
 11293 58462 226 0.136305100 
 8749 57684 654 0.924439200 
 8747 57401 420 0.357956860 
 4546 55835 498 0.647000000 
 11071 58429 410 0.149258200 
 1190 52670 577 0.153000000 
 1193 52652 153 0.301339700 
 568 52254 603 0.246000000 
 568 52254 37 0.204951900 
 4773 55648 695 0.685000000 
 836 52376 69 0.276000000 
 1624 53386 32 0.007548500 
 1628 53474 378 0.253253100 
 2880 54509 561 0.290100000 
 5487 55982 368 0.660000000 
 1820 54208 502 0.403100000 
 1835 54563 54 0.218200000 
 11280 58430 540 0.182479440 
 7853 56988 280 0.587108900 
 4367 55566 570 0.763000000 
 4221 55443 312 0.689708600 
 7857 57278 540 0.372847000 
 7839 56900 890 0.360175700 
 7846 56984 922 0.252991650 
 7824 57282 792 0.576945200 
 564 52224 278 0.332000000 
 3782 55244 212 0.911000000 
 274 51913 57 0.303000000 
 282 51658 142 0.385000000 
 3789 55269 712 0.726035300 
 285 51930 96 0.132000000 
 518 52282 22 0.327356700 
 313 51673 204 0.444000000 
 9153 58022 174 0.202849100 
 9179 57682 965 0.927659500 
 7898 57363 880 0.367833140 
 7163 56593 384 0.682000000 
 7238 56660 558 0.292591800 
 4383 55881 368 0.749000000 
 651 52141 222 0.719000000 
 653 52145 576 0.338000000 
 655 52162 219 0.552300000 
 7184 56629 74 0.360000000 
 454 51908 297 0.311467900 
 725 52258 510 0.047000000 
 725 52258 632 0.193000000 
 647 52553 520 0.184000000 
 6826 56449 470 0.946000000 
 1038 52673 247 0.496000000 
 2880 54509 318 0.094712120 
 1046 52460 54 0.248000000 
 7325 56717 82 0.182000000 
 11386 58514 494 0.248828400 
 1395 52825 189 0.097396820 
 744 52251 269 0.357000000 
 914 52721 102 0.603000000 
 333 52313 521 0.287500000 
 7623 56901 757 0.526552200 
 553 51999 53 0.423700000 
 499 51988 64 0.318500000 
 911 52426 333 0.151328900 
 1600 53090 363 0.192500000 
 1808 54176 634 0.549400000 
 7683 58133 730 0.706420500 
 2108 53473 483 0.306600000 
 6594 56272 668 0.152535900 
 668 52162 540 0.213426500 
 2275 53709 586 0.293700000 
 637 52174 400 0.179000000 
 2479 54174 451 0.472200000 
 6511 56540 616 0.687000000 
 1403 53227 485 0.228962700 
 838 52378 389 0.239854000 
 4179 55684 304 0.758000000 
 11380 58462 384 0.544148000 
 8860 57458 184 0.517208300 
 4319 55507 970 0.097714270 
 1634 53299 439 0.252400000 
 10918 58254 441 0.126284600 
 1996 53436 596 0.269600000 
 2508 53875 111 0.749400000 
 2087 53415 283 0.276458800 
 724 52254 442 0.191808000 
 535 51999 630 0.223110000 
 842 52376 530 0.136248300 
 969 52442 156 0.063100000 
