 7723 58430 854 0.227095100 
 2344 53740 486 0.162549260 
 2651 54507 103 0.088393650 
 498 51984 105 0.288000000 
 596 52370 560 0.193202300 
 950 52378 305 0.140000000 
 494 51915 266 0.444000000 
 7627 56933 226 0.164766600 
 605 52353 174 0.078540560 
 1453 53084 218 0.291000000 
 7836 57278 551 0.232664000 
 8757 58428 980 0.204605400 
 1159 52669 279 0.302000000 
 615 52347 276 0.187000000 
 2493 54115 278 0.429400000 
 2376 53770 497 0.516696500 
 1439 53003 116 0.079000000 
 1315 52791 403 0.023000000 
 1455 53089 637 0.101000000 
 1280 52738 354 0.245000000 
 401 51788 31 0.082366770 
 1741 53052 615 0.139644800 
 990 52465 184 0.108000000 
 1235 52734 58 0.141000000 
 2613 54481 342 0.063550410 
 7409 56809 204 0.374928300 
 1992 53466 260 0.100003500 
 6430 56299 516 0.176395600 
 2501 54084 384 0.059149410 
 2104 53852 432 0.131597400 
 1465 53082 8 0.092000000 
 497 51989 568 0.179000000 
 9171 58068 727 0.174563900 
 11352 58456 182 0.361140800 
 8403 57834 26 0.318000000 
 1165 52703 231 0.046000000 
 2011 53499 114 0.091000000 
 6488 56364 908 0.281000000 
 2246 53767 66 0.086500000 
 3736 55214 998 0.238890400 
 8177 57374 324 0.767000000 
 2346 53734 541 0.134422600 
 2222 53799 194 0.142600000 
 11288 58401 262 0.222116200 
 1018 52672 613 0.211000000 
 11565 58507 432 0.087052170 
 7339 56722 826 0.193321800 
 1804 53886 172 0.233651800 
 299 51671 251 0.386000000 
 2164 53886 457 0.049790100 
 10471 58132 364 0.210930000 
 1755 53386 2 0.244000000 
 2225 53729 229 0.724600000 
 1989 53772 317 0.165890200 
 2773 54533 640 0.213300000 
 8538 57549 713 0.111774600 
 2529 54585 149 0.206697000 
 564 52224 508 0.107000000 
 2291 53714 312 0.250591200 
 1344 52792 63 0.398255500 
 11051 58510 744 0.578473000 
 7822 57041 320 0.468520900 
 1337 52767 624 0.365000000 
 8291 57391 871 0.211000000 
 1587 52964 117 0.086694730 
 1450 53120 167 0.073000000 
 1450 53120 479 0.433723200 
 7667 57580 715 0.163301800 
 7737 57722 304 0.107804500 
 2526 54582 256 0.103022400 
 980 52431 112 0.183000000 
 1575 53493 640 0.039000000 
 550 51959 535 0.039000000 
 791 52435 31 0.396721800 
 613 52345 99 0.078000000 
 2494 54174 381 0.191036600 
 1224 52765 379 0.523752200 
 2518 54243 374 0.517687000 
 1578 53496 211 0.077000000 
 312 51689 471 0.052589210 
 1456 53115 229 0.067000000 
 517 52024 360 0.077667250 
 7590 56944 922 0.142942800 
 1684 53239 491 0.186000000 
 7833 57286 610 0.222736300 
 7324 56935 556 0.427000000 
 5736 55984 588 0.397000000 
 2484 54144 422 0.078612074 
 2591 54140 604 0.182273600 
 1238 52761 610 0.190000000 
 1768 53442 237 0.259700000 
 2599 54234 478 0.253600000 
 8390 57485 458 0.182000000 
 8206 57424 474 0.293000000 
 1655 53523 151 0.070905630 
 564 52224 471 0.512114100 
 2281 53711 151 0.065211980 
 7706 57575 538 0.364030400 
 283 51959 254 0.222947700 
 7741 58078 216 0.218682300 
 668 52162 24 0.166636500 
 614 53437 515 0.154630200 
 8418 58199 616 0.356000000 
 2017 53474 605 0.077000000 
 6494 56363 572 0.712000000 
 2121 54180 459 0.341700000 
 846 52407 596 0.164000000 
 7856 57260 108 0.428166270 
 4198 55480 718 0.218000000 
 1606 53055 116 0.091000000 
 7605 56949 142 0.435550300 
 8733 58396 305 0.130287100 
 898 52606 199 0.181814300 
 8536 58015 195 0.135444700 
 2150 54510 283 0.083344510 
 2148 54526 56 0.063555050 
 1649 53149 229 0.348000000 
 8437 57894 681 0.258000000 
 644 52173 202 0.122000000 
 477 52026 193 0.174000000 
 7611 56946 8 0.103899750 
 2642 54232 560 0.383200000 
 11068 58488 697 0.339463800 
 1231 52725 479 0.168099100 
 8209 57427 479 0.267372070 
 7717 58100 121 0.148321400 
 7622 56987 592 0.184249920 
 3110 54747 156 0.375345300 
 7913 57333 547 0.438561560 
 2202 53566 592 0.149100000 
 476 52314 523 0.050684270 
 1305 52757 548 0.138990400 
 2032 53815 90 0.243412300 
 8061 58253 150 0.206947700 
 8735 58133 218 0.312393900 
 978 52441 524 0.110000000 
 9550 57787 685 0.098201200 
 9597 58137 773 0.653000000 
 10243 58159 206 0.211000000 
 1615 53166 80 0.115999800 
 2601 54144 271 0.263300000 
 856 52339 10 0.164000000 
 664 52174 452 0.129000000 
 1172 52759 607 0.272000000 
 1428 52998 497 0.144167400 
 8201 58146 634 0.552887800 
 6786 56448 958 0.959000000 
 8536 58015 562 0.284000000 
 614 53437 418 0.501000000 
 998 52750 192 0.044002580 
 8878 57785 808 0.308049200 
 2122 54178 436 0.196300000 
 774 52286 283 0.149000000 
 2364 53737 458 0.081802360 
 7654 57330 454 0.373493900 
 2615 54483 257 0.599800000 
 2033 53476 512 0.284900000 
 8490 57104 703 0.286000000 
 1440 53084 204 0.154580500 
 10751 58220 682 0.113000000 
 2236 53729 255 0.209000000 
 7620 56904 603 0.148521940 
 2160 53885 243 0.165300000 
 8511 57901 486 0.452000000 
 2418 53794 624 0.227300000 
 3328 54964 41 0.204646100 
 6712 56421 648 0.405000000 
 7414 56748 303 0.327000000 
 2882 54498 565 0.250993400 
 492 51955 362 0.769000000 
 492 51955 424 0.313000000 
 2873 54505 216 0.358685700 
 494 51915 489 0.343000000 
 599 52317 442 0.236000000 
 599 52317 428 0.236895700 
 496 51988 84 0.525000000 
 6823 56687 582 0.555000000 
 487 51943 16 0.133275700 
 2882 54498 379 0.201553600 
 773 52376 401 0.150499100 
 773 52376 629 0.436474100 
 773 52376 31 0.436798600 
 771 52370 563 0.354000000 
 771 52370 584 0.134076800 
 773 52376 245 0.402000000 
 561 52295 365 0.354000000 
 7090 56659 462 0.660000000 
 561 52295 543 0.276000000 
 596 52370 356 0.463000000 
 597 52059 246 0.164053600 
 596 52370 157 0.432000000 
 2882 54498 18 0.253806900 
 776 52319 320 0.662000000 
 774 52286 462 0.352000000 
 774 52286 594 0.481000000 
 774 52286 600 0.262000000 
 776 52319 282 0.338100000 
 775 52295 96 0.480000000 
 950 52378 525 0.423648200 
 599 52317 220 0.105507800 
 955 52409 498 0.693000000 
 954 52405 498 0.176353300 
 953 52411 343 0.804000000 
 2881 54502 517 0.347700000 
 955 52409 108 0.249939100 
 8237 58162 604 0.241000000 
 6970 56444 708 0.647000000 
 780 52370 508 0.764000000 
 782 52320 356 0.211000000 
 957 52398 580 0.243000000 
 957 52398 472 0.421000000 
 602 52072 31 0.276000000 
 604 52079 406 0.174478100 
 603 52056 34 0.225000000 
 604 52079 147 0.292000000 
 784 52327 603 0.300000000 
 783 52325 556 0.133000000 
 784 52327 425 0.428000000 
 6809 56454 591 0.669000000 
 786 52319 150 0.238000000 
 785 52339 216 0.292000000 
 959 52411 450 0.099000000 
 786 52319 216 0.474800000 
 7117 56685 802 0.236000000 
 960 52425 457 0.612800000 
 786 52319 69 0.430000000 
 609 52339 472 0.257000000 
 613 52345 400 0.576000000 
 608 52081 224 0.133376800 
 6790 56430 783 0.286000000 
 615 52347 567 0.160000000 
 8068 57185 597 0.121741200 
 8068 57185 966 0.368313130 
 7280 56709 524 0.180000000 
 450 51908 575 0.111000000 
 8198 57374 979 0.709339100 
 557 52253 398 0.185000000 
 556 51991 390 0.138000000 
 451 51908 6 0.222000000 
 7086 56658 906 0.310000000 
 947 52411 302 0.126000000 
 946 52407 490 0.292000000 
 557 52253 149 0.220000000 
 8186 57452 308 0.231000000 
 946 52407 31 0.300661000 
 904 52381 445 0.350000000 
 945 52652 152 0.781000000 
 8182 56993 972 0.512078400 
 949 52427 72 0.182314200 
 949 52427 39 0.226249300 
 949 52427 138 0.695900000 
 948 52428 220 0.169000000 
 908 52373 393 0.182000000 
 6704 56388 840 0.467000000 
 8172 57423 54 0.218000000 
 952 52409 145 0.622000000 
 1309 52762 400 0.715000000 
 908 52373 622 0.432000000 
 1310 53033 1 0.300000000 
 908 52373 71 0.463000000 
 1013 52707 321 0.755000000 
 1312 52781 429 0.101000000 
 8233 57887 728 0.300000000 
 1314 53050 266 0.576000000 
 1311 52765 150 0.589000000 
 1313 52790 70 0.539000000 
 6839 56425 760 0.129093900 
 1017 52706 588 0.431000000 
 1317 52765 437 0.583000000 
 1020 52721 415 0.265000000 
 1020 52721 474 0.572000000 
 1020 52721 232 0.276863500 
 7117 56685 74 0.599000000 
 8201 58146 682 0.423313200 
 958 52410 128 0.071000000 
 1318 52781 151 0.614000000 
 1319 52791 17 0.212000000 
 1040 52722 531 0.520000000 
 8218 57519 585 0.462000000 
 1039 52707 268 0.348000000 
 1159 52669 373 0.223578400 
 1159 52669 186 0.415000000 
 8393 57864 442 0.564624200 
 1322 52791 326 0.144000000 
 1323 52797 458 0.624200000 
 8203 57428 275 0.245930270 
 1323 52797 469 0.486000000 
 1323 52797 236 0.561000000 
 1323 52797 284 0.161000000 
 7339 56772 577 0.173000000 
 1324 53088 253 0.443700000 
 8411 57875 543 0.478021600 
 791 52435 307 0.073722660 
 1160 52674 595 0.554000000 
 791 52435 282 0.438000000 
 8398 57870 134 0.405000000 
 1161 52703 190 0.130000000 
 1162 52668 79 0.609000000 
 1162 52668 63 0.105000000 
 7340 56837 831 0.719000000 
 6789 56401 626 0.577000000 
 6789 56401 826 1.036000000 
 8416 57894 839 0.562000000 
 793 52370 413 0.390000000 
 793 52370 609 0.571000000 
 8408 57874 637 0.362000000 
 793 52370 347 0.784000000 
 6713 56402 884 0.356000000 
 793 52370 17 0.195000000 
 8422 58219 120 0.481000000 
 617 52072 469 0.721000000 
 8418 58199 150 0.531254200 
 617 52072 484 0.207000000 
 8421 58223 742 0.357952700 
 617 52072 130 0.172000000 
 8413 57897 380 0.654599300 
 619 52056 272 0.203000000 
 8414 57846 640 0.108227000 
 6793 56430 746 0.596000000 
 8064 58255 816 0.862103200 
 8064 58255 857 0.322014700 
 7565 56809 816 0.433664100 
 8065 58248 20 0.130134900 
 8065 58248 143 0.152872900 
 8061 58253 696 0.193179100 
 8057 57190 880 0.286221600 
 1780 53090 339 0.196000000 
 8307 57723 218 0.332000000 
 7309 56991 300 0.159000000 
 1779 53089 613 0.515000000 
 444 51883 127 0.591000000 
 445 51873 432 0.419000000 
 445 51873 151 0.277000000 
 7311 57038 389 0.173000000 
 7318 56990 36 0.335000000 
 551 51993 552 0.126368700 
 552 51992 125 0.098135880 
 551 51993 492 0.235000000 
 7305 56991 833 0.186000000 
 7304 56745 47 0.419937200 
 7513 56780 313 0.472000000 
 7291 56992 892 0.606000000 
 902 52409 38 0.391500000 
 7292 56709 34 0.294534150 
 7297 57040 96 0.372039900 
 1006 52708 173 0.396000000 
 7299 56686 684 0.589000000 
 7299 56686 538 0.393099300 
 3324 54943 77 0.175000000 
 6687 56602 301 0.394000000 
 8174 57374 738 0.137000000 
 903 52400 141 0.230000000 
 1009 52644 164 0.507100000 
 1007 52706 442 0.671000000 
 1007 52706 619 0.642000000 
 8168 56992 564 0.484704600 
 1008 52707 37 0.386000000 
 874 52338 568 0.791000000 
 6668 56605 250 0.155000000 
 1006 52708 174 0.227000000 
 874 52338 541 0.313000000 
 1006 52708 61 0.149698400 
 873 52674 437 0.656000000 
 872 52339 334 0.164000000 
 6706 56385 900 0.193049300 
 1010 52649 248 0.136000000 
 877 52353 617 0.596000000 
 6702 56381 74 0.625000000 
 962 52620 569 0.481807100 
 1013 52707 95 0.613000000 
 8160 57071 786 0.356000000 
 878 52353 502 0.287000000 
 8159 57064 647 0.234000000 
 879 52365 17 0.753000000 
 7400 57134 488 0.244000000 
 7394 57131 881 0.346157400 
 882 52370 117 0.190000000 
 8224 57378 974 0.380079400 
 8222 57431 561 0.162000000 
 1278 52735 96 0.235000000 
 1278 52735 292 0.696000000 
 1451 53117 406 0.204000000 
 1453 53084 402 0.462000000 
 887 52376 536 0.454600000 
 1667 53430 495 0.489000000 
 6673 56419 46 0.518000000 
 1282 52759 378 0.526000000 
 7416 56810 968 0.181710750 
 3318 54951 241 0.295000000 
 1042 52725 17 0.679000000 
 1042 52725 132 0.269000000 
 1668 53433 507 0.325000000 
 1668 53433 239 0.147000000 
 1669 53433 276 0.689000000 
 8211 57423 182 0.273817630 
 1284 52736 323 0.308000000 
 1283 52762 509 0.178000000 
 6749 56370 852 0.593000000 
 8428 57837 472 0.175000000 
 7339 56722 108 0.676000000 
 7339 56722 376 0.472157700 
 1045 52725 476 0.352000000 
 1046 52460 480 0.335000000 
 1670 54553 634 0.587000000 
 8406 57513 64 0.204000000 
 1672 53460 453 0.278000000 
 6751 56368 914 0.439000000 
 1327 52781 420 0.484000000 
 8400 57837 803 0.275121000 
 1164 52674 239 0.210000000 
 1163 52669 125 0.668000000 
 1164 52674 306 0.206000000 
 1327 52781 142 0.204000000 
 8404 57481 688 0.488334800 
 1046 52460 626 0.170000000 
 1329 52767 520 0.172000000 
 795 52378 340 0.328000000 
 794 52376 109 0.161000000 
 1165 52703 170 0.146000000 
 6727 56369 586 0.790000000 
 6727 56369 562 0.788000000 
 8429 57893 596 0.355229600 
 620 52375 68 0.206000000 
 622 52054 248 0.577000000 
 812 52352 227 0.507000000 
 8061 58253 203 0.352243600 
 623 52051 586 0.259000000 
 8058 57196 4 0.207206600 
 8056 57186 698 0.304939200 
 627 52144 429 0.277000000 
 8055 57187 233 0.365558600 
 6375 56323 743 0.201000000 
 1735 53035 387 0.086000000 
 8293 57361 914 0.186026400 
 762 52232 613 0.125000000 
 8281 57042 160 0.514290000 
 896 52592 398 0.174350600 
 5735 55980 17 1.039000000 
 7315 56685 219 0.330684900 
 8282 57041 868 0.289126800 
 1005 52703 81 0.214529100 
 1005 52703 212 0.702000000 
 2956 54525 278 0.341493400 
 1202 52672 364 0.399000000 
 6662 56364 858 0.149027100 
 944 52614 374 0.141000000 
 4692 55644 588 0.333122400 
 943 52376 239 0.777000000 
 1218 52709 528 0.200000000 
 1218 52709 306 0.252000000 
 1436 53054 281 0.586000000 
 1436 53054 291 0.238000000 
 1431 52992 313 0.384000000 
 1429 52990 154 0.341000000 
 8364 58138 840 0.466152300 
 1442 53050 430 0.135000000 
 7393 56749 634 0.890000000 
 8361 57731 745 0.111308500 
 1436 53054 123 0.722900000 
 8359 57449 42 0.324000000 
 1364 53061 261 0.583000000 
 1368 53084 460 0.180000000 
 1368 53084 18 0.386000000 
 8370 57520 318 0.305000000 
 7426 56771 334 0.727281100 
 1371 52821 615 0.234000000 
 1452 53112 576 0.258000000 
 1448 53120 485 0.130266200 
 1457 53116 457 0.321000000 
 7417 56753 802 0.577000000 
 1457 53116 78 0.370000000 
 1372 53062 486 0.229000000 
 1372 53062 139 0.225000000 
 1454 53090 536 0.129000000 
 1454 53090 350 0.680000000 
 6665 56390 54 0.694000000 
 7408 56780 754 1.017000000 
 7413 56769 151 0.446000000 
 1461 53062 25 0.139000000 
 1461 53062 199 0.098000000 
 1376 53089 66 0.470000000 
 7406 56805 234 0.669000000 
 1285 52723 157 0.500400000 
 1463 53063 24 0.641000000 
 1466 53083 195 0.259000000 
 8380 57520 928 0.581663970 
 1673 53462 296 0.318000000 
 1673 53462 138 0.073000000 
 1467 53115 376 0.464000000 
 1395 52825 260 0.316000000 
 1675 53466 428 0.258000000 
 1288 52731 484 0.255000000 
 1288 52731 475 0.307000000 
 1676 53147 255 0.236000000 
 1289 52734 380 0.088000000 
 1289 52734 610 0.080000000 
 1290 52734 464 0.247357100 
 6057 56099 82 0.248000000 
 1396 53112 538 0.203000000 
 1331 52766 313 0.198000000 
 1049 52751 27 0.292000000 
 1677 53148 410 0.351000000 
 1677 53148 370 0.314000000 
 8519 58198 201 0.360430300 
 8520 58191 527 0.376303500 
 8506 57893 414 0.325167500 
 1169 52753 398 0.517000000 
 1333 52782 455 0.496000000 
 1169 52753 294 0.441000000 
 8543 57542 114 0.262000000 
 8542 57933 663 0.397453800 
 8506 57893 87 0.364000000 
 1170 52756 625 0.448000000 
 6044 56090 942 0.751000000 
 816 52379 519 0.293000000 
 1170 52756 162 0.085000000 
 8543 57542 4 0.270524000 
 627 52144 361 0.190000000 
 8541 58257 38 0.376500000 
 8541 58257 385 0.362000000 
 629 52051 606 0.741000000 
 626 52057 506 0.171000000 
 8536 58015 926 0.208273900 
 629 52051 472 0.368000000 
 8540 58287 33 0.302523900 
 629 52051 13 0.176000000 
 8537 58014 608 0.224544900 
 8537 58014 736 0.556269700 
 8535 58019 126 0.507849300 
 8532 58022 797 0.523827900 
 1735 53035 92 0.166000000 
 1734 53034 321 0.102439800 
 1733 53047 402 0.216000000 
 432 51884 246 0.117997100 
 434 51885 14 0.258000000 
 9360 58055 579 0.199000000 
 828 52317 503 0.242000000 
 831 52294 44 0.219555400 
 830 52293 239 0.135000000 
 1198 52669 403 0.088000000 
 1213 52972 383 0.161000000 
 1212 52703 612 0.107412900 
 938 52708 489 0.245064100 
 938 52708 272 0.322000000 
 1213 52972 199 0.196687700 
 941 52709 97 0.667000000 
 1216 52709 561 0.236000000 
 1216 52709 534 0.249000000 
 4636 55945 459 0.707000000 
 1277 52765 38 0.641000000 
 1426 52993 551 0.054000000 
 1426 52993 132 0.109110200 
 3223 54865 164 0.301000000 
 1218 52709 54 0.055236970 
 1359 53002 596 0.234000000 
 1357 53034 556 0.671000000 
 8363 58140 450 0.431000000 
 1426 52993 145 0.459000000 
 1435 52996 634 0.201000000 
 1435 52996 353 0.453600000 
 2007 53474 467 0.403000000 
 4630 55623 820 0.997000000 
 1439 53003 294 0.449000000 
 2030 53499 112 0.158000000 
 1447 53120 59 0.554000000 
 1445 53062 114 0.669000000 
 1443 53055 9 0.072000000 
 1443 53055 57 0.167370900 
 1995 53415 213 0.398000000 
 2027 53433 603 0.120000000 
 2003 53442 539 0.233000000 
 1456 53115 72 0.381000000 
 1989 53772 322 0.241738100 
 1989 53772 400 0.186111000 
 2022 53827 611 0.569600000 
 8387 57483 405 0.533935670 
 2088 53493 419 0.526000000 
 1977 53475 204 0.603000000 
 3984 55333 484 0.887000000 
 8870 57779 636 0.358399000 
 2032 53815 517 0.195069100 
 3981 55603 210 0.867000000 
 2032 53815 147 0.229497500 
 8875 57779 688 0.262317100 
 2032 53815 170 0.774800000 
 8390 57485 818 0.449000000 
 1464 53091 461 0.310000000 
 1464 53091 395 0.535000000 
 1464 53091 589 0.806000000 
 1377 53050 189 0.132000000 
 2014 53460 376 0.118000000 
 8845 58159 122 0.501876800 
 8877 57782 882 0.275124900 
 6631 56364 112 0.380000000 
 5169 56045 376 0.268000000 
 2014 53460 510 0.068000000 
 10759 58526 36 0.637000000 
 1380 53084 155 0.449000000 
 1642 53115 350 0.204000000 
 10760 58224 932 0.454606100 
 1396 53112 236 0.193000000 
 1396 53112 194 0.249000000 
 1396 53112 175 0.273000000 
 8502 57512 192 0.173896490 
 1348 53084 429 0.375000000 
 1349 52797 408 0.375000000 
 1349 52797 491 0.141000000 
 1350 52786 505 0.422900000 
 10756 58226 949 0.487099300 
 1382 53115 321 0.718000000 
 4714 56041 892 0.861000000 
 1291 52738 423 0.168000000 
 1397 53119 576 0.805000000 
 1291 52738 116 0.297000000 
 8498 57105 795 0.527733800 
 1398 53146 373 0.151000000 
 1398 53146 514 0.342000000 
 8498 57105 172 0.278218200 
 5167 56066 262 0.387000000 
 10748 58224 422 0.292572600 
 1383 53116 412 0.166146300 
 1678 53433 101 0.150089600 
 1679 53149 297 0.731000000 
 8517 57899 306 0.369503000 
 1293 52765 102 0.197000000 
 1294 52753 74 0.165000000 
 1294 52753 289 0.158000000 
 1054 52516 11 0.559000000 
 10737 58254 930 0.201000000 
 1171 52753 554 0.136000000 
 1171 52753 166 0.038000000 
 1173 52790 185 0.655000000 
 1173 52790 218 0.115000000 
 630 52050 304 0.591000000 
 630 52050 234 0.100000000 
 10728 58248 990 0.176488500 
 10728 58248 424 0.361000000 
 1174 52782 610 0.499000000 
 8545 58041 158 0.629370700 
 10721 58288 713 0.857906600 
 7713 58096 178 0.177709400 
 7130 56568 884 0.565000000 
 7720 58101 760 0.305496200 
 7735 58136 486 0.473186000 
 757 52238 37 0.184000000 
 10240 58158 740 0.394984000 
 1272 52989 19 0.260000000 
 1591 52976 422 0.809000000 
 10434 58140 34 0.340000000 
 1274 52995 492 0.185000000 
 1275 52996 90 0.325000000 
 1274 52995 397 0.651000000 
 1594 52992 387 0.422544300 
 1593 52991 335 0.487000000 
 1593 52991 21 0.256000000 
 10240 58158 111 0.290332000 
 1275 52996 4 0.180000000 
 10229 58441 946 0.468371200 
 1594 52992 69 0.507000000 
 1594 52992 56 0.400000000 
 1945 53387 438 0.379200000 
 1943 53386 606 0.407000000 
 1945 53387 8 0.043000000 
 10447 58143 906 0.252000000 
 1951 53389 449 0.200000000 
 1954 53357 55 0.191000000 
 1957 53415 239 0.404000000 
 1951 53389 54 0.479000000 
 2096 53446 508 0.084000000 
 10269 58220 374 0.205000000 
 10272 58172 181 0.382428400 
 6450 56331 34 0.434000000 
 10465 58144 146 0.416000000 
 2034 53466 464 0.485000000 
 2107 53786 243 0.075784400 
 2113 53468 140 0.208000000 
 2097 53491 316 0.239000000 
 2100 53713 148 0.726300000 
 2035 53436 180 0.204300000 
 2089 53498 517 0.508900000 
 10261 58462 714 0.252827600 
 2095 53474 380 0.348300000 
 8866 57457 348 0.440555190 
 2020 53431 233 0.288000000 
 1999 53503 239 0.318600000 
 2013 53818 335 0.691600000 
 1971 53472 588 0.226000000 
 11396 58490 654 0.290983000 
 2020 53431 514 0.084034200 
 10250 58472 184 0.954231000 
 8875 57779 156 0.391716900 
 2023 53851 354 0.302200000 
 2023 53851 186 0.728000000 
 10254 58514 388 0.303163600 
 10252 58485 950 0.488000000 
 10257 58526 893 0.399000000 
 10253 58487 6 0.567765000 
 11401 58491 706 0.386180000 
 2104 53852 178 0.032016810 
 2117 54115 429 0.077790860 
 2109 53468 560 0.395000000 
 2109 53468 64 0.089000000 
 2109 53468 256 0.117000000 
 2109 53468 251 0.697700000 
 10756 58226 291 0.689000000 
 1644 53144 269 0.205000000 
 1840 53472 572 0.733000000 
 1839 53471 511 0.277000000 
 1840 53472 358 0.664000000 
 2129 54252 420 0.385200000 
 1382 53115 204 0.790000000 
 10754 58224 256 0.364000000 
 10757 58223 120 0.349169000 
 1646 53498 490 0.472000000 
 1646 53498 232 0.449000000 
 1647 53531 346 0.552000000 
 1646 53498 131 0.159000000 
 1646 53498 292 0.181000000 
 1840 53472 147 0.257000000 
 1840 53472 93 0.210000000 
 1841 53491 240 0.627000000 
 1352 52819 226 0.254000000 
 1353 53083 390 0.273000000 
 10747 58220 642 0.307333400 
 1353 53083 247 0.200000000 
 1353 53083 96 0.113000000 
 10746 58257 466 0.529089700 
 1385 53108 569 0.284000000 
 10751 58220 176 0.339879300 
 4720 55691 744 0.856000000 
 1647 53531 588 0.281000000 
 3869 55273 70 0.560000000 
 1648 53171 185 0.599000000 
 1648 53171 60 0.280000000 
 1401 53144 238 0.153000000 
 1354 52814 156 0.233000000 
 1387 53118 216 0.370000000 
 1682 53173 439 0.344000000 
 5011 55739 984 1.033604100 
 1338 52765 635 0.671000000 
 1338 52765 485 0.075000000 
 5191 56065 802 0.406000000 
 1683 53436 535 0.300000000 
 1057 52522 220 0.490000000 
 10919 58255 704 0.611600400 
 1419 53144 50 0.452000000 
 1685 53463 339 0.727000000 
 1420 53146 237 0.141000000 
 820 52438 232 0.459000000 
 972 52435 338 0.423000000 
 1339 52767 205 0.725000000 
 1176 52791 482 0.178078200 
 1176 52791 170 0.357000000 
 1176 52791 7 0.447000000 
 1685 53463 627 0.699000000 
 10723 58287 738 0.203742700 
 2973 54591 160 0.175013000 
 975 52411 426 0.227000000 
 10723 58287 29 0.270422900 
 7141 56565 520 0.486863000 
 7764 58042 779 0.595430500 
 7751 58081 8 0.239654100 
 7766 58395 69 0.322767600 
 7694 57359 62 0.381025600 
 7666 57339 908 0.139268040 
 7724 58434 552 0.122131100 
 7733 58103 452 0.268129900 
 857 52314 449 0.141000000 
 930 52618 401 0.162000000 
 929 52581 625 0.341000000 
 10657 58157 347 0.222000000 
 1266 52709 627 0.239000000 
 4461 55888 264 0.081934770 
 1588 52965 438 0.071000000 
 9605 58108 745 0.571000000 
 11123 58429 37 0.257000000 
 10439 58157 169 0.527000000 
 10440 58138 650 0.289211500 
 11345 58428 779 0.808000000 
 9608 58137 857 0.182000000 
 1940 53383 573 0.245000000 
 10430 58155 268 0.269000000 
 10436 58142 710 0.409000000 
 1944 53385 239 0.208000000 
 9629 58133 933 0.435989200 
 1950 53436 521 0.141355300 
 10453 58136 560 0.607617500 
 9627 58132 741 0.442777900 
 10459 58159 949 0.339000000 
 2351 53786 497 0.186704500 
 2354 53799 123 0.060472540 
 2356 53786 591 0.173944300 
 2353 53794 509 0.084978840 
 10478 58171 264 0.242716000 
 10478 58171 364 0.706740700 
 10469 58133 826 0.863802700 
 2215 53793 481 0.635600000 
 2217 53794 78 0.364942700 
 2217 53794 279 0.300200000 
 2216 53795 262 0.422139600 
 2501 54084 409 0.366600000 
 2220 53795 401 0.210600000 
 2223 53793 226 0.783600000 
 2655 54184 402 0.421500000 
 2514 53882 480 0.337006900 
 2228 53818 407 0.614200000 
 2232 53827 120 0.358204100 
 2228 53818 80 0.483900000 
 2225 53729 27 0.297400000 
 2231 53816 476 0.226534600 
 2231 53816 303 0.435763900 
 2226 53819 46 0.308304400 
 2229 53823 282 0.577000000 
 2658 54502 464 0.159814300 
 2234 53823 375 0.229071500 
 2237 53828 311 0.243000000 
 2237 53828 93 0.589400000 
 2238 54205 429 0.562200000 
 5980 56338 974 0.776000000 
 2011 53499 461 0.085000000 
 2009 53904 342 0.570200000 
 2243 53794 226 0.060421170 
 2662 54505 445 0.275200000 
 6491 56337 596 0.850000000 
 1978 53473 325 0.048000000 
 2002 53471 228 0.582000000 
 2002 53471 33 0.073000000 
 1978 53473 234 0.440000000 
 2246 53767 311 0.164238600 
 2245 54208 165 0.387600000 
 2245 54208 115 0.413500000 
 2116 53854 510 0.381700000 
 2116 53854 429 0.243315200 
 2127 53859 163 0.359500000 
 2124 53770 568 0.068294610 
 2138 53757 149 0.177954500 
 2145 54212 480 0.184999700 
 2135 53827 620 0.513500000 
 1844 54138 550 0.086085320 
 1845 54144 483 0.225019800 
 2146 54230 204 0.248200000 
 2157 54242 417 0.476900000 
 2149 54509 571 0.191684600 
 1650 53174 545 0.274000000 
 1652 53555 531 0.227871700 
 1846 54173 599 0.159282000 
 1390 53142 330 0.561000000 
 1685 53463 439 0.421000000 
 1574 53476 350 0.048000000 
 2948 54553 605 0.087620900 
 1409 52824 616 0.071000000 
 980 52431 181 0.273000000 
 7640 57311 879 0.797805900 
 11633 58463 846 0.559581600 
 7701 57356 804 0.122394200 
 7700 58016 956 0.396751500 
 7698 58013 402 0.238483000 
 7698 58013 288 0.140113000 
 6877 56544 442 0.386000000 
 7672 57339 817 0.259595400 
 7661 57286 991 0.065639970 
 7678 57282 832 0.165520000 
 7678 57282 291 0.213457230 
 7631 57279 108 0.202220200 
 7687 57007 974 0.071440950 
 7634 56935 915 0.626085400 
 11084 58427 218 0.101220200 
 1265 52705 410 0.357892400 
 11109 58523 808 0.180000000 
 11109 58523 851 0.163000000 
 1929 53349 432 0.084412770 
 4483 55587 702 0.339000000 
 9567 58056 589 0.302000000 
 9590 57813 547 0.254924900 
 9561 57809 719 0.538393300 
 2296 53735 581 0.418431200 
 9623 58132 397 0.221666500 
 2295 53734 299 0.133679900 
 2292 53713 90 0.204687400 
 6458 56274 838 0.389000000 
 2364 53737 488 0.193890400 
 9578 57817 906 0.476986300 
 9578 57817 190 0.470712100 
 9578 57817 230 0.323131100 
 2352 53770 242 0.502200000 
 2349 53734 124 0.610100000 
 2346 53734 45 0.065201060 
 6424 56272 769 0.492000000 
 2366 53741 526 0.136008600 
 2375 53770 534 0.158920400 
 2478 54097 504 0.363400000 
 2497 54154 391 0.255654300 
 2493 54115 551 0.330800000 
 2488 54149 408 0.452900000 
 2500 54178 354 0.196447100 
 2497 54154 441 0.271360500 
 2501 54084 358 0.069404630 
 6421 56274 872 0.813000000 
 2501 54084 253 0.272905800 
 6422 56328 222 0.184000000 
 2656 54484 158 0.193608000 
 2513 54141 490 0.181573600 
 2513 54141 555 0.650200000 
 2644 54210 216 0.372100000 
 2509 54180 549 0.314170000 
 2659 54498 464 0.340828100 
 2645 54477 226 0.522550700 
 2647 54495 288 0.348427100 
 2647 54495 204 0.189651400 
 2662 54505 392 0.371100000 
 2647 54495 547 0.203596000 
 2648 54485 344 0.101870400 
 2662 54505 35 0.340439400 
 2663 54234 67 0.542600000 
 2651 54507 417 0.230571200 
 2651 54507 533 0.502287000 
 2651 54507 314 0.610600000 
 2666 54230 526 0.416100000 
 2664 54524 39 0.223100000 
 2654 54231 408 0.361900000 
 2653 54230 61 0.490175800 
 2654 54231 275 0.110261400 
 2124 53770 509 0.260703500 
 2785 54537 447 0.106648900 
 2784 54529 455 0.324000000 
 2785 54537 319 0.155674600 
 2785 54537 190 0.547000000 
 2769 54527 624 0.064902380 
 2128 53800 415 0.628500000 
 2132 53493 289 0.600000000 
 2144 53770 287 0.298000000 
 2774 54534 619 0.321100000 
 1849 53846 220 0.187100000 
 2173 53874 354 0.455900000 
 1575 53493 166 0.284000000 
 1570 53149 526 0.481000000 
 1570 53149 608 0.126000000 
 1570 53149 429 0.761000000 
 1659 53224 195 0.191400000 
 1689 53177 409 0.307000000 
 7575 56947 348 0.659747000 
 7583 56958 818 0.151464000 
 7583 56958 138 0.413421300 
 7614 57307 310 0.359176900 
 7606 56977 980 0.150739880 
 7668 57579 803 0.241028700 
 6521 56537 476 0.116124200 
 751 52251 335 0.116000000 
 751 52251 193 0.119000000 
 418 51817 595 0.101000000 
 7624 57039 256 0.172574100 
 423 51821 156 0.394000000 
 7627 56933 468 0.469952430 
 11045 58485 872 0.705724900 
 1582 52939 49 0.484000000 
 1921 53317 429 0.368324200 
 9559 57805 436 0.270983000 
 2435 53828 233 0.179305700 
 9581 57783 189 0.295994000 
 2371 53762 144 0.119802100 
 9584 57786 101 0.445759800 
 5884 56046 580 0.247000000 
 2593 54175 181 0.098129600 
 2484 54144 282 0.419733300 
 2479 54174 402 0.501800000 
 2487 53852 254 0.302308700 
 2480 53851 97 0.385300000 
 2491 53855 323 0.509600000 
 2491 53855 95 0.597800000 
 1752 53379 322 0.526000000 
 2502 54180 66 0.324500000 
 2499 54176 11 0.182961900 
 1761 53376 220 0.485000000 
 1762 53415 33 0.139942200 
 1767 53436 337 0.229280800 
 2615 54483 462 0.131344100 
 2617 54502 143 0.221900000 
 2603 54479 278 0.583500000 
 1773 53112 333 0.165300000 
 1772 53089 77 0.114000000 
 5867 56034 956 0.735000000 
 2641 54230 223 0.157439900 
 2641 54230 10 0.075722530 
 2606 54154 590 0.135707200 
 2606 54154 556 0.465300000 
 1704 53178 562 0.318000000 
 2761 54534 141 0.162936200 
 2791 54556 5 0.255036800 
 2778 54539 386 0.515000000 
 2780 54557 425 0.639800000 
 2764 54535 53 0.586900000 
 2750 54242 551 0.149368700 
 2794 54537 182 0.125654000 
 2794 54537 50 0.159660500 
 2781 54266 148 0.311678600 
 2196 53534 349 0.348000000 
 2970 54589 373 0.539300000 
 2967 54584 166 0.305951000 
 2200 53875 458 0.676700000 
 2524 54568 468 0.372100000 
 2524 54568 81 0.300438200 
 2970 54589 624 0.479261600 
 7572 56944 637 0.228574200 
 7577 56944 448 0.289180500 
 5025 55836 148 0.103549800 
 740 52263 620 0.193000000 
 7607 56902 180 0.736177600 
 7602 56954 166 0.464503800 
 747 52234 466 0.391000000 
 745 52258 426 0.153887600 
 1895 53242 28 0.184000000 
 11064 58430 586 0.284077200 
 11073 58451 828 0.321751100 
 11064 58430 983 0.137949900 
 11061 58428 580 0.160474750 
 2418 53794 526 0.702000000 
 2570 54081 369 0.188785300 
 2571 54055 588 0.583196400 
 2430 53815 624 0.104015600 
 1760 53086 442 0.589000000 
 2576 54086 432 0.643900000 
 2576 54086 160 0.178833800 
 2578 54093 195 0.028784787 
 1741 53052 486 0.217000000 
 1742 53053 249 0.251000000 
 1741 53052 161 0.139000000 
 1744 53055 372 0.035240980 
 1744 53055 387 0.599011800 
 1745 53061 441 0.427000000 
 1597 52999 227 0.069820420 
 1598 53033 249 0.225000000 
 1236 52751 584 0.687000000 
 1237 52762 77 0.104000000 
 1601 53115 118 0.133523000 
 1604 53078 431 0.267000000 
 1604 53078 495 0.172000000 
 1604 53078 53 0.631000000 
 1754 53385 91 0.200825800 
 1223 52781 625 0.539317700 
 1755 53386 82 0.246000000 
 1607 53083 610 0.153656400 
 1609 53142 640 0.270600000 
 1227 52733 79 0.390200000 
 1231 52725 301 0.485700000 
 1232 52731 473 0.210000000 
 1626 53472 609 0.085100000 
 1771 53498 100 0.142200000 
 1791 54266 372 0.190109200 
 1793 53883 280 0.274300000 
 1698 53146 44 0.399000000 
 1797 54507 329 0.218951200 
 1775 53847 36 0.249187100 
 1777 53857 139 0.152432400 
 1701 53142 182 0.295000000 
 1802 53885 451 0.582700000 
 1804 53886 474 0.549700000 
 1807 54175 361 0.115032700 
 1809 53792 602 0.177900000 
 1707 53885 314 0.251662500 
 1709 53533 230 0.242000000 
 1812 53795 611 0.266793200 
 1811 53533 80 0.420000000 
 1714 53521 26 0.649000000 
 1714 53521 11 0.468000000 
 1711 53535 436 0.231000000 
 1814 54555 321 0.570700000 
 2522 54570 322 0.174100000 
 2522 54570 488 0.287900000 
 2525 54569 308 0.155900000 
 2520 54584 72 0.103187400 
 738 52521 383 0.414600000 
 739 52520 388 0.326000000 
 11554 58456 692 0.318466500 
 11311 58429 235 0.176912500 
 8746 58396 486 0.234340400 
 8740 57367 232 0.250357270 
 8743 57663 182 0.336562600 
 8743 57663 384 0.237424600 
 11313 58426 537 0.212518700 
 8746 58396 136 0.194840000 
 8749 57684 404 0.454547500 
 8751 57685 670 0.090004210 
 8753 57373 518 0.306869150 
 11077 58433 155 0.123292200 
 11077 58433 69 0.566853300 
 11072 58436 332 0.090159160 
 8756 57687 160 0.199824200 
 8760 57672 398 0.128552400 
 8760 57672 363 0.117257400 
 8759 57700 660 0.256555300 
 8734 57642 246 0.159633100 
 1757 53083 234 0.180000000 
 1194 52703 94 0.186568700 
 1302 52763 23 0.122037900 
 1235 52734 95 0.161000000 
 995 52731 486 0.162000000 
 572 52289 571 0.223000000 
 570 52266 48 0.117651400 
 500 51994 536 0.078332130 
 1238 52761 102 0.344000000 
 997 52734 494 0.763000000 
 997 52734 399 0.164000000 
 997 52734 143 0.170000000 
 997 52734 80 0.558842700 
 998 52750 38 0.313100000 
 574 52355 579 0.189341100 
 576 52325 378 0.338000000 
 1001 52670 397 0.421000000 
 1001 52670 188 0.224000000 
 1617 53112 309 0.149236600 
 836 52376 453 0.101109300 
 837 52642 298 0.545000000 
 1620 53137 149 0.498000000 
 1622 53385 115 0.337787200 
 1622 53385 125 0.125505900 
 1624 53386 243 0.079854340 
 843 52378 401 0.068000000 
 4751 55646 776 0.966000000 
 517 52024 559 0.380000000 
 1627 53473 507 0.288083800 
 1790 53876 429 0.412800000 
 1625 53140 116 0.140331900 
 845 52381 447 0.084000000 
 845 52381 56 0.121000000 
 1794 54504 608 0.088913570 
 1794 54504 350 0.349829000 
 523 52026 329 0.133000000 
 1797 54507 315 0.127807700 
 1799 53556 15 0.451200000 
 851 52376 549 0.098000000 
 850 52338 245 0.071000000 
 527 52342 329 0.306000000 
 1801 54156 55 0.440500000 
 855 52375 180 0.687000000 
 856 52339 50 0.427000000 
 531 52028 473 0.148000000 
 1826 53499 166 0.199528100 
 585 52027 368 0.106000000 
 585 52027 214 0.253000000 
 1814 54555 467 0.444100000 
 1828 53504 160 0.202000000 
 1830 54560 156 0.093493800 
 1831 54557 501 0.287800000 
 1834 54562 278 0.038520830 
 589 52055 467 0.164000000 
 1724 53859 83 0.098472190 
 1728 53228 314 0.221000000 
 1730 53498 500 0.396000000 
 11329 58426 781 0.286578400 
 11306 58450 414 0.196857500 
 7854 56989 464 0.319180500 
 9411 58070 282 0.663000000 
 7856 57260 538 0.161309300 
 9445 58097 372 0.102085000 
 9410 58069 75 0.539000000 
 7868 57006 816 0.252000000 
 7869 57012 760 0.461149500 
 7869 57012 687 0.294032200 
 7859 57282 608 0.180111360 
 9389 58097 894 0.719000000 
 393 51794 90 0.138000000 
 7871 56902 859 0.407221800 
 7861 57281 952 0.305437540 
 9401 58103 689 0.282400000 
 7861 57281 898 0.305284700 
 7859 57282 198 0.714780800 
 7859 57282 89 0.772872900 
 7877 56898 415 0.957928960 
 7860 57006 821 0.216472000 
 7842 56899 974 0.381405230 
 7847 57012 638 0.359527300 
 400 51820 585 0.138000000 
 698 52203 621 0.145648000 
 7846 56984 271 0.202989500 
 7830 57043 497 0.130408600 
 7833 57286 70 0.106602240 
 9390 58103 1 0.163000000 
 1075 52933 61 0.377600000 
 4236 55479 386 0.424000000 
 7835 56986 538 0.171465900 
 7838 56958 228 0.605760300 
 9371 58073 530 0.262000000 
 266 51630 200 0.289000000 
 271 51883 277 0.094431470 
 270 51909 83 0.200400000 
 4741 55704 142 0.766000000 
 278 51900 437 0.497000000 
 510 52381 509 0.567000000 
 513 51989 491 0.136000000 
 514 51994 394 0.093110850 
 514 51994 198 0.450000000 
 285 51930 388 0.261000000 
 328 52282 575 0.105000000 
 324 51666 575 0.396000000 
 287 52023 426 0.181000000 
 331 52368 611 0.202100000 
 331 52368 640 0.537100000 
 289 51990 1 0.236722400 
 294 51986 470 0.803000000 
 297 51959 315 0.173000000 
 910 52377 404 0.168000000 
 340 51990 329 0.111000000 
 299 51671 549 0.086967990 
 300 51943 136 0.600000000 
 911 52426 119 0.111692800 
 532 51993 64 0.201000000 
 916 52378 406 0.320000000 
 305 51613 460 0.326000000 
 536 52024 30 0.296000000 
 921 52380 133 0.210000000 
 2952 54559 406 0.124496400 
 539 52017 586 0.135000000 
 311 51665 443 0.072000000 
 312 51689 588 0.114000000 
 592 52025 69 0.118534500 
 4806 55688 368 0.078412460 
 5141 55746 22 0.281000000 
 9140 58039 168 0.136034100 
 9163 58043 152 0.344000000 
 9180 57693 931 0.579000000 
 9143 57665 92 0.052910890 
 4209 55478 724 0.285773100 
 9154 58013 915 0.840180000 
 9209 57686 723 0.503269400 
 386 51788 286 0.182000000 
 4356 55829 106 0.079581150 
 7900 57358 177 0.592760560 
 7905 57666 265 0.388604400 
 7905 57666 305 0.201919800 
 7913 57333 921 0.128845100 
 2878 54465 528 0.448200000 
 7885 57336 874 0.168106700 
 667 52163 567 0.173586400 
 9320 58069 713 0.378064000 
 9318 58068 83 0.707263000 
 327 52294 19 0.212400000 
 913 52433 213 0.085000000 
 913 52433 12 0.436000000 
 640 52200 488 0.543000000 
 7033 56565 791 0.722000000 
 650 52143 154 0.102820100 
 3105 54825 529 0.157396500 
 658 52146 555 0.351000000 
 661 52163 340 0.229078900 
 661 52163 208 0.693000000 
 664 52174 158 0.393400000 
 665 52168 211 0.208000000 
 664 52174 289 0.090218540 
 3122 54821 541 0.261000000 
 646 52523 86 0.618900000 
 649 52201 509 0.236000000 
 7102 56666 610 0.756000000 
 8230 57430 800 0.509022700 
 6831 56426 893 0.741000000 
 792 52353 570 0.345500000 
 1048 52736 556 0.643500000 
 4526 55559 260 0.190000000 
 8876 57783 840 0.437090000 
 8392 57483 399 0.177960990 
 2006 53476 115 0.089696790 
 2075 53730 535 0.478927800 
 7609 56959 592 0.624805600 
 2609 54476 88 0.159582800 
 2749 54241 377 0.306300000 
 1615 53166 598 0.707900000 
 856 52339 215 0.525000000 
 391 51782 191 0.167519700 
 1771 53498 107 0.285600000 
 7687 57007 576 0.232331200 
 7683 58133 781 0.375903600 
 7830 57043 982 0.251314600 
 7836 57278 657 0.185275910 
 790 52441 450 0.641200000 
 1044 52468 195 0.165893000 
 959 52411 375 0.354000000 
 1372 53062 393 0.062351700 
 8377 57783 104 0.607843500 
 1833 54561 404 0.080700000 
 355 51788 61 0.425000000 
 412 52258 129 0.080000000 
 637 52174 259 0.600000000 
 1309 52762 443 0.051266210 
 2482 54175 216 0.206866100 
 373 51788 461 0.265424500 
 847 52426 198 0.351400000 
 5420 56009 614 0.767000000 
 1760 53086 42 0.773000000 
 1944 53385 472 0.128712600 
 7914 57331 906 0.303838340 
 11079 58485 972 0.139752000 
 7686 57015 250 0.288774370 
 353 51703 633 0.179000000 
 355 51788 528 0.310000000 
 1671 53446 361 0.197986800 
 4229 55501 684 0.450500000 
 2885 54497 546 0.208428600 
 11073 58451 101 0.249927500 
 840 52374 505 0.149124000 
 1810 53794 504 0.459800000 
 2746 54232 633 0.055100000 
 1416 52875 433 0.067256920 
 1717 53883 331 0.030393380 
 1834 54562 30 0.035777000 
 4016 55632 366 0.714000000 
 935 52643 2 0.076000000 
 2008 53473 75 0.366900000 
 2613 54481 620 0.513100000 
 7677 57363 980 0.277885650 
 354 51792 178 0.372000000 
 897 52605 31 0.266000000 
 513 51989 340 0.524755700 
 839 52373 136 0.274000000 
 11069 58456 356 0.338198500 
 346 51693 214 0.237900000 
 2228 53818 209 0.405600000 
 1673 53462 598 0.245400000 
 1770 53171 496 0.083374040 
 1425 52913 123 0.290000000 
 366 52017 299 0.160000000 
 1164 52674 398 0.274603100 
 2663 54234 277 0.122120900 
 1167 52738 317 0.725400000 
 2766 54242 472 0.524016200 
 8528 57896 474 0.368209300 
 622 52054 46 0.136833500 
 2884 54526 529 0.369400000 
 1790 53876 17 0.132858000 
 287 52023 163 0.253610200 
 7857 57278 842 0.259789140 
 1847 54176 558 0.116800000 
 2953 54560 530 0.337400000 
 1683 53436 100 0.212353200 
 1212 52703 198 0.250627760 
 8502 57512 271 0.277789800 
 11340 58433 612 0.235097600 
 7238 56660 92 0.092000000 
 588 52045 419 0.094000000 
 976 52413 166 0.244200000 
 11089 58467 232 0.383331000 
 952 52409 33 0.114850300 
 527 52342 515 0.805500000 
 8733 58396 302 0.290040500 
 6045 56072 236 0.326000000 
 350 51691 336 0.373000000 
 1435 52996 608 0.082848000 
 724 52254 477 0.412100000 
 276 51909 38 0.187899500 
 345 51690 578 0.116758600 
 350 51691 175 0.285000000 
 6690 56416 326 0.341000000 
 1676 53147 442 0.270888000 
 974 52427 538 0.107159000 
 2034 53466 201 0.316300000 
