 1332 52781 449 0.392000000 
 1287 52728 356 0.117000000 
 2516 54241 157 0.421507100 
 6786 56448 960 0.447000000 
 8191 57390 581 0.561000000 
 2504 54179 488 0.181800000 
 3155 54829 362 0.252393600 
 666 52149 615 0.077000000 
 6417 56308 30 0.398435700 
 2226 53819 517 0.671793700 
 10723 58287 768 0.151116200 
 940 52670 374 0.131000000 
 10251 58173 63 0.299939000 
 8214 57867 616 0.313000000 
 2147 53491 605 0.144300000 
 1979 53431 7 0.495375700 
 3377 54950 540 0.334479300 
 1221 52751 437 0.167846800 
 337 51997 196 0.225000000 
 1697 53142 444 0.384000000 
 8738 57402 859 0.136160930 
 2746 54232 158 0.256400000 
 6378 56330 381 0.132000000 
 1164 52674 422 0.262000000 
 1603 53119 558 0.591000000 
 1618 53116 173 0.102508000 
 7847 57012 738 0.400000000 
 9628 58135 652 0.234077000 
 7645 57573 300 0.710346300 
 8526 57898 701 0.440000000 
 1174 52782 350 0.211000000 
 2782 54592 12 0.119700000 
 1931 53358 534 0.050793410 
 6428 56279 260 0.188000000 
 833 52314 615 0.240000000 
 569 52264 134 0.297000000 
 1198 52669 388 0.124000000 
 7609 56959 283 0.283348230 
 837 52642 59 0.108000000 
 2120 53852 59 0.187500000 
 1730 53498 116 0.207000000 
 1423 53167 551 0.188632800 
 953 52411 316 0.063000000 
 605 52353 514 0.343934800 
 7716 58097 692 0.114267400 
 1418 53142 53 0.053000000 
 7676 57329 352 0.151000960 
 887 52376 416 0.326000000 
 1795 54507 179 0.120942500 
 7634 56935 874 0.256919620 
 7878 57340 683 0.160693050 
 7683 58133 229 0.390825000 
 1355 52823 565 0.193000000 
 4193 55476 354 0.062000000 
 2229 53823 484 0.167650900 
 979 52427 295 0.145000000 
 469 51913 238 0.454000000 
 8542 57933 856 0.266000000 
 4732 55648 174 0.893000000 
 1331 52766 519 0.127000000 
 1304 52993 428 0.059973180 
 2219 53816 374 0.511400000 
 2229 53823 233 0.230377700 
 1993 53762 351 0.300200000 
 2033 53476 73 0.146976400 
 1980 53433 620 0.086481610 
 2016 53799 61 0.182600000 
 596 52370 370 0.694000000 
 2882 54498 522 0.404300000 
 596 52370 402 0.336200000 
 597 52059 487 0.400000000 
 493 51957 2 0.584000000 
 1785 54439 156 0.176000000 
 770 52282 38 0.658000000 
 8190 57448 508 0.168000000 
 770 52282 130 0.593000000 
 488 51914 161 0.041000000 
 488 51914 86 0.350000000 
 773 52376 272 0.148397600 
 772 52375 82 0.432000000 
 7090 56659 100 0.228000000 
 561 52295 310 0.268423200 
 7089 56661 112 0.411000000 
 596 52370 293 0.714000000 
 776 52319 495 0.211000000 
 3328 54964 183 0.464000000 
 774 52286 200 0.433000000 
 598 52316 300 0.740900000 
 778 54525 426 0.579000000 
 954 52405 388 0.193000000 
 957 52398 566 0.261000000 
 956 52401 272 0.683000000 
 956 52401 98 0.295229500 
 784 52327 170 0.529000000 
 785 52339 308 0.119000000 
 6967 56447 132 0.332000000 
 498 51984 15 0.696000000 
 605 52353 146 0.542000000 
 789 52342 507 0.135000000 
 789 52342 409 0.320000000 
 6802 56456 280 0.774000000 
 8198 57374 358 0.341000000 
 8192 57348 310 0.266000000 
 7283 57063 76 1.037134000 
 7086 56658 970 0.715000000 
 945 52652 264 0.610000000 
 7102 56666 914 0.191000000 
 950 52378 86 0.371000000 
 1309 52762 514 0.448000000 
 8177 57374 340 0.496723680 
 1011 52652 564 0.558000000 
 1312 52781 508 0.293000000 
 1314 53050 92 0.061686360 
 7092 56683 34 0.730000000 
 1014 52707 40 0.163000000 
 8214 57867 324 0.888746200 
 8235 58191 216 0.310519000 
 8216 58172 833 0.949000000 
 960 52425 280 0.308000000 
 1319 52791 542 0.565000000 
 1319 52791 345 0.156000000 
 1320 52759 395 0.313000000 
 1318 52781 78 0.080000000 
 1320 52759 109 0.638000000 
 8215 58197 59 0.280103400 
 8427 57846 622 0.498000000 
 6827 56428 18 0.563875400 
 789 52342 212 0.271000000 
 1160 52674 257 0.373000000 
 1161 52703 183 0.657414000 
 1160 52674 86 0.738000000 
 612 52079 456 0.164000000 
 612 52079 426 0.388000000 
 8416 57894 237 0.359000000 
 793 52370 355 0.342000000 
 1164 52674 342 0.432000000 
 8413 57897 651 0.387000000 
 6714 56447 750 0.562000000 
 8061 58253 667 0.627845300 
 621 52055 515 0.245000000 
 8061 58253 804 0.846546300 
 8065 58248 310 0.304703200 
 5157 55923 186 0.849000000 
 7311 57038 117 0.305000000 
 7512 56777 321 0.186421200 
 551 51993 570 0.775000000 
 900 52637 368 0.761000000 
 7314 56990 610 0.117000000 
 902 52409 635 0.214314000 
 7307 56720 735 0.198000000 
 1005 52703 104 0.201500000 
 7382 56991 401 0.332000000 
 876 52669 639 0.498000000 
 8167 57071 91 0.469000000 
 878 52353 228 0.665000000 
 8224 57378 440 0.146479100 
 883 52430 60 0.171736900 
 885 52379 3 0.067000000 
 1278 52735 22 0.135000000 
 7416 56810 649 0.616000000 
 1667 53430 109 0.343000000 
 1669 53433 410 0.230000000 
 1669 53433 368 0.331000000 
 1670 54553 507 0.716378500 
 1670 54553 250 0.397000000 
 7032 56471 780 0.746000000 
 7339 56799 111 0.547917000 
 1672 53460 144 0.072881760 
 1163 52669 8 0.769200000 
 1327 52781 553 0.338000000 
 1327 52781 491 0.410000000 
 6726 56394 296 0.076000000 
 1047 52733 247 0.120000000 
 1673 53462 548 0.257000000 
 795 52378 381 0.633600000 
 1330 52822 418 0.403000000 
 1330 52822 275 0.360000000 
 6715 56449 553 0.844000000 
 8414 57846 157 0.335000000 
 795 52378 640 0.415000000 
 8414 57846 292 0.616113700 
 620 52375 454 0.237000000 
 8410 57481 653 0.434112900 
 6723 56428 274 0.227000000 
 6313 56460 835 0.483000000 
 8059 57895 722 0.264633100 
 1737 53055 542 0.515000000 
 1866 53314 508 0.141513100 
 1736 53052 380 0.402000000 
 764 52238 133 0.090000000 
 7515 56781 300 0.554812300 
 870 52325 521 0.452000000 
 872 52339 431 0.237000000 
 7385 56710 578 0.321778100 
 7385 56710 410 0.459000000 
 963 52643 274 0.315000000 
 1431 52992 594 0.582000000 
 8358 57451 501 0.534000000 
 8357 58157 780 0.865912200 
 1438 53054 306 0.457400000 
 7425 56777 272 0.525000000 
 1370 53090 114 0.491000000 
 1448 53120 550 0.052077720 
 1372 53062 406 0.235000000 
 7414 56748 92 0.906497500 
 1374 53083 507 0.268000000 
 1376 53089 599 0.232000000 
 8378 57785 890 0.871454000 
 1374 53083 121 0.502000000 
 1376 53089 211 0.403000000 
 1285 52723 435 0.464100000 
 1287 52728 565 0.553000000 
 6750 56367 120 0.585000000 
 8500 57432 736 0.500350900 
 1467 53115 602 0.189000000 
 1289 52734 580 0.165000000 
 1396 53112 383 0.673700000 
 1290 52734 279 0.423200000 
 1050 52721 285 0.494000000 
 8519 58198 610 0.950945600 
 1677 53148 15 0.150351100 
 8507 57878 390 1.046452000 
 8511 57901 846 0.609974300 
 8508 57845 320 0.321000000 
 1053 52468 580 0.430000000 
 8543 57542 346 0.235957700 
 8525 57900 882 0.335000000 
 8538 57549 413 0.674678900 
 8536 58015 996 0.224517000 
 628 52083 599 0.663000000 
 8533 58017 770 0.397057700 
 8535 58019 892 0.257486900 
 8535 58019 95 0.294628100 
 1864 53313 371 0.210000000 
 1200 52668 438 0.314000000 
 8296 57375 112 0.648060440 
 8859 57452 156 1.014946500 
 8298 57390 43 0.422000000 
 4640 55927 421 0.695000000 
 937 52707 601 0.642000000 
 1275 52996 441 0.444000000 
 1275 52996 531 0.148000000 
 8862 57461 347 0.431000000 
 8301 57390 26 0.316000000 
 1358 52994 85 0.115000000 
 8826 57452 866 0.360526740 
 1360 53033 206 0.067300890 
 1359 53002 125 0.405174000 
 3262 54884 186 0.791745800 
 4634 55626 436 0.811000000 
 2036 53446 63 0.530000000 
 2001 53493 316 0.187199500 
 3970 55591 996 0.650000000 
 2000 53495 153 0.208000000 
 4706 55705 890 1.049000000 
 2088 53493 332 0.616000000 
 8838 57870 317 0.177774500 
 1989 53772 628 0.317200000 
 8870 57779 712 0.485843100 
 1462 53112 550 0.228000000 
 4709 55720 668 0.772000000 
 1377 53050 542 0.167000000 
 8391 57511 179 0.481501000 
 1377 53050 552 0.431000000 
 2005 53472 120 0.713000000 
 8876 57783 14 0.242633500 
 10759 58526 700 0.409989900 
 2931 54590 496 0.450000000 
 1348 53084 205 0.621000000 
 1380 53084 159 0.508000000 
 10756 58226 688 0.477000000 
 1382 53115 475 0.797000000 
 1381 53089 50 0.172000000 
 1397 53119 399 0.268000000 
 5174 56047 561 0.799000000 
 1351 52790 103 0.205000000 
 10748 58224 406 0.516781800 
 10746 58257 687 0.428716900 
 1293 52765 430 0.599000000 
 1293 52765 586 0.147000000 
 10741 58230 232 0.465829800 
 1400 53470 230 0.244000000 
 1054 52516 309 0.497000000 
 10730 58244 349 0.282000000 
 1173 52790 463 0.416000000 
 8533 58017 338 0.585000000 
 8533 58017 210 0.500499400 
 6037 56106 428 0.833000000 
 817 52381 116 0.144000000 
 1174 52782 531 0.676100000 
 10763 58395 820 0.159714900 
 9364 57699 628 0.530563000 
 826 52295 366 0.335000000 
 934 52672 317 0.264000000 
 862 52325 109 0.125339000 
 8862 57461 167 0.996978900 
 1275 52996 207 0.166000000 
 1938 53379 619 0.163066400 
 1595 52999 464 0.333000000 
 1943 53386 466 0.126988200 
 1949 53433 341 0.721000000 
 11380 58462 637 0.321000000 
 1596 52998 31 0.648000000 
 10274 58170 733 0.286000000 
 1952 53378 618 0.215000000 
 1983 53442 424 0.189000000 
 2106 53714 153 0.150812600 
 1979 53431 81 0.108603900 
 10245 58161 394 0.352549000 
 2099 53469 27 0.687400000 
 1991 53446 626 0.215000000 
 2004 53737 169 0.208700000 
 2003 53442 157 0.273887200 
 10248 58220 477 0.244695400 
 2020 53431 437 0.542000000 
 2020 53431 190 0.275000000 
 1971 53472 282 0.466000000 
 2022 53827 284 0.313100000 
 10251 58173 272 0.755071200 
 10250 58472 608 0.270930200 
 2029 53819 189 0.804100000 
 8875 57779 314 0.294935900 
 8871 57519 73 0.461988700 
 10251 58173 923 0.523989700 
 2093 53818 72 0.231863100 
 2093 53818 122 0.302900000 
 2112 53534 56 0.617000000 
 10256 58193 252 0.490211000 
 2024 53503 539 0.783000000 
 10760 58224 198 0.412421000 
 1839 53471 587 0.743500000 
 1840 53472 216 0.034000000 
 2121 54180 461 0.401274700 
 10757 58223 983 0.429000000 
 10938 58514 277 0.971520200 
 1353 53083 484 0.695000000 
 1843 53816 502 0.463800000 
 1402 52872 590 0.115000000 
 1418 53142 362 0.365000000 
 10727 58197 863 0.484148800 
 1684 53239 588 0.423000000 
 10913 58256 379 0.945235800 
 974 52427 274 0.796000000 
 972 52435 467 0.705000000 
 5188 55803 154 0.796000000 
 974 52427 386 0.739100000 
 974 52427 203 0.290000000 
 973 52426 147 0.275000000 
 7760 58080 672 1.032180000 
 7746 58074 881 0.135895200 
 7695 57654 220 0.386557300 
 7677 57363 882 0.882257600 
 7679 57367 904 0.191086550 
 888 52339 388 0.147000000 
 1266 52709 548 0.526000000 
 1590 52974 193 0.255000000 
 9608 58137 341 0.416571500 
 1940 53383 320 0.313000000 
 11379 58438 32 0.337000000 
 2347 53757 326 0.548600000 
 2358 53797 310 0.167148900 
 2350 53765 630 0.323249000 
 10476 58141 778 0.978000000 
 2220 53795 300 0.385100000 
 6406 56330 904 0.349000000 
 2223 53793 280 0.362730900 
 3221 54864 558 0.603095400 
 2221 53792 126 0.521000000 
 2237 53828 130 0.496500000 
 2244 53795 494 0.279743100 
 2116 53854 620 0.205130800 
 2126 53794 362 0.380500000 
 2123 53793 562 0.165063000 
 2128 53800 458 0.317856700 
 1843 53816 125 0.356200000 
 2134 53876 534 0.487100000 
 1845 54144 328 0.070830670 
 1844 54138 88 0.182404700 
 1846 54173 437 0.082447760 
 5010 55748 35 0.806000000 
 1579 53473 88 0.085000000 
 1653 53534 515 0.231000000 
 1406 52876 250 0.294000000 
 1577 53495 416 0.355000000 
 2948 54553 315 0.221100000 
 1577 53495 7 0.128000000 
 1576 53496 169 0.399000000 
 1393 52824 56 0.556000000 
 1342 52793 157 0.593000000 
 978 52441 461 0.709000000 
 978 52441 311 0.081000000 
 7641 57307 428 0.262338200 
 7646 57570 949 0.150197600 
 7650 57575 518 0.228396300 
 7648 57329 836 0.206906800 
 7761 58071 358 0.182800500 
 7591 56954 698 0.659473300 
 7630 57006 700 0.742303300 
 5771 56011 906 0.759000000 
 9561 57809 212 0.192810400 
 9623 58132 675 0.517819900 
 2292 53713 448 0.430800000 
 2293 53730 254 0.057049240 
 9578 57817 554 1.006332000 
 6464 56309 536 0.394600900 
 2349 53734 103 0.582900000 
 2481 54086 539 0.156356100 
 2486 53876 228 0.093564410 
 2478 54097 357 0.236353600 
 2510 53877 332 0.468000000 
 2511 53882 299 0.230900000 
 2500 54178 197 0.079100000 
 2502 54180 478 0.152705300 
 2644 54210 329 0.351400000 
 2660 54504 58 0.465200000 
 2648 54485 335 0.679100000 
 2614 54481 279 0.160500000 
 2664 54524 373 0.593100000 
 2654 54231 335 0.687200000 
 2652 54508 14 0.777400000 
 2115 53535 265 0.293000000 
 2119 53792 101 0.608600000 
 2124 53770 229 0.109337600 
 2783 54524 449 0.093072650 
 2136 53494 390 0.402000000 
 2171 53557 164 0.284800000 
 3936 55302 218 0.773000000 
 1853 53566 444 0.266800000 
 7583 56958 210 0.174620200 
 7582 56960 385 0.157195300 
 7585 57190 132 0.454194400 
 7613 56988 98 0.106245900 
 7606 56977 898 0.811227900 
 7606 56977 282 0.708238840 
 7590 56944 540 0.144450600 
 751 52251 338 0.373900000 
 751 52251 160 0.045590580 
 7623 56901 723 0.300563400 
 11051 58510 186 0.635616000 
 1925 53327 52 0.129000000 
 2081 53357 636 0.065118470 
 9556 57805 192 0.464927800 
 9584 57786 384 0.434603400 
 9568 57815 452 0.564012000 
 9571 57808 673 0.313117600 
 2375 53770 248 0.124164300 
 9573 57787 634 0.176180200 
 2482 54175 182 0.132294500 
 2872 54533 104 0.568718600 
 2490 54179 302 0.090648170 
 2491 53855 124 0.432300000 
 1752 53379 623 0.686200000 
 2498 54169 103 0.139913000 
 2503 53856 555 0.297700000 
 2503 53856 12 0.437600000 
 2503 53856 11 0.282500000 
 2512 53877 607 0.316100000 
 2595 54207 541 0.497500000 
 2595 54207 589 0.146101400 
 2512 53877 582 0.522100000 
 2595 54207 34 0.548500000 
 2610 54476 241 0.063691120 
 2598 54232 89 0.519400000 
 2599 54234 538 0.250702000 
 2601 54144 164 0.751800000 
 1770 53171 77 0.277000000 
 2604 54484 598 0.193000000 
 1772 53089 428 0.450000000 
 2757 54509 515 0.187771800 
 2757 54509 78 0.103878400 
 1778 53883 410 0.460200000 
 1777 53857 612 0.214300000 
 2774 54534 51 0.550000000 
 2750 54242 474 0.789600000 
 2156 54525 122 0.381500000 
 2167 53889 484 0.072404620 
 2207 53558 588 0.236500000 
 5020 55852 598 0.750000000 
 11561 58485 536 0.148502600 
 11074 58488 588 0.958200700 
 2421 54153 335 0.238517900 
 2421 54153 312 0.486800000 
 2426 53795 239 0.117083200 
 1304 52993 611 0.356000000 
 1236 52751 428 0.114000000 
 1236 52751 509 0.163000000 
 5319 55953 184 1.003000000 
 1747 53075 516 0.762700000 
 1602 53117 578 0.509000000 
 1605 53062 125 0.393000000 
 1763 53463 286 0.534000000 
 1610 53144 469 0.122057700 
 1609 53142 517 0.169000000 
 1227 52733 259 0.696000000 
 1230 52672 257 0.581000000 
 5411 55953 500 1.045000000 
 1233 52734 302 0.346919400 
 1791 54266 397 0.384900000 
 1696 53116 505 0.179680200 
 1697 53142 102 0.158000000 
 1798 53851 192 0.195788900 
 1798 53851 143 0.612600000 
 1796 53884 199 0.258600000 
 1704 53178 389 0.200000000 
 1710 53504 163 0.399000000 
 2751 54243 136 0.584100000 
 1719 53876 66 0.389300000 
 2516 54241 619 0.183771200 
 1725 54266 581 0.664900000 
 738 52521 95 0.463200000 
 11311 58429 788 0.160298800 
 11311 58429 142 0.957124230 
 8740 57367 264 0.136955600 
 11077 58433 692 0.610465500 
 8762 57693 244 0.216943400 
 8759 57700 392 0.362389700 
 1756 53080 297 0.159767700 
 565 52225 466 0.124000000 
 991 52707 349 0.349000000 
 569 52264 163 0.363000000 
 572 52289 125 0.124000000 
 999 52636 302 0.552000000 
 575 52319 380 0.242000000 
 580 52368 384 0.456316400 
 841 52375 431 0.391421000 
 1624 53386 31 0.587440300 
 1626 53472 251 0.120928700 
 847 52426 322 0.360000000 
 846 52407 459 0.782100000 
 522 52024 377 0.210002200 
 849 52439 52 0.545000000 
 523 52026 405 0.437000000 
 854 52373 335 0.274000000 
 852 52375 625 0.174000000 
 855 52375 251 0.254000000 
 1810 53794 293 0.088114980 
 583 52055 497 0.241000000 
 584 52049 440 0.804000000 
 1727 53859 356 0.261600000 
 1729 53858 473 0.185900000 
 1727 53859 8 0.706100000 
 11302 58436 647 0.228493200 
 11279 58449 846 0.669635400 
 388 51793 139 0.139188300 
 9413 58080 266 0.329000000 
 7902 57362 546 0.581146500 
 670 52520 185 0.277953500 
 7842 56899 483 0.411563500 
 7843 56902 995 0.552000000 
 9424 58104 563 0.668191000 
 7833 57286 459 0.213450490 
 481 51908 182 0.499000000 
 267 51608 630 0.310000000 
 268 51633 235 0.595000000 
 270 51909 537 0.177663700 
 3773 55240 710 0.423702700 
 281 51614 348 0.207000000 
 516 52017 112 0.273000000 
 517 52024 27 0.216000000 
 285 51930 579 0.078000000 
 338 51694 547 0.447800000 
 294 51986 8 0.721200000 
 340 51990 485 0.084000000 
 300 51943 139 0.515000000 
 531 52028 511 0.270000000 
 536 52024 425 0.772000000 
 303 51615 518 0.434000000 
 537 52027 554 0.211000000 
 307 51663 166 0.104000000 
 593 52026 111 0.480000000 
 9163 58043 822 0.161683200 
 9154 58013 971 0.320995100 
 9309 58074 176 1.027993000 
 7906 57333 990 0.229475270 
 7875 56980 242 0.577891900 
 7238 56660 88 0.238000000 
 337 51997 221 0.047000000 
 651 52141 535 0.210000000 
 652 52138 252 0.254300000 
 656 52148 454 0.175000000 
 662 52147 370 0.145864300 
 7184 56629 734 0.164671700 
 667 52163 238 0.582783400 
 454 51908 296 0.357166600 
 455 51909 281 0.737000000 
 599 52317 130 0.512000000 
 499 51988 349 0.321952200 
 611 52055 46 0.238821200 
 7030 56448 166 0.847000000 
 1735 53035 557 0.390000000 
 1454 53090 30 0.458000000 
 8532 58022 108 0.869725100 
 10729 58248 648 0.427152700 
 7726 58154 175 1.049650000 
 1974 53430 335 0.479500000 
 2784 54529 460 0.549000000 
 5871 56041 382 0.587000000 
 1740 53050 215 0.039000000 
 835 52326 437 0.440000000 
 1832 54259 555 0.084612950 
 6167 56189 86 0.881000000 
 628 52083 302 0.061464970 
 586 52023 374 0.377500000 
 453 51915 77 0.207657400 
 8757 58428 24 0.320349200 
 644 52173 592 0.220225100 
 3792 55212 972 0.585000000 
 2657 54502 365 0.076779800 
 6669 56413 503 0.722000000 
 8389 57488 286 0.214000000 
 1191 52674 137 0.412900000 
 1611 53147 105 0.427500000 
 1358 52994 286 0.511068200 
 570 52266 517 0.155400000 
 1444 53054 527 0.169320100 
 910 52377 259 0.185410900 
 2885 54497 327 0.243201800 
 1697 53142 223 0.095535160 
 11067 58507 221 0.242579000 
 8738 57402 757 0.318327370 
 2292 53713 272 0.172200000 
 7678 57282 678 0.524289800 
 11053 58437 336 0.987827900 
 1842 53501 217 0.235600000 
 1842 53501 403 0.199322700 
 6709 56429 590 0.879000000 
 2585 54097 98 0.286000000 
 719 52203 439 0.197887000 
 1991 53446 239 0.717500000 
 9139 58038 319 0.235104000 
 11053 58437 202 0.190768600 
 667 52163 537 0.537182600 
 878 52353 456 0.181100000 
 2226 53819 248 0.323900000 
 312 51689 175 0.121882700 
 790 52441 133 0.111637400 
 2136 53494 358 0.105000000 
 1568 53169 63 0.163836000 
 1178 52825 581 0.198728300 
 9399 58125 783 0.962628000 
 1700 53502 375 0.595300000 
 1290 52734 199 0.286545000 
 1584 52943 124 0.124000000 
 1303 53050 22 0.165700000 
 5147 55854 129 0.788000000 
 2649 54212 589 0.723400000 
 2002 53471 156 0.206024000 
 1011 52652 181 0.067783850 
 8359 57449 84 0.256000000 
 8066 57544 839 0.170681000 
 1570 53149 434 0.060497590 
 7339 56799 543 0.917732000 
 1700 53502 426 0.153177600 
 8545 58041 552 0.308775500 
 10723 58287 954 0.320530800 
 2283 53729 76 0.088807220 
 2651 54507 448 0.257400000 
 291 51928 456 0.089666460 
 1709 53533 300 0.192582200 
 11311 58429 934 0.157725200 
 8855 57780 842 0.862477000 
 1465 53082 96 0.062700000 
 787 52320 225 0.611900000 
 2090 53463 112 0.491000000 
 4363 55537 196 0.600000000 
 513 51989 22 0.382000000 
 513 51989 37 0.547100000 
 8828 57445 698 0.186180000 
 4627 55626 922 0.060862430 
 1018 52672 224 0.081116780 
 1679 53149 139 0.274100000 
 2096 53446 20 0.058544000 
 1016 52759 95 0.061204450 
 7401 56808 628 0.115000000 
 9169 58069 255 0.227315000 
