 7653 57306 32 0.217982650 
 499 51988 157 0.145000000 
 8841 57425 5 0.307000000 
 7112 56666 196 0.556000000 
 603 52056 473 0.359000000 
 605 52353 418 0.331000000 
 605 52353 127 0.335000000 
 611 52055 370 0.226000000 
 1872 53386 404 0.139000000 
 793 52370 127 0.202000000 
 440 51885 5 0.224000000 
 873 52674 495 0.362000000 
 875 52354 606 0.133000000 
 1013 52707 20 0.200048100 
 1164 52674 347 0.097000000 
 1165 52703 636 0.725000000 
 8055 57187 631 0.646805800 
 1371 52821 97 0.552000000 
 8834 57458 143 0.476583100 
 8865 57426 620 0.171164990 
 1985 53431 81 0.188000000 
 1464 53091 235 0.248000000 
 818 52395 94 0.598000000 
 10726 58199 963 0.279696700 
 3762 55507 228 0.748000000 
 11375 58426 572 0.279062300 
 2112 53534 630 0.631000000 
 2024 53503 225 0.232000000 
 858 52316 432 0.154289100 
 2211 53786 112 0.427700000 
 5972 56334 832 0.368000000 
 2130 53881 13 0.064165200 
 2137 54206 533 0.199500000 
 1846 54173 28 0.284600000 
 2656 54484 517 0.201378800 
 2659 54498 207 0.397800000 
 2663 54234 155 0.285246300 
 2618 54506 111 0.539000000 
 2744 54272 30 0.639900000 
 1741 53052 560 0.238000000 
 1221 52751 448 0.633000000 
 1714 53521 513 0.269000000 
 4277 55506 988 0.701000000 
 8760 57672 356 0.221586500 
 856 52339 370 0.523000000 
 7853 56988 238 0.433733400 
 9407 58041 415 0.316000000 
 287 52023 264 0.331000000 
 306 51637 305 0.221677600 
 540 51996 549 0.219400000 
 9163 58043 628 0.837463400 
 1610 53144 411 0.383085900 
 6719 56390 5 0.695000000 
 412 52258 250 0.109000000 
 1356 53033 149 0.140975900 
 1177 52824 628 0.125300000 
 8385 57511 952 0.478000000 
 1979 53431 30 0.361200000 
 983 52443 374 0.106410000 
 2155 53820 11 0.349454800 
 352 51694 638 0.217000000 
 784 52327 594 0.098554400 
 1670 54553 246 0.165700000 
 1439 53003 453 0.119564000 
