 770 52282 140 0.746000000 
 6309 56485 308 0.146000000 
 7682 57415 430 0.066709000 
 2505 53856 563 0.184200000 
 8203 57428 809 0.122000000 
 8823 57446 580 0.366000000 
 7416 56810 331 0.150000000 
 499 51988 243 0.161000000 
 11294 58451 258 0.127768300 
 2142 54208 637 0.064500000 
 8367 57429 704 0.442000000 
 8390 57485 44 0.161000000 
 1327 52781 209 0.221000000 
 1460 53138 481 0.073000000 
 2117 54115 468 0.137151900 
 8497 58161 202 0.246000000 
 397 51794 38 0.045634600 
 10763 58395 309 0.163024100 
 8167 57071 958 0.284000000 
 6832 56426 556 0.648366400 
 2019 53430 170 0.035727360 
 2090 53463 90 0.491596900 
 1312 52781 121 0.050813700 
 2616 54499 367 0.075608460 
 607 52368 625 0.275000000 
 2162 54207 140 0.216641200 
 2592 54178 582 0.425737400 
 2375 53770 185 0.419059000 
 1465 53082 498 0.154266200 
 7687 57007 206 0.257768330 
 1044 52468 91 0.107000000 
 792 52353 209 0.145000000 
 8380 57520 250 0.275000000 
 9229 58015 356 0.084000000 
 2494 54174 45 0.116875300 
 841 52375 208 0.094661310 
 424 51893 310 0.129000000 
 1058 52520 379 0.205000000 
 2296 53735 168 0.021502910 
 7665 57328 863 0.188540700 
 2791 54556 520 0.223000000 
 7517 56772 6 0.292929100 
 1768 53442 547 0.046000000 
 511 52636 443 0.152285000 
 1761 53376 342 0.116000000 
 7660 57357 928 0.082571530 
 590 52057 336 0.543600000 
 1832 54259 85 0.077611410 
 2533 54585 41 0.476500000 
 1423 53167 603 0.144000000 
 3657 55244 896 0.048000000 
 8858 57450 740 0.573000000 
 1781 53297 444 0.120000000 
 1668 53433 543 0.203000000 
 2787 54552 230 0.047154650 
 2295 53734 201 0.090531510 
 1432 53003 489 0.092095270 
 2510 53877 475 0.563600000 
 1789 54259 190 0.192400000 
 7624 57039 407 0.299418870 
 2265 53674 46 0.050354020 
 338 51694 479 0.412000000 
 8407 57839 230 0.203000000 
 2777 54554 594 0.247884700 
 1432 53003 6 0.036000000 
 2770 54510 433 0.196200000 
 1158 52668 21 0.136000000 
 9420 57715 24 0.392176400 
 2133 53917 152 0.162731100 
 1167 52738 476 0.642000000 
 632 52071 409 0.069000000 
 972 52435 40 0.125000000 
 531 52028 353 0.138415700 
 2761 54534 101 0.073433690 
 1718 53850 494 0.113029100 
 1167 52738 539 0.280000000 
 1192 52649 183 0.056749370 
 612 52079 519 0.204224300 
 2776 54554 11 0.302304700 
 978 52441 622 0.282000000 
 4998 55722 954 0.548000000 
 2023 53851 65 0.443000000 
 1842 53501 610 0.058000000 
 8838 57870 682 0.271000000 
 608 52081 69 0.202025200 
 282 51658 501 0.175573600 
 2023 53851 315 0.074896410 
 2098 53460 582 0.032265680 
 1224 52765 412 0.175000000 
 2647 54495 101 0.180100000 
 8201 58146 997 0.124000000 
 960 52425 629 0.766000000 
 8424 58248 315 0.347053200 
 2158 54209 114 0.135800000 
 2642 54232 517 0.086806290 
 489 51930 437 0.291000000 
 490 51929 3 0.610000000 
 492 51955 484 0.795000000 
 492 51955 151 0.514000000 
 599 52317 344 0.227734300 
 496 51988 108 0.732000000 
 498 51984 157 0.201798200 
 1873 54437 413 0.367600000 
 771 52370 296 0.210406400 
 453 51915 196 0.776000000 
 773 52376 165 0.411000000 
 7090 56659 834 0.461000000 
 772 52375 81 0.521000000 
 560 52296 624 0.297184700 
 7103 56661 490 0.653000000 
 597 52059 284 0.523000000 
 775 52295 441 0.237000000 
 7104 56711 366 0.437000000 
 776 52319 192 0.599000000 
 8183 57375 706 0.488000000 
 598 52316 160 0.444000000 
 777 52320 331 0.461000000 
 783 52325 379 0.357000000 
 779 52342 633 0.271400000 
 8236 58500 986 0.326000000 
 6823 56687 674 0.558000000 
 498 51984 104 0.462000000 
 6821 56396 924 0.321000000 
 2947 54533 251 0.214737800 
 605 52353 620 0.151000000 
 787 52320 611 0.456000000 
 607 52368 255 0.678000000 
 608 52081 569 0.296000000 
 613 52345 331 0.477000000 
 1871 53384 66 0.042640950 
 450 51908 52 0.168000000 
 450 51908 100 0.142000000 
 5715 56657 832 0.937000000 
 451 51908 265 0.118000000 
 555 52266 49 0.057164600 
 947 52411 426 0.200100000 
 946 52407 331 0.372200000 
 946 52407 34 0.197000000 
 3169 54821 500 0.398000000 
 904 52381 600 0.339000000 
 8185 57431 5 0.466303200 
 907 52373 419 0.074000000 
 907 52373 629 0.443000000 
 1011 52652 413 0.476000000 
 1010 52649 412 0.494000000 
 950 52378 51 0.487000000 
 1310 53033 317 0.100000000 
 909 52379 11 0.505000000 
 1013 52707 517 0.347000000 
 1312 52781 416 0.252000000 
 6839 56425 440 0.529000000 
 1316 52790 483 0.260000000 
 1317 52765 126 0.613600000 
 1038 52673 287 0.306000000 
 1319 52791 446 0.416000000 
 1039 52707 541 0.730000000 
 6757 56416 580 0.709000000 
 1159 52669 526 0.127000000 
 1159 52669 197 0.430000000 
 8427 57846 79 0.149000000 
 1163 52669 392 0.155000000 
 8416 57894 319 0.343000000 
 792 52353 581 0.558000000 
 612 52079 256 0.150300300 
 7562 56799 667 0.928039100 
 8413 57897 644 0.434000000 
 616 52442 371 0.437000000 
 8413 57897 274 0.469939500 
 619 52056 291 0.611000000 
 616 52442 557 0.245000000 
 8068 57185 298 0.176695900 
 8413 57897 810 0.214854700 
 7564 56804 969 0.473828900 
 8065 58248 36 0.614535300 
 1867 53317 393 0.170000000 
 440 51885 610 0.140257800 
 447 51877 191 0.118000000 
 553 51999 601 0.212000000 
 7296 57046 649 0.616790700 
 766 52247 422 0.650000000 
 766 52247 309 0.208600000 
 551 51993 61 0.174000000 
 7305 56991 109 0.349865900 
 765 52254 392 0.599000000 
 768 52281 633 0.482000000 
 7287 57042 820 0.448000000 
 7291 56992 770 0.246000000 
 7282 56660 707 0.143000000 
 902 52409 134 0.056000000 
 1006 52708 394 0.211711000 
 1006 52708 319 0.259752500 
 901 52641 252 0.370000000 
 901 52641 55 0.389000000 
 904 52381 20 0.136000000 
 904 52381 135 0.439000000 
 1008 52707 558 0.045003440 
 6660 56370 986 0.563000000 
 873 52674 411 0.766000000 
 6695 56628 948 0.301000000 
 8167 57071 944 0.453020400 
 8165 57374 460 0.180980310 
 8164 57127 578 0.159000000 
 1012 52649 86 0.715000000 
 6699 56411 646 0.495000000 
 966 52642 373 0.207000000 
 6685 56412 706 0.466000000 
 965 52438 132 0.160000000 
 882 52370 563 0.240000000 
 881 52368 412 0.190200000 
 2919 54537 323 0.614000000 
 8224 57378 23 0.284000000 
 967 52636 40 0.434763200 
 7423 57135 355 0.451000000 
 1279 52736 321 0.129700300 
 8227 57427 438 0.386925580 
 1278 52735 167 0.258000000 
 1455 53089 577 0.084000000 
 1040 52722 297 0.321000000 
 1041 52724 285 0.280000000 
 1667 53430 537 0.091880170 
 887 52376 618 0.661000000 
 886 52381 131 0.779000000 
 7410 57104 710 0.392000000 
 1281 52753 637 0.454000000 
 1042 52725 55 0.452000000 
 1668 53433 498 0.662300000 
 1669 53433 504 0.412000000 
 1669 53433 476 0.804000000 
 1283 52762 635 0.091000000 
 1670 54553 564 0.366000000 
 1046 52460 357 0.634000000 
 1046 52460 199 0.577000000 
 1672 53460 619 0.180000000 
 8396 57837 283 0.312126000 
 1327 52781 202 0.611000000 
 1165 52703 430 0.193000000 
 1165 52703 424 0.074570470 
 8397 57482 846 0.449752900 
 1330 52822 568 0.237000000 
 796 52401 206 0.524000000 
 8429 57893 896 0.399800900 
 8058 57196 876 0.653718230 
 622 52054 557 0.539300000 
 8055 57187 819 0.198613580 
 8054 57194 111 0.749296000 
 549 51981 183 0.046085430 
 830 52293 375 0.137000000 
 900 52637 58 0.421000000 
 833 52314 336 0.155772700 
 831 52294 449 0.343150200 
 4688 56008 90 0.883000000 
 831 52294 579 0.572000000 
 8282 57041 389 0.232000000 
 7308 56709 267 0.163153130 
 942 52703 483 0.236000000 
 8286 57062 553 0.195045560 
 870 52325 639 0.454000000 
 940 52670 633 0.074533790 
 8299 57346 954 0.445000000 
 873 52674 220 0.335330300 
 961 52615 292 0.521000000 
 1218 52709 151 0.498900000 
 963 52643 280 0.798000000 
 1431 52992 601 0.140000000 
 1362 53050 453 0.078000000 
 1443 53055 401 0.186614200 
 7421 57159 320 0.163000000 
 7421 57159 238 0.319000000 
 1371 52821 523 0.431000000 
 1371 52821 404 0.245000000 
 1369 53089 526 0.274000000 
 1455 53089 161 0.661000000 
 7408 56780 513 0.506262600 
 1465 53082 534 0.086375110 
 1466 53083 95 0.416000000 
 1287 52728 402 0.070000000 
 1286 52725 598 0.150000000 
 8499 57431 41 0.495114800 
 1286 52725 126 0.567000000 
 1287 52728 61 0.565000000 
 8503 57519 278 0.258000000 
 6732 56370 112 0.758000000 
 1674 53464 185 0.203000000 
 1288 52731 430 0.125000000 
 1288 52731 194 0.549000000 
 1049 52751 181 0.422000000 
 1050 52721 500 0.199000000 
 1677 53148 372 0.201000000 
 1677 53148 489 0.124000000 
 1333 52782 65 0.373000000 
 1334 52764 519 0.441000000 
 8543 57542 304 0.112327800 
 813 52354 623 0.748000000 
 6029 56099 146 0.537000000 
 814 52443 84 0.494200000 
 814 52443 82 0.562000000 
 8527 57897 294 0.272181000 
 8539 58021 846 0.570430500 
 627 52144 143 0.252000000 
 8537 58014 614 0.409947600 
 8535 58019 629 0.255963700 
 8535 58019 780 0.171592000 
 1864 53313 289 0.204000000 
 437 51876 208 0.094000000 
 8292 57373 141 0.672891300 
 759 52254 431 0.188000000 
 544 52201 344 0.033578020 
 759 52254 308 0.041000000 
 865 52323 191 0.136397100 
 939 52636 105 0.150839600 
 8832 57445 994 0.338000000 
 8833 57779 406 0.231000000 
 1274 52995 454 0.231733900 
 4566 55630 716 0.479000000 
 4625 55632 740 0.313000000 
 8821 57731 592 0.543000000 
 8821 57731 521 0.390000000 
 1433 53035 10 0.213000000 
 2007 53474 448 0.089000000 
 2007 53474 205 0.122742400 
 2037 53446 470 0.426100000 
 2037 53446 381 0.598000000 
 1445 53062 246 0.071695560 
 2036 53446 109 0.178000000 
 2003 53442 605 0.308215300 
 2105 53472 354 0.249329400 
 1454 53090 65 0.643000000 
 2022 53827 571 0.554200000 
 1460 53138 13 0.804000000 
 2088 53493 266 0.073000000 
 8839 57846 413 0.656731500 
 8389 57488 736 0.250118800 
 8846 57428 588 0.402329500 
 1977 53475 630 0.738000000 
 8876 57783 974 0.469822100 
 8392 57483 818 0.792318700 
 1346 52822 86 0.207000000 
 4710 55707 968 0.879000000 
 1380 53084 425 0.362000000 
 1396 53112 600 0.317000000 
 8497 58161 274 0.893973800 
 10749 58485 542 0.486115800 
 1349 52797 263 0.140000000 
 1349 52797 264 0.756000000 
 1381 53089 447 0.082000000 
 8498 57105 927 0.193823920 
 1397 53119 92 0.707000000 
 1398 53146 572 0.344000000 
 11649 58514 152 0.280203700 
 1350 52786 560 0.144495200 
 1399 53172 467 0.430000000 
 1351 52790 424 0.262000000 
 1293 52765 592 0.591000000 
 1293 52765 546 0.618900000 
 10741 58230 836 0.174544000 
 816 52379 602 0.472000000 
 1171 52753 285 0.083000000 
 1171 52753 54 0.806000000 
 1171 52753 11 0.083136860 
 1336 52759 246 0.686000000 
 632 52071 461 0.323000000 
 820 52438 419 0.484000000 
 10763 58395 797 0.205937200 
 10762 58390 235 0.393428400 
 10721 58288 236 0.814494100 
 10762 58390 302 0.209066300 
 7741 58078 676 0.112931400 
 756 52577 237 0.343000000 
 756 52577 157 0.482000000 
 1061 52641 391 0.187742200 
 1210 52701 392 0.216000000 
 10438 58142 194 0.684000000 
 1943 53386 314 0.490000000 
 11375 58426 990 0.102639000 
 10444 58143 874 0.515566100 
 10229 58441 812 0.225620900 
 1594 52992 501 0.680000000 
 4568 55600 146 0.933000000 
 10272 58172 559 0.169000000 
 10465 58144 20 0.353000000 
 2034 53466 389 0.381400000 
 6438 56367 314 0.254000000 
 2099 53469 586 0.376700000 
 2031 53848 384 0.161544500 
 2022 53827 224 0.158840000 
 8869 57481 82 0.818869000 
 2022 53827 101 0.418700000 
 3974 55320 986 0.765000000 
 2020 53431 51 0.044000000 
 10249 58229 43 0.386308200 
 2239 53726 326 0.519735700 
 2104 53852 566 0.447432600 
 1993 53762 34 0.403000000 
 2110 53467 590 0.512000000 
 2931 54590 191 0.477000000 
 1838 53467 639 0.166000000 
 2121 54180 602 0.308800000 
 1644 53144 73 0.340000000 
 1840 53472 619 0.536000000 
 1841 53491 494 0.334000000 
 10938 58514 166 0.998870400 
 1843 53816 335 0.329500000 
 10747 58220 638 0.246000000 
 4717 55742 646 0.756000000 
 1384 53121 266 0.364000000 
 1384 53121 145 0.318000000 
 1843 53816 565 0.218300000 
 1843 53816 452 0.088898400 
 1401 53144 352 0.192342800 
 1355 52823 428 0.449900000 
 1355 52823 239 0.209000000 
 10739 58255 629 0.722000000 
 1416 52875 53 0.479000000 
 10740 58223 291 0.516000000 
 1418 53142 39 0.579100000 
 1418 53142 73 0.136000000 
 1058 52520 134 0.690000000 
 10723 58287 260 0.605791000 
 2973 54591 474 0.774400000 
 10904 58402 711 0.469000000 
 7751 58081 608 0.091840080 
 7694 57359 559 0.431018100 
 7746 58074 170 0.471317100 
 7694 57359 396 0.396984220 
 7714 57363 545 0.430791500 
 7693 57361 18 0.475368300 
 7674 57359 724 0.241375800 
 7674 57359 40 0.475978080 
 7676 57329 870 0.248293400 
 889 52663 7 0.158000000 
 858 52316 104 0.082155710 
 11121 58438 373 0.266996300 
 9609 58136 270 0.244000000 
 5807 56329 432 0.261000000 
 11346 58429 580 0.351923000 
 1937 53388 408 0.642000000 
 1939 53389 59 0.292000000 
 2348 53757 612 0.049167470 
 10449 58137 658 0.329333600 
 10446 58133 213 0.388752000 
 11353 58467 364 0.536017200 
 10476 58141 998 0.396000000 
 2217 53794 603 0.082958500 
 2217 53794 467 0.744635000 
 11357 58522 646 0.811153500 
 2220 53795 632 0.128080100 
 2222 53799 136 0.210012900 
 2233 53845 414 0.067531800 
 2227 53820 596 0.501716900 
 2231 53816 634 0.661400000 
 2229 53823 310 0.414100000 
 2658 54502 432 0.499520000 
 2239 53726 586 0.227724900 
 2242 54153 581 0.332464500 
 2241 54169 57 0.274521100 
 2002 53471 312 0.195000000 
 1978 53473 183 0.417000000 
 2244 53795 260 0.705500000 
 2116 53854 520 0.297100000 
 6494 56363 248 0.720000000 
 2129 54252 59 0.397500000 
 2130 53881 193 0.137885700 
 2128 53800 373 0.292775900 
 2131 53819 305 0.199657400 
 2141 53764 475 0.108037500 
 2141 53764 280 0.660400000 
 2141 53764 233 0.582980900 
 2137 54206 576 0.509249100 
 1844 54138 424 0.089518710 
 2151 54523 24 0.129303100 
 1652 53555 551 0.295494800 
 1846 54173 426 0.269000000 
 10919 58255 266 0.091046850 
 1578 53496 631 0.169000000 
 1409 52824 258 0.658000000 
 1342 52793 24 0.797000000 
 1691 53260 167 0.639000000 
 5013 55723 636 0.145990700 
 7652 57579 414 0.065847640 
 5956 56104 38 0.098935480 
 7704 57572 399 0.119246800 
 7595 56957 106 0.146462600 
 7616 56902 785 0.344025520 
 7589 56946 80 0.231529400 
 9594 58135 359 0.427000000 
 2293 53730 577 0.151783800 
 2362 53759 435 0.167604700 
 2298 53737 518 0.262891000 
 9614 57835 754 0.311011300 
 2366 53741 10 0.388813000 
 2365 53739 149 0.243885000 
 9613 57865 326 0.444727000 
 2376 53770 212 0.315300000 
 2477 54058 74 0.226681800 
 2478 54097 377 0.417078700 
 2488 54149 308 0.066702470 
 2484 54144 188 0.168080800 
 2496 54178 170 0.163515100 
 2490 54179 322 0.104790000 
 2496 54178 563 0.294486100 
 2500 54178 603 0.298200000 
 2504 54179 209 0.100440700 
 2498 54169 577 0.188435700 
 2608 54474 358 0.170758900 
 2658 54502 107 0.547000000 
 2644 54210 610 0.727100000 
 2645 54477 588 0.137468200 
 2647 54495 128 0.139072900 
 2610 54476 120 0.224569100 
 3374 54948 507 0.185828400 
 2617 54502 594 0.411500000 
 2664 54524 479 0.063729890 
 2119 53792 510 0.089058480 
 2124 53770 91 0.130200000 
 5870 56065 802 0.066000000 
 2783 54524 127 0.148098900 
 2128 53800 38 0.084295680 
 2132 53493 155 0.232900000 
 2136 53494 474 0.107331300 
 2785 54537 479 0.797300000 
 2143 54184 106 0.690900000 
 2156 54525 504 0.039776500 
 7582 56960 660 0.138847000 
 7614 57307 608 0.180538680 
 7606 56977 14 0.192056400 
 7604 56947 630 0.166141600 
 7598 56956 942 0.894458700 
 6110 56279 164 0.724000000 
 7596 56945 994 0.204588200 
 7590 56944 360 0.693490800 
 422 51811 224 0.077000000 
 425 51898 373 0.394200000 
 1263 52708 190 0.384203000 
 2268 53682 492 0.073897560 
 5313 55973 790 0.112000000 
 2593 54175 423 0.136484800 
 2479 54174 396 0.239900000 
 2483 53852 28 0.063934020 
 1750 53358 629 0.636000000 
 2485 54176 48 0.184172700 
 5889 56038 118 1.037000000 
 1751 53377 412 0.121334600 
 2506 54179 43 0.125340500 
 2509 54180 91 0.129590300 
 2610 54476 43 0.197300000 
 2596 54207 534 0.408771600 
 2617 54502 287 0.641600000 
 2604 54484 232 0.208400000 
 2619 54506 394 0.181746700 
 2607 54184 477 0.208600000 
 2745 54231 6 0.244584400 
 2761 54534 250 0.161700000 
 2747 54233 566 0.081445850 
 2749 54241 616 0.357800000 
 2792 54556 89 0.170600000 
 2779 54540 556 0.146537700 
 2781 54266 28 0.218700000 
 3927 55333 335 0.790000000 
 2969 54586 507 0.168100900 
 2198 53918 546 0.216470600 
 2197 53555 599 0.115100000 
 2524 54568 485 0.205569000 
 7574 56945 12 0.198045100 
 7608 56945 672 0.350475400 
 747 52234 319 0.269500000 
 750 52235 398 0.199000000 
 4539 55865 582 0.814168300 
 2421 54153 10 0.179359500 
 2572 54056 268 0.254200000 
 1740 53050 69 0.206000000 
 1597 52999 382 0.163000000 
 1603 53119 566 0.169380600 
 1602 53117 151 0.321000000 
 1604 53078 281 0.564000000 
 1603 53119 282 0.220688400 
 1606 53055 594 0.144000000 
 1606 53055 166 0.509000000 
 1223 52781 471 0.050147810 
 1224 52765 435 0.553000000 
 1762 53415 202 0.523000000 
 1610 53144 157 0.414000000 
 1610 53144 60 0.291000000 
 1610 53144 89 0.226000000 
 1611 53147 78 0.137525600 
 1232 52731 452 0.303900000 
 1233 52734 107 0.220000000 
 1694 53472 540 0.512000000 
 1695 53473 398 0.283000000 
 1793 53883 628 0.432800000 
 1806 53559 397 0.147076000 
 1703 53799 275 0.065316590 
 1705 53848 94 0.093087700 
 1706 53442 482 0.142000000 
 1810 53794 482 0.232170200 
 1713 53827 231 0.677800000 
 1725 54266 497 0.050452990 
 1726 53137 634 0.042490310 
 2529 54585 240 0.207218500 
 6146 56265 418 0.702000000 
 8746 58396 723 0.211889600 
 8744 58124 478 0.499125600 
 8746 58396 823 0.313741500 
 8747 57401 139 0.337619330 
 8756 57687 779 0.275847700 
 11077 58433 690 0.336599900 
 8756 57687 850 0.164945500 
 11070 58452 446 0.428788700 
 8755 58138 46 0.819683100 
 1758 53084 187 0.310828100 
 1184 52641 82 0.051042690 
 565 52225 383 0.297000000 
 566 52238 490 0.614000000 
 991 52707 603 0.078000000 
 570 52266 378 0.346000000 
 570 52266 263 0.061000000 
 995 52731 4 0.160000000 
 1238 52761 316 0.292734100 
 576 52325 413 0.123000000 
 576 52325 364 0.315747200 
 1003 52641 348 0.642000000 
 1617 53112 529 0.084423850 
 838 52378 542 0.101775600 
 841 52375 390 0.347000000 
 1623 53089 325 0.283557700 
 842 52376 611 0.435000000 
 841 52375 10 0.323000000 
 1795 54507 428 0.147628600 
 1795 54507 509 0.576700000 
 1803 54152 590 0.126223800 
 854 52373 398 0.266000000 
 854 52373 621 0.187000000 
 854 52373 67 0.118000000 
 4039 55648 788 0.901000000 
 856 52339 501 0.740000000 
 1826 53499 176 0.194125000 
 1826 53499 41 0.220000000 
 1813 53903 108 0.780800000 
 1814 54555 279 0.100012600 
 1727 53859 568 0.118900000 
 11340 58433 490 0.100707200 
 11296 58425 818 0.320805900 
 11287 58429 276 0.961386000 
 11281 58424 70 0.879934100 
 9406 58067 648 0.362000000 
 4217 55478 964 0.414000000 
 9405 58048 726 0.575000000 
 392 51793 297 0.091724780 
 394 51913 618 0.234000000 
 9389 58097 886 0.613000000 
 7871 56902 354 0.456233440 
 4276 55505 791 0.275000000 
 7860 57006 238 0.432760800 
 9400 58107 652 0.230930000 
 7841 56960 504 0.851460000 
 7844 56982 57 0.240385170 
 7827 57278 900 0.259809300 
 3819 55540 186 1.024000000 
 7453 56749 845 0.587310900 
 268 51633 530 0.235000000 
 506 52022 32 0.118061000 
 508 52366 43 0.129000000 
 278 51900 527 0.094783670 
 515 52051 250 0.408000000 
 285 51930 326 0.197000000 
 285 51930 406 0.591447500 
 282 51658 594 0.804000000 
 284 51943 356 0.127301300 
 518 52282 191 0.224000000 
 332 52367 541 0.429200000 
 332 52367 399 0.308500000 
 289 51990 504 0.284464900 
 523 52026 196 0.743400000 
 292 51609 16 0.427000000 
 293 51689 57 0.122000000 
 525 52295 163 0.110000000 
 341 51690 600 0.223000000 
 914 52721 340 0.360000000 
 913 52433 560 0.152000000 
 533 51994 308 0.544000000 
 301 51942 142 0.163000000 
 915 52443 36 0.138000000 
 305 51613 205 0.318000000 
 303 51615 146 0.135000000 
 918 52404 515 0.090000000 
 918 52404 263 0.326000000 
 2955 54562 289 0.136400000 
 313 51673 635 0.094000000 
 9141 57663 64 0.985544000 
 9180 57693 5 0.926152000 
 372 52173 450 0.100000000 
 9233 58035 381 0.278000000 
 9168 58067 724 0.893338600 
 9238 58013 78 0.168662700 
 9172 58015 759 0.106109300 
 9155 58043 371 0.313865700 
 9177 58044 617 0.170837700 
 9199 57684 571 0.542000000 
 4213 55449 138 0.250680100 
 7895 57659 6 0.105279200 
 4350 55556 406 1.048000000 
 7891 57332 627 0.651235160 
 7885 57336 755 0.247731200 
 9325 58042 74 0.885025300 
 9319 58043 387 0.053514860 
 7235 56603 45 0.230807800 
 454 51908 407 0.192000000 
 456 51910 398 0.377635000 
 716 52203 528 0.364000000 
 652 52138 488 0.240000000 
 725 52258 381 0.171662500 
 726 52226 152 0.066000000 
 647 52553 488 0.259600000 
 648 52559 141 0.185853600 
 650 52143 231 0.169000000 
 561 52295 9 0.792000000 
 605 52353 523 0.647000000 
 1319 52791 459 0.568000000 
 1998 53433 143 0.793000000 
 7728 58138 93 0.256510300 
 2099 53469 596 0.498000000 
 6481 56363 782 1.029000000 
 1386 53116 350 0.512000000 
 7588 56903 200 0.909512200 
 2578 54093 222 0.127104100 
 7844 56982 963 0.242741200 
 270 51909 85 0.275700000 
 645 52203 55 0.747000000 
 2032 53815 485 0.641200000 
 279 51984 396 0.072656400 
 919 52409 336 0.093262750 
 6022 56076 322 0.940000000 
 733 52207 153 0.163000000 
 1724 53859 72 0.330200000 
 7236 56605 54 0.477000000 
 2504 54179 479 0.545800000 
 2593 54175 360 0.379300000 
 1796 53884 283 0.171400000 
 4620 55652 376 0.429511300 
 11352 58456 146 0.303227400 
 506 52022 314 0.723500000 
 1218 52709 149 0.094154940 
 958 52410 525 0.282663400 
 2374 53765 99 0.117900000 
 11385 58523 644 0.452818900 
 1752 53379 394 0.457800000 
 11351 58440 582 0.424582000 
 1437 53046 575 0.491300000 
 1195 52724 426 0.416900000 
 2108 53473 410 0.125000000 
 7765 58047 266 0.128493400 
 2341 53738 66 0.420500000 
 8374 57783 112 0.528073000 
 10254 58514 46 0.356500000 
 9164 58045 418 0.493763000 
 1932 53350 400 0.095726740 
 7893 57286 111 0.447707530 
 2207 53558 196 0.336507000 
 11284 58420 812 0.390965800 
 7768 58289 470 0.263200000 
 1171 52753 325 0.233539950 
 411 51817 513 0.045000000 
 355 51788 549 0.101000000 
 4082 55367 96 0.824000000 
 6791 56429 842 0.997000000 
 1725 54266 364 0.234100000 
 7618 56898 563 0.259396700 
 1625 53140 134 0.080500000 
 1391 52817 11 0.064342920 
 345 51690 601 0.097308800 
 8283 57064 554 0.320000000 
 8532 58022 60 0.130519500 
 468 51912 113 0.052468510 
 349 51699 216 0.106079300 
 1442 53050 156 0.263833600 
 2136 53494 531 0.239665900 
 8752 58402 726 0.293203500 
 1814 54555 573 0.129800000 
 355 51788 390 0.522000000 
 355 51788 414 0.093000000 
 521 52326 31 0.189819900 
 305 51613 209 0.158286000 
 786 52319 151 0.143775400 
 5862 56045 204 0.447000000 
