 974 52427 4 0.207000000 
 1047 52733 479 0.107000000 
 1739 53050 601 0.181027800 
 2532 54589 599 0.091809800 
 2356 53786 25 0.075824210 
 8417 58175 420 0.315000000 
 1931 53358 315 0.043013400 
 8397 57482 430 0.531000000 
 8204 58146 384 0.298000000 
 1165 52703 139 0.074000000 
 719 52203 618 0.149000000 
 10913 58256 583 0.120000000 
 7394 57131 986 0.163000000 
 966 52642 499 0.095859970 
 8290 57364 409 0.235000000 
 489 51930 402 0.455173100 
 7109 56658 828 0.514000000 
 776 52319 584 0.309317500 
 778 54525 68 0.608000000 
 781 52373 469 0.654000000 
 7116 56681 180 0.763000000 
 6982 56444 996 0.073596230 
 554 52000 447 0.102000000 
 560 52296 100 0.745100000 
 1014 52707 25 0.185351700 
 1317 52765 514 0.472000000 
 6837 56442 354 0.754000000 
 8423 58198 497 0.442000000 
 612 52079 108 0.163000000 
 614 53437 350 0.743000000 
 8416 57894 140 0.197640000 
 6708 56452 838 0.853000000 
 618 52049 394 0.136000000 
 8064 58255 407 1.025830000 
 7303 57013 896 0.497000000 
 7290 57073 366 0.554000000 
 7419 56811 620 0.373000000 
 7032 56471 275 0.420000000 
 8404 57481 462 0.247559800 
 1166 52751 248 0.145000000 
 8056 57186 262 0.228242010 
 8286 57062 896 0.465258600 
 1439 53003 377 0.232000000 
 1463 53063 374 0.626000000 
 8436 57895 122 0.330700800 
 1394 53108 417 0.546000000 
 1346 52822 607 0.666000000 
 1332 52781 196 0.168000000 
 626 52057 154 0.703000000 
 8293 57361 847 0.952842600 
 8823 57446 966 0.492408600 
 10269 58220 750 0.389000000 
 1996 53436 129 0.181000000 
 1447 53120 70 0.781100000 
 1984 53433 333 0.686000000 
 2101 53858 442 0.502700000 
 1346 52822 207 0.447000000 
 816 52379 618 0.516000000 
 1173 52790 529 0.491000000 
 632 52071 28 0.534500000 
 10762 58390 952 0.341039100 
 2971 54590 417 0.170977200 
 2096 53446 145 0.260400000 
 1999 53503 326 0.778000000 
 3982 55332 742 0.904000000 
 2023 53851 172 0.285071300 
 10256 58193 684 0.334732000 
 1387 53118 226 0.112000000 
 1682 53173 164 0.435800000 
 7711 57667 950 0.477069700 
 11346 58429 398 0.483000000 
 1950 53436 184 0.114000000 
 2230 53799 47 0.218200000 
 6012 56101 722 0.972000000 
 2127 53859 246 0.353200000 
 1844 54138 112 0.526100000 
 2372 53768 580 0.151370000 
 2665 54232 601 0.162873900 
 2652 54508 6 0.170705400 
 2135 53827 256 0.406600000 
 753 52233 375 0.083000000 
 7618 56898 850 0.117748070 
 2763 54507 244 0.269400000 
 2207 53558 321 0.593900000 
 421 51821 87 0.389000000 
 423 51821 295 0.576000000 
 2420 54086 300 0.232500000 
 5422 55986 864 0.743000000 
 1704 53178 39 0.640000000 
 2532 54589 90 0.435500000 
 8745 57391 577 0.529891000 
 4299 55827 694 0.773000000 
 8762 57693 826 0.983957300 
 11070 58452 242 0.146348300 
 1300 52973 552 0.258000000 
 511 52636 511 0.463300000 
 841 52375 37 0.766300000 
 1820 54208 373 0.033690300 
 594 52045 86 0.098000000 
 11306 58450 17 0.295417700 
 11296 58425 313 0.406745000 
 9393 58100 512 0.656389400 
 4230 55483 556 0.656000000 
 4234 55478 590 0.217424200 
 514 51994 285 0.382000000 
 340 51990 64 0.139822800 
 299 51671 98 0.326000000 
 301 51942 457 0.244000000 
 533 51994 47 0.116000000 
 9161 57691 700 0.239871400 
 656 52148 282 0.424000000 
 1421 53149 459 0.790000000 
 8160 57071 178 0.194789080 
 2424 54448 584 0.116554800 
 441 51868 578 0.132332800 
 1794 54504 394 0.451600000 
 2956 54525 178 0.156086700 
 730 52466 196 0.263900000 
 3767 55214 550 0.408033000 
 8212 58171 723 0.171027000 
