 2341 53738 30 0.082116190 
 2366 53741 9 0.373400000 
 791 52435 511 0.105200000 
 8832 57445 140 0.177000000 
 790 52441 230 0.111344700 
 10256 58193 941 0.246000000 
 398 51789 142 0.090092040 
 2972 54586 148 0.084750400 
 9141 57663 413 0.494003200 
 1330 52822 139 0.079000000 
 2222 53799 453 0.059300000 
 11085 58462 196 0.753597200 
 6391 56329 988 0.040969140 
 7669 57329 766 0.187323400 
 1923 53319 382 0.140000000 
 1287 52728 296 0.114000000 
 7418 57165 856 0.262000000 
 7717 58100 923 0.191964600 
 1285 52723 39 0.152341700 
 2642 54232 340 0.114849000 
 1333 52782 359 0.072900000 
 973 52426 114 0.164173400 
 2097 53491 582 0.071608930 
 615 52347 69 0.073000000 
 8375 57520 523 0.277846300 
 1376 53089 303 0.086000000 
 1338 52765 341 0.473209300 
 2606 54154 91 0.231324000 
 288 52000 40 0.157530500 
 1439 53003 618 0.247880100 
 608 52081 65 0.297100000 
 542 51993 560 0.132072000 
 2582 54139 583 0.233320100 
 1223 52781 39 0.379000000 
 2172 54230 275 0.167100000 
 490 51929 237 0.120649300 
 489 51930 28 0.374320200 
 491 51942 503 0.651000000 
 495 51988 207 0.282000000 
 599 52317 521 0.307000000 
 599 52317 362 0.409000000 
 7097 56667 766 0.727000000 
 2882 54498 574 0.405817500 
 2882 54498 113 0.195057200 
 777 52320 349 0.726000000 
 8238 58171 317 0.383331100 
 7375 56981 520 0.509000000 
 444 51883 571 0.586000000 
 8186 57452 595 0.292697880 
 945 52652 336 0.216000000 
 769 54530 66 0.304240100 
 8178 57428 812 0.206940730 
 949 52427 205 0.379000000 
 907 52373 167 0.256000000 
 908 52373 289 0.227593000 
 6697 56419 684 0.692000000 
 6839 56425 842 0.290000000 
 1018 52672 104 0.286245000 
 1318 52781 42 0.298000000 
 1319 52791 4 0.333000000 
 1039 52707 490 0.681000000 
 8428 57837 802 0.291000000 
 8206 57424 390 0.301315580 
 791 52435 440 0.594000000 
 7339 56722 727 0.164000000 
 794 52376 428 0.464000000 
 6976 56448 246 0.735000000 
 619 52056 608 0.572000000 
 6709 56429 108 0.355478600 
 7294 56739 957 0.161930300 
 7295 57067 30 0.197007670 
 901 52641 410 0.055000000 
 1005 52703 605 0.396000000 
 6687 56602 230 0.665000000 
 6695 56628 208 0.565000000 
 874 52338 327 0.214000000 
 963 52643 625 0.420000000 
 7395 57131 750 0.559000000 
 966 52642 566 0.228000000 
 970 52413 347 0.062274480 
 6674 56416 882 0.235000000 
 7421 57159 639 0.446018400 
 886 52381 202 0.779000000 
 1281 52753 504 0.574000000 
 1669 53433 63 0.293000000 
 1282 52759 613 0.564000000 
 7406 56805 554 0.314043700 
 7339 56768 93 0.962006700 
 1671 53446 403 0.517000000 
 1167 52738 274 0.543000000 
 6723 56428 905 0.438000000 
 1167 52738 506 0.551000000 
 8059 57895 908 0.362235200 
 622 52054 30 0.184000000 
 8055 57187 146 0.481724200 
 8538 57549 810 0.279183300 
 8538 57549 725 0.898017600 
 548 51986 638 0.482000000 
 6783 56284 163 0.346830700 
 7316 56710 846 0.697000000 
 833 52314 626 0.391000000 
 3321 54924 101 0.363000000 
 1436 53054 182 0.623000000 
 1438 53054 127 0.122427900 
 1368 53084 458 0.344000000 
 1369 53089 577 0.675000000 
 8373 57785 796 0.321887000 
 1371 52821 221 0.656000000 
 1455 53089 298 0.166000000 
 1454 53090 389 0.676000000 
 1461 53062 591 0.456000000 
 1375 53084 5 0.608000000 
 6748 56371 628 0.231000000 
 1283 52762 250 0.185000000 
 1345 52814 367 0.055000000 
 8503 57519 310 0.754416200 
 1289 52734 20 0.339000000 
 8514 58174 36 0.296000000 
 1051 52468 85 0.155644600 
 8539 58021 894 0.366273200 
 626 52057 500 0.222000000 
 8533 58017 988 0.174103300 
 628 52083 585 0.317000000 
 1733 53047 632 0.664000000 
 828 52317 539 0.233000000 
 4643 55946 582 0.241000000 
 1215 52725 366 0.517000000 
 4574 55621 534 0.719232400 
 1213 52972 439 0.440000000 
 1276 53035 459 0.541000000 
 1426 52993 401 0.409584600 
 1596 52998 331 0.288000000 
 1360 53033 599 0.120000000 
 1428 52998 565 0.136926200 
 1996 53436 298 0.231986900 
 1447 53120 260 0.355090100 
 1997 53442 59 0.295400000 
 2003 53442 537 0.585000000 
 1984 53433 16 0.623000000 
 2032 53815 621 0.430418800 
 2005 53472 461 0.599000000 
 2014 53460 440 0.247000000 
 2102 54115 141 0.529400000 
 10759 58526 714 0.395294800 
 10759 58526 344 0.184000000 
 10760 58224 36 0.341837900 
 1397 53119 480 0.632000000 
 8494 57104 503 0.387000000 
 1398 53146 482 0.231000000 
 1293 52765 31 0.133977700 
 1400 53470 200 0.434000000 
 1680 53171 627 0.233000000 
 10732 58253 384 0.391173000 
 1171 52753 81 0.602000000 
 628 52083 183 0.711000000 
 8545 58041 479 0.840905500 
 7744 58396 130 0.081550850 
 7722 58425 457 0.222442550 
 7737 57722 520 0.133384500 
 861 52318 568 0.348000000 
 934 52672 222 0.208140400 
 11379 58438 506 0.168901600 
 8854 57450 219 0.435000000 
 8856 57453 426 0.350000000 
 10270 58488 915 0.147000000 
 2025 53431 593 0.628493700 
 1982 53436 506 0.051000000 
 10276 58225 308 0.145859900 
 2015 53819 446 0.408275100 
 1971 53472 393 0.236000000 
 2032 53815 41 0.360400000 
 10257 58526 272 0.808923400 
 6488 56364 134 0.393000000 
 3985 55320 206 0.167833100 
 1644 53144 349 0.212000000 
 1838 53467 11 0.549000000 
 2121 54180 475 0.081079370 
 2121 54180 116 0.267240500 
 10754 58224 139 0.351000000 
 1841 53491 501 0.593000000 
 1401 53144 439 0.201000000 
 1389 53135 611 0.068724250 
 10731 58247 402 0.488481200 
 1338 52765 49 0.072000000 
 10912 58253 268 0.513329900 
 1207 52672 471 0.106000000 
 9632 58130 801 0.318000000 
 9631 58086 911 0.273000000 
 2087 53415 71 0.249826200 
 10436 58142 718 0.460000000 
 10474 58143 380 0.538145800 
 2213 53792 401 0.229400000 
 6410 56336 554 0.307000000 
 2214 53794 46 0.293131500 
 2224 53815 104 0.376600000 
 2510 53877 597 0.086572810 
 2231 53816 80 0.482796300 
 2226 53819 51 0.776000000 
 11395 58488 778 0.283973000 
 2235 53847 68 0.227400000 
 2115 53535 452 0.595000000 
 2115 53535 350 0.062000000 
 2126 53794 531 0.075804230 
 1843 53816 267 0.241899900 
 2143 54184 446 0.258600000 
 1652 53555 576 0.336787200 
 3964 55648 140 0.830000000 
 1420 53146 151 0.720000000 
 1408 52822 607 0.170000000 
 7647 57655 526 0.247444300 
 7640 57311 886 0.265699330 
 7752 58072 437 0.599220800 
 7699 57574 306 0.562882400 
 7594 56947 593 0.381403700 
 7617 56949 338 0.190829160 
 7631 57279 960 0.229973200 
 9614 57835 455 0.421995300 
 2364 53737 631 0.284416300 
 2367 53763 161 0.452669800 
 2481 54086 471 0.166824000 
 2513 54141 350 0.292281600 
 2515 54180 480 0.184640200 
 2647 54495 256 0.233599500 
 2612 54480 330 0.334873500 
 5984 56337 242 0.831575100 
 2648 54485 526 0.254209700 
 2648 54485 367 0.529865700 
 2617 54502 525 0.386100000 
 2124 53770 124 0.776300000 
 2784 54529 10 0.097900000 
 2128 53800 214 0.456553000 
 6022 56076 197 0.450000000 
 3961 55654 552 0.797000000 
 7585 57190 678 0.493273800 
 7618 56898 630 0.179140700 
 425 51898 578 0.331500000 
 2269 53711 20 0.583231200 
 2270 53714 566 0.278283500 
 2485 54176 410 0.232349100 
 1751 53377 462 0.341204300 
 2503 53856 570 0.087100000 
 1764 53467 75 0.502000000 
 2596 54207 603 0.449200000 
 1768 53442 620 0.071137710 
 1774 53759 541 0.379800000 
 2755 54507 229 0.270648400 
 2761 54534 451 0.381100000 
 2778 54539 434 0.059033650 
 2777 54554 30 0.095143040 
 739 52520 535 0.373000000 
 750 52235 493 0.297700000 
 11063 58426 664 0.127110600 
 11073 58451 572 0.156860800 
 2420 54086 46 0.254999200 
 2428 53801 410 0.507600000 
 1301 52976 471 0.140134200 
 2578 54093 425 0.079843900 
 5329 55946 690 0.792000000 
 5333 56001 534 0.214253800 
 1233 52734 185 0.125000000 
 1774 53759 86 0.147411800 
 1701 53142 542 0.413000000 
 1703 53799 341 0.361800000 
 2532 54589 622 0.218200000 
 4094 55481 14 0.270000000 
 738 52521 305 0.130174200 
 8744 58124 754 0.883876700 
 11313 58426 588 0.067031870 
 8752 58402 318 0.586919300 
 9433 58131 216 0.498789300 
 1297 52963 7 0.204000000 
 1299 52972 485 0.293000000 
 1300 52973 127 0.083561640 
 996 52641 340 0.557000000 
 5339 55922 365 0.523812900 
 574 52355 539 0.106000000 
 1619 53084 245 0.083972230 
 1622 53385 120 0.201385100 
 1620 53137 392 0.130200200 
 1625 53140 350 0.129328000 
 852 52375 97 0.802000000 
 1814 54555 449 0.237771100 
 11308 58426 854 0.530434100 
 7872 57279 398 0.647000000 
 400 51820 47 0.099000000 
 7835 56986 144 0.165639800 
 266 51630 628 0.585000000 
 273 51957 6 0.328000000 
 508 52366 75 0.455000000 
 509 52374 60 0.104000000 
 281 51614 440 0.169664600 
 284 51943 574 0.489000000 
 284 51943 466 0.782000000 
 521 52326 301 0.253000000 
 334 51993 574 0.707111200 
 306 51637 25 0.325000000 
 9225 58013 322 0.443000000 
 4207 55475 954 0.412495400 
 9157 57742 936 0.319000000 
 7902 57362 634 0.544601800 
 7915 57309 359 0.358382900 
 666 52149 24 0.624000000 
 722 52224 583 0.083000000 
 6685 56412 938 0.252633400 
 937 52707 98 0.588000000 
 428 51883 509 0.062000000 
 2114 53848 247 0.059143690 
 2004 53737 239 0.181920900 
 11294 58451 386 0.190127900 
 6788 56428 544 0.308000000 
 1696 53116 445 0.298100000 
 9228 58014 362 0.355573100 
 11062 58509 325 0.118767800 
 10434 58140 324 0.198000000 
 889 52663 116 0.292100000 
 1214 52731 581 0.416700000 
 11079 58485 918 0.179724300 
 296 51984 358 0.492900000 
 606 52365 479 0.139002400 
 1391 52817 597 0.423000000 
 873 52674 212 0.789800000 
 2213 53792 344 0.313000000 
 1716 53827 37 0.472299000 
 8057 57190 537 0.988164000 
 7697 57574 250 0.224110300 
 9155 58043 236 0.150477000 
