0.6729
0.6730
0.6731
0.6732
0.6733
0.6734
0.6735
0.6736
0.6737
0.6738
0.6739
0.6891
0.6892
0.6893
0.6894
0.6895
0.6896
0.6897
0.6898
0.6899
0.6900
0.6901
0.6902
0.6903
0.6904
0.6905
0.6906
0.6907
0.6908
0.6909
0.6910
0.6911
0.6912
0.6913
0.6914
0.6915
0.6916
0.6917
0.6918
0.6919
0.6920
0.6921
0.6922
0.6923
0.6924
0.6925
0.6926
0.6927
0.6928
0.6929
0.6930
0.6931
0.6932
0.6981
0.6982
0.6983
0.6984
0.6985
0.6986
0.6987
0.6988
0.6989
0.6990
0.6991
0.7067
0.7068
0.7069
0.7070
0.7071
0.7072
0.7073
0.7074
0.7075
0.7076
0.7077
0.7078
0.7079
0.7080
0.7081
0.7082
0.7083
0.7084
0.7085
0.7086
0.7087
0.7088
0.7089
0.8313
0.8314
0.8315
0.8316
0.8406
0.8407
0.8408
0.8409
0.8410
0.8411
0.8412
0.8413
0.8414
0.8415
0.8416
0.8417
0.8418
0.8419
0.8420
0.8421
0.8422
0.8423
0.8424
0.8425
0.8426
0.8427
0.8428
0.8429
0.8430
0.8431
0.8432
0.8433
0.8434
0.8435
0.8436
0.8437
0.8438
0.8439
0.8440
0.8441
0.8442
0.8572
0.8573
0.8574
0.8575
0.8576
0.8577
0.8578
0.8579
0.8580
0.8581
0.8582
0.8583
0.8584
0.8585
0.8586
0.8587
0.8641
0.8642
0.8643
0.8644
0.8645
0.8646
0.8647
0.8648
0.8649
0.8650
0.8651
0.8652
0.8653
0.8654
0.8655
0.8656
0.8718
0.8719
0.8720
0.8721
0.8722
0.8723
0.8724
0.8725
0.8726
0.8727
0.8728
0.8729
0.8730
0.8731
0.8732
0.8733
0.9412
0.9413
0.9414
0.9415
0.9416
0.9417
0.9418
0.9419
0.9420
0.9421
0.9422
0.9423
0.9424
0.9425
0.9426
0.9427
0.9428
0.9429
0.9430
0.9431
0.9432
0.9433
0.9434
0.9435
0.9436
0.9437
0.9438
0.9439
0.9440
0.9441
0.9442
0.9443
0.9444
0.9445
0.9446
0.9447
0.9448
0.9449
0.9450
0.9451
0.9452
0.9453
0.9454
0.9455
0.9456
0.9457
0.9458
0.9459
0.9460
0.9461
0.9462
0.9463
0.9464
0.9465
0.9466
0.9467
0.9468
0.9469
0.9470
0.9471
0.9472
0.9532
0.9533
0.9534
0.9535
0.9536
0.9537
0.9538
0.9539
0.9540
0.9541
0.9542
0.9543
0.9544
0.9545
0.9546
0.9547
0.9548
0.9549
0.9550
0.9551
0.9552
0.9553
0.9554
0.9555
0.9556
0.9557
0.9558
0.9591
0.9592
0.9593
0.9594
0.9595
0.9596
0.9597
0.9598
0.9599
0.9600
0.9601
0.9602
0.9603
0.9604
0.9605
0.9606
0.9607
0.9608
0.9609
0.9610
0.9611
0.9612
0.9613
0.9614
0.9615
0.9616
0.9617
0.9618
0.9619
0.9620
0.9621
0.9622
0.9623
0.9624
0.9625
0.9626
0.9654
0.9655
0.9656
0.9657
0.9658
0.9659
0.9660
0.9661
0.9662
0.9663
0.9664
0.9665
0.9666
0.9667
0.9668
0.9669
0.9670
0.9671
0.9672
0.9673
0.9674
0.9675
0.9676
0.9677
0.9678
0.9679
0.9680
0.9681
0.9682
0.9683
0.9684
0.9685
0.9686
0.9687
0.9688
0.9689
0.9690
0.9691
0.9692
0.9693
0.9694
0.9695
0.9696
0.9697
0.9698
0.9699
0.9700
0.9701
0.9702
0.9703
0.9704
0.9705
0.9706
0.9707
0.9708
0.9709
0.9710
0.9711
0.9712
0.9713
0.9714
0.9715
0.9716
0.9722
0.9723
0.9724
0.9725
0.9726
0.9727
0.9728
0.9729
0.9730
0.9731
0.9736
0.9737
0.9738
0.9739
0.9740
0.9741
0.9742
0.9743
0.9744
0.9745
0.9746
0.9747
0.9748
0.9749
0.9750
0.9751
0.9752
0.9753
0.9754
0.9755
0.9756
0.9757
0.9758
0.9759
0.9760
0.9761
0.9762
0.9763
0.9764
0.9765
0.9766
0.9767
0.9768
0.9769
0.9770
0.9771
0.9772
0.9773
0.9774
0.9775
0.9776
0.9777
0.9778
0.9779
0.9780
0.9781
0.9782
0.9783
0.9784
0.9785
0.9786
0.9787
0.9788
0.9789
0.9827
0.9828
0.9829
0.9830
0.9836
0.9837
0.9838
0.9839
0.9840
0.9841
0.9842
0.9843
0.9844
0.9845
0.9846
0.9847
0.9848
0.9849
0.9850
0.9851
0.9852
0.9853
0.9854
0.9855
0.9856
0.9857
0.9858
0.9859
0.9860
0.9861
0.9862
0.9863
0.9864
0.9865
0.9866
0.9867
0.9868
0.9869
0.9870
0.9871
0.9872
0.9873
0.9874
0.9875
0.9876
0.9933
0.9934
0.9935
0.9936
0.9937
0.9938
0.9939
0.9940
0.9941
0.9942
0.9943
0.9944
0.9945
0.9964
0.9965
0.9966
0.9967
0.9968
0.9969
0.9970
0.9971
0.9972
1.0043
1.0044
1.0045
1.0046
1.0047
1.0048
1.0049
1.0050
1.0051
1.0052
1.0053
1.0054
1.0055
1.0056
1.0057
1.0058
1.0059
1.0060
1.0061
1.0062
1.0063
1.0064
1.0065
1.0066
1.0067
1.0068
1.0069
1.0070
1.0071
1.0072
1.0073
1.0074
1.0075
1.0076
1.0077
1.0078
1.0079
1.0080
1.0081
1.0082
1.0083
1.0084
1.0085
1.0086
1.0087
1.0088
1.0089
1.0090
1.0091
1.0092
1.0177
1.0178
1.0179
1.0180
1.0181
1.0182
1.0183
1.0184
1.0185
1.0186
1.0187
1.0188
1.0189
1.0190
1.0191
1.0192
1.0193
1.0194
1.0195
1.0196
1.0197
1.0198
1.0199
1.0200
1.0201
1.0202
1.0203
1.0204
1.0205
1.0206
1.0207
1.0208
1.0209
1.0210
1.0211
1.0212
1.0213
1.0214
1.0215
1.0216
1.0217
1.0308
1.0309
1.0310
1.0311
1.0312
1.0313
1.0314
1.0315
1.0316
1.0317
1.0318
1.0319
1.0320
1.0321
1.0322
1.0323
1.0324
1.0325
1.0326
1.0327
1.0328
1.0329
1.0378
1.0379
1.0380
1.0381
1.0382
1.0383
1.0384
1.0385
1.0386
1.0387
1.0388
1.0389
1.0390
1.0391
1.0392
1.0393
1.0394
1.0395
1.0396
1.0397
1.0398
1.0399
1.0400
1.0401
1.0402
1.0403
1.0404
1.0405
1.0406
1.0407
1.0408
1.0409
1.0410
1.0411
1.0412
1.0413
1.0414
1.0415
1.0416
1.0417
1.0418
1.0419
1.0420
1.0421
1.0422
1.0423
1.0424
1.0425
1.0426
1.0427
1.0428
1.0429
1.0430
1.0431
1.0432
1.0433
1.0434
1.0435
1.0436
1.0437
1.0438
1.0439
1.0440
1.0441
1.0442
1.0443
1.0444
1.0445
1.0446
1.0447
1.0448
1.0449
1.0450
1.0451
1.0452
1.0453
1.0454
1.0455
1.0456
1.0681
1.0682
1.0683
1.0684
1.0685
1.0686
1.0687
1.0688
1.0699
1.0700
1.0701
1.0702
1.0703
1.0704
1.0705
1.0706
1.0707
1.0708
1.0709
1.0710
1.0711
1.0712
1.0713
1.0714
1.0715
1.0716
1.0717
1.0718
1.0719
1.0720
1.0721
1.0722
1.0723
1.0724
1.0725
1.0726
1.0727
1.0728
1.0729
1.0730
1.0731
1.0732
1.0733
1.0734
1.0735
1.0736
1.0737
1.0738
1.0739
1.0740
1.0781
1.0782
1.0783
1.0784
1.0785
1.0786
1.0787
1.0788
1.0789
1.0790
1.0791
1.0792
1.0793
1.0794
1.0795
1.0796
1.0797
1.0798
1.0799
1.0800
1.0801
1.0802
1.0803
1.0905
1.0906
1.0907
1.0908
1.0909
1.0910
1.0911
1.0912
1.0913
1.0914
1.0915
1.0916
1.0917
1.0918
1.0919
1.0920
1.0921
1.0922
1.0923
1.0924
1.0925
1.0926
1.0927
1.0928
1.0929
1.0930
1.0931
1.0932
1.0933
1.0934
1.0935
1.0936
1.0937
1.0938
1.0939
1.0940
1.0941
1.0942
1.0943
1.0944
1.0945
1.0946
1.0947
1.0948
1.0949
1.0950
1.0951
1.0952
1.0953
1.0954
1.0955
1.0956
1.0957
1.0958
1.0959
1.0960
1.0961
1.0962
1.0963
1.0964
1.0965
1.0966
1.0967
1.0968
1.0969
1.0970
1.0971
1.0972
1.0973
1.0974
1.0975
1.0976
1.0977
1.0978
1.0979
1.0980
1.0981
1.0982
1.0983
1.0984
1.0985
1.0986
1.0987
1.0988
1.0989
1.0990
1.0991
1.0992
1.0993
1.0994
1.0995
1.0996
1.0997
1.0998
1.0999
1.1000
1.1001
1.1002
1.1003
1.1004
1.1005
1.1016
1.1017
1.1018
1.1019
1.1020
1.1021
1.1031
1.1032
1.1033
1.1034
1.1035
1.1036
1.1037
1.1038
1.1039
1.1040
1.1041
1.1042
1.1043
1.1044
1.1045
1.1046
1.1047
1.1048
1.1049
1.1050
1.1051
1.1052
1.1053
1.1054
1.1055
1.1056
1.1057
1.1058
1.1059
1.1060
1.1061
1.1062
1.1063
1.1064
1.1065
1.1066
1.1067
1.1068
1.1069
1.1070
1.1071
1.1072
1.1073
1.1074
1.1075
1.1076
1.1077
1.1078
1.1079
1.1080
1.1081
1.1082
1.1083
1.1084
1.1085
1.1086
1.1087
1.1088
1.1089
1.1090
1.1091
1.1092
1.1093
1.1094
1.1095
1.1096
1.1097
1.1098
1.1099
1.1100
1.1101
1.1102
1.1103
1.1104
1.1105
1.1106
1.1107
1.1108
1.1109
1.1110
1.1111
1.1112
1.1113
1.1114
1.1115
1.1116
1.1117
1.1118
1.1119
1.1120
1.1121
1.1122
