0.7073
0.7074
0.7075
0.7076
0.7077
0.7078
0.7079
0.7080
0.7081
0.7082
0.7083
0.8413
0.8414
0.8415
0.8416
0.8417
0.8418
0.8419
0.8420
0.8421
0.8422
0.8423
0.8424
0.8425
0.8426
0.8427
0.8428
0.8429
0.8430
0.8431
0.8432
0.8433
0.8434
0.8435
0.8436
0.8725
0.8726
0.8727
0.9418
0.9419
0.9420
0.9421
0.9422
0.9423
0.9424
0.9425
0.9426
0.9427
0.9428
0.9429
0.9430
0.9431
0.9432
0.9433
0.9434
0.9435
0.9436
0.9437
0.9438
0.9439
0.9445
0.9446
0.9447
0.9448
0.9449
0.9450
0.9451
0.9452
0.9453
0.9454
0.9455
0.9456
0.9457
0.9458
0.9459
0.9460
0.9461
0.9462
0.9463
0.9464
0.9465
0.9466
0.9539
0.9540
0.9541
0.9542
0.9543
0.9544
0.9545
0.9546
0.9547
0.9548
0.9549
0.9550
0.9551
0.9598
0.9599
0.9600
0.9601
0.9666
0.9667
0.9668
0.9669
0.9670
0.9671
0.9672
0.9673
0.9678
0.9679
0.9680
0.9681
0.9682
0.9683
0.9684
0.9685
0.9686
0.9687
0.9701
0.9756
0.9757
0.9758
0.9759
0.9760
0.9761
0.9762
0.9763
0.9764
0.9765
0.9770
0.9771
0.9772
0.9773
0.9774
0.9775
0.9776
0.9777
0.9778
0.9779
0.9780
0.9781
0.9782
1.0054
1.0055
1.0056
1.0057
1.0058
1.0059
1.0060
1.0061
1.0062
1.0184
1.0185
1.0186
1.0187
1.0188
1.0189
1.0190
1.0191
1.0192
1.0193
1.0194
1.0195
1.0196
1.0315
1.0316
1.0317
1.0318
1.0319
1.0320
1.0321
1.0322
1.0385
1.0386
1.0387
1.0388
1.0389
1.0390
1.0391
1.0392
1.0393
1.0394
1.0395
1.0396
1.0397
1.0398
1.0399
1.0400
1.0401
1.0402
1.0403
1.0404
1.0405
1.0406
1.0407
1.0408
1.0409
1.0410
1.0411
1.0412
1.0413
1.0414
1.0415
1.0416
1.0417
1.0445
1.0706
1.0707
1.0708
1.0709
1.0710
1.0711
1.0712
1.0713
1.0714
1.0715
1.0726
1.0727
1.0728
1.0729
1.0730
1.0731
1.0732
1.0733
1.0788
1.0789
1.0790
1.0791
1.0792
1.0793
1.0794
1.0795
1.0796
1.0912
1.0913
1.0914
1.0915
1.0916
1.0917
1.0918
1.0919
1.0920
1.0921
1.0922
1.0923
1.0924
1.0925
1.0936
1.0937
1.0938
1.0939
1.0940
1.0941
1.0951
1.0952
1.0953
1.0954
1.0955
1.0956
1.0957
1.0958
1.0959
1.0965
1.0966
1.0967
1.0968
1.0969
1.0970
1.0971
1.0972
1.0973
1.0974
1.0975
1.0985
1.0986
1.0987
1.0988
1.0989
1.0990
1.0991
1.0992
1.0993
1.0994
1.0995
1.0996
1.0997
1.0998
1.1038
1.1039
1.1040
1.1041
1.1042
1.1043
1.1044
1.1045
1.1046
1.1052
1.1053
1.1054
1.1055
1.1056
1.1057
1.1058
1.1059
1.1060
1.1061
