0.6899
0.6900
0.6901
0.6902
0.6903
0.6904
0.6905
0.6906
0.6907
0.6908
0.6909
0.6910
0.6911
0.6912
0.6913
0.6914
0.6915
0.6916
0.6917
0.6918
0.6919
0.6920
0.6921
0.6922
0.6923
0.6924
0.6925
0.7075
0.7076
0.7077
0.7078
0.7079
0.7080
0.7081
0.8415
0.8416
0.8417
0.8422
0.8423
0.8424
0.8425
0.8426
0.8427
0.8428
0.8429
0.8430
0.8431
0.8432
0.8433
0.8434
0.9421
0.9422
0.9423
0.9424
0.9425
0.9426
0.9427
0.9428
0.9429
0.9430
0.9431
0.9432
0.9438
0.9439
0.9440
0.9441
0.9442
0.9443
0.9444
0.9445
0.9446
0.9447
0.9448
0.9449
0.9450
0.9451
0.9452
0.9453
0.9454
0.9455
0.9456
0.9457
0.9458
0.9459
0.9460
0.9461
0.9462
0.9463
0.9541
0.9542
0.9543
0.9544
0.9545
0.9546
0.9547
0.9548
0.9549
0.9613
0.9668
0.9669
0.9670
0.9671
0.9681
0.9682
0.9683
0.9684
0.9685
0.9704
0.9705
0.9706
0.9707
0.9758
0.9759
0.9760
0.9761
0.9762
0.9763
0.9773
0.9774
0.9775
0.9776
0.9777
0.9778
0.9779
0.9780
0.9845
0.9846
0.9847
0.9848
0.9849
0.9850
0.9851
0.9852
0.9853
0.9854
0.9859
0.9860
0.9861
0.9862
0.9863
0.9864
0.9865
0.9866
1.0056
1.0057
1.0058
1.0059
1.0060
1.0061
1.0062
1.0063
1.0064
1.0065
1.0066
1.0067
1.0068
1.0069
1.0187
1.0188
1.0189
1.0190
1.0191
1.0192
1.0193
1.0194
1.0317
1.0318
1.0319
1.0320
1.0388
1.0389
1.0390
1.0391
1.0392
1.0393
1.0394
1.0395
1.0396
1.0397
1.0398
1.0399
1.0400
1.0401
1.0402
1.0403
1.0404
1.0405
1.0406
1.0407
1.0408
1.0409
1.0415
1.0416
1.0417
1.0418
1.0419
1.0420
1.0421
1.0422
1.0423
1.0424
1.0425
1.0426
1.0427
1.0428
1.0708
1.0709
1.0710
1.0711
1.0712
1.0713
1.0714
1.0715
1.0716
1.0717
1.0718
1.0719
1.0720
1.0721
1.0722
1.0723
1.0724
1.0725
1.0726
1.0727
1.0728
1.0729
1.0730
1.0731
1.0790
1.0791
1.0792
1.0793
1.0914
1.0915
1.0916
1.0917
1.0918
1.0919
1.0920
1.0921
1.0922
1.0923
1.0938
1.0954
1.0955
1.0956
1.0957
1.0967
1.0968
1.0969
1.0970
1.0971
1.0972
1.0983
1.0984
1.0985
1.0986
1.0987
1.0988
1.0989
1.0990
1.0991
1.0992
1.0993
1.0994
1.0995
1.1041
1.1042
1.1043
1.1044
1.1054
1.1055
1.1056
1.1057
1.1058
1.1059
1.1070
1.1071
1.1072
1.1073
1.1074
1.1075
1.1076
1.1077
1.1078
1.1079
1.1080
1.1081
1.1082
1.1083
1.1084
1.1085
1.1086
1.1087
1.1088
1.1089
1.1090
1.1091
1.1092
1.1093
1.1094
1.1095
1.1096
1.1097
1.1098
1.1099
1.1100
1.1101
1.1102
1.1103
1.1104
1.1105
1.1106
1.1107
1.1108
1.1109
1.1110
1.1111
1.1112
