0.6733
0.6734
0.6735
0.6895
0.6896
0.6897
0.6898
0.6899
0.6900
0.6901
0.6902
0.6903
0.6904
0.6905
0.6906
0.6907
0.6908
0.6909
0.6910
0.6911
0.6912
0.6913
0.6914
0.6915
0.6916
0.6917
0.6918
0.6919
0.6920
0.6921
0.6922
0.6923
0.6924
0.6925
0.6926
0.6927
0.6928
0.6985
0.6986
0.6987
0.7071
0.7072
0.7073
0.7074
0.7075
0.7076
0.7077
0.7078
0.7079
0.7080
0.7081
0.7082
0.7083
0.7084
0.7085
0.7437
0.7438
0.7439
0.7440
0.7441
0.7442
0.7443
0.7586
0.7587
0.7588
0.8317
0.8318
0.8319
0.8320
0.8321
0.8322
0.8323
0.8324
0.8325
0.8326
0.8327
0.8328
0.8329
0.8330
0.8331
0.8332
0.8333
0.8334
0.8335
0.8336
0.8337
0.8338
0.8339
0.8340
0.8341
0.8342
0.8343
0.8344
0.8345
0.8410
0.8411
0.8412
0.8413
0.8414
0.8415
0.8416
0.8417
0.8418
0.8419
0.8420
0.8421
0.8422
0.8423
0.8424
0.8425
0.8426
0.8427
0.8428
0.8429
0.8430
0.8431
0.8432
0.8433
0.8434
0.8435
0.8436
0.8437
0.8438
0.8577
0.8578
0.8579
0.8580
0.8581
0.8582
0.8583
0.8645
0.8646
0.8647
0.8648
0.8649
0.8650
0.8651
0.8652
0.8723
0.8724
0.8725
0.8726
0.8727
0.8728
0.8729
0.9416
0.9417
0.9418
0.9419
0.9420
0.9421
0.9422
0.9423
0.9424
0.9425
0.9426
0.9427
0.9428
0.9429
0.9430
0.9431
0.9432
0.9433
0.9434
0.9435
0.9436
0.9437
0.9438
0.9439
0.9440
0.9441
0.9442
0.9443
0.9444
0.9445
0.9446
0.9447
0.9448
0.9449
0.9450
0.9451
0.9452
0.9453
0.9454
0.9455
0.9456
0.9457
0.9458
0.9459
0.9460
0.9461
0.9462
0.9463
0.9464
0.9465
0.9466
0.9467
0.9468
0.9515
0.9516
0.9517
0.9518
0.9519
0.9520
0.9521
0.9522
0.9523
0.9524
0.9525
0.9526
0.9527
0.9528
0.9529
0.9530
0.9531
0.9532
0.9533
0.9534
0.9535
0.9536
0.9537
0.9538
0.9539
0.9540
0.9541
0.9542
0.9543
0.9544
0.9545
0.9546
0.9547
0.9548
0.9549
0.9550
0.9551
0.9552
0.9553
0.9596
0.9597
0.9598
0.9599
0.9600
0.9601
0.9602
0.9603
0.9608
0.9609
0.9610
0.9611
0.9612
0.9613
0.9614
0.9615
0.9616
0.9617
0.9623
0.9624
0.9625
0.9626
0.9627
0.9628
0.9629
0.9630
0.9631
0.9632
0.9633
0.9634
0.9635
0.9636
0.9637
0.9638
0.9639
0.9640
0.9641
0.9642
0.9643
0.9649
0.9650
0.9651
0.9652
0.9653
0.9654
0.9655
0.9656
0.9657
0.9658
0.9664
0.9665
0.9666
0.9667
0.9668
0.9669
0.9670
0.9671
0.9672
0.9673
0.9674
0.9675
0.9676
0.9677
0.9678
0.9679
0.9680
0.9681
0.9682
0.9683
0.9684
0.9685
0.9686
0.9687
0.9688
0.9689
0.9690
0.9691
0.9692
0.9693
0.9694
0.9695
0.9696
0.9697
0.9698
0.9699
0.9700
0.9701
0.9702
0.9703
0.9704
0.9705
0.9706
0.9707
0.9708
0.9709
0.9710
0.9711
0.9726
0.9741
0.9742
0.9743
0.9744
0.9745
0.9746
0.9747
0.9748
0.9749
0.9750
0.9751
0.9752
0.9753
0.9754
0.9755
0.9756
0.9757
0.9758
0.9759
0.9760
0.9761
0.9762
0.9763
0.9764
0.9765
0.9766
0.9767
0.9768
0.9769
0.9770
0.9771
0.9772
0.9773
0.9774
0.9775
0.9776
0.9777
0.9778
0.9779
0.9780
0.9781
0.9782
0.9783
0.9784
0.9832
0.9833
0.9834
0.9835
0.9836
0.9837
0.9838
0.9839
0.9840
0.9841
0.9842
0.9843
0.9844
0.9845
0.9846
0.9847
0.9848
0.9849
0.9850
0.9851
0.9852
0.9853
0.9854
0.9855
0.9856
0.9857
0.9858
0.9859
0.9860
0.9861
0.9862
0.9863
0.9864
0.9865
0.9866
0.9867
0.9868
0.9869
0.9870
0.9871
0.9937
0.9938
0.9939
0.9940
0.9941
0.9942
0.9943
0.9944
0.9945
0.9946
0.9947
0.9948
0.9949
0.9950
0.9951
0.9952
0.9953
0.9954
0.9955
0.9956
0.9957
0.9958
0.9959
0.9960
0.9961
0.9962
0.9963
0.9964
0.9965
0.9966
0.9967
1.0048
1.0049
1.0050
1.0051
1.0052
1.0053
1.0054
1.0055
1.0056
1.0057
1.0058
1.0059
1.0060
1.0061
1.0062
1.0063
1.0064
1.0065
1.0066
1.0067
1.0068
1.0069
1.0070
1.0071
1.0072
1.0073
1.0074
1.0075
1.0076
1.0077
1.0078
1.0079
1.0080
1.0081
1.0082
1.0083
1.0084
1.0085
1.0086
1.0087
1.0182
1.0183
1.0184
1.0185
1.0186
1.0187
1.0188
1.0189
1.0190
1.0191
1.0192
1.0193
1.0194
1.0195
1.0196
1.0197
1.0198
1.0199
1.0200
1.0201
1.0202
1.0203
1.0204
1.0205
1.0206
1.0207
1.0208
1.0209
1.0210
1.0211
1.0212
1.0313
1.0314
1.0315
1.0316
1.0317
1.0318
1.0319
1.0320
1.0321
1.0322
1.0323
1.0324
1.0383
1.0384
1.0385
1.0386
1.0387
1.0388
1.0389
1.0390
1.0391
1.0392
1.0393
1.0394
1.0395
1.0396
1.0397
1.0398
1.0399
1.0400
1.0401
1.0402
1.0403
1.0404
1.0405
1.0406
1.0407
1.0408
1.0409
1.0410
1.0411
1.0412
1.0413
1.0414
1.0415
1.0416
1.0417
1.0418
1.0419
1.0420
1.0421
1.0422
1.0423
1.0424
1.0425
1.0426
1.0427
1.0428
1.0429
1.0430
1.0431
1.0432
1.0443
1.0444
1.0445
1.0446
1.0447
1.0448
1.0458
1.0459
1.0460
1.0461
1.0462
1.0463
1.0464
1.0465
1.0466
1.0467
1.0468
1.0469
1.0470
1.0471
1.0472
1.0473
1.0474
1.0475
1.0476
1.0477
1.0478
1.0479
1.0480
1.0481
1.0482
1.0483
1.0484
1.0685
1.0686
1.0687
1.0688
1.0689
1.0690
1.0691
1.0692
1.0693
1.0694
1.0695
1.0696
1.0697
1.0698
1.0699
1.0700
1.0701
1.0702
1.0703
1.0704
1.0705
1.0706
1.0707
1.0708
1.0709
1.0710
1.0711
1.0712
1.0713
1.0714
1.0715
1.0716
1.0717
1.0718
1.0719
1.0720
1.0721
1.0722
1.0723
1.0724
1.0725
1.0726
1.0727
1.0728
1.0729
1.0730
1.0731
1.0732
1.0733
1.0734
1.0735
1.0736
1.0786
1.0787
1.0788
1.0789
1.0790
1.0791
1.0792
1.0793
1.0794
1.0795
1.0796
1.0797
1.0798
1.0799
1.0800
1.0801
1.0802
1.0803
1.0804
1.0805
1.0806
1.0807
1.0808
1.0809
1.0810
1.0811
1.0812
1.0813
1.0814
1.0815
1.0816
1.0817
1.0818
1.0819
1.0820
1.0821
1.0822
1.0823
1.0824
1.0825
1.0826
1.0827
1.0828
1.0829
1.0830
1.0831
1.0842
1.0843
1.0844
1.0845
1.0846
1.0847
1.0858
1.0859
1.0860
1.0861
1.0862
1.0863
1.0864
1.0865
1.0866
1.0867
1.0868
1.0869
1.0870
1.0871
1.0872
1.0873
1.0874
1.0875
1.0876
1.0877
1.0878
1.0879
1.0880
1.0881
1.0882
1.0883
1.0884
1.0890
1.0891
1.0892
1.0893
1.0894
1.0895
1.0896
1.0897
1.0898
1.0899
1.0900
1.0906
1.0907
1.0908
1.0909
1.0910
1.0911
1.0912
1.0913
1.0914
1.0915
1.0916
1.0917
1.0918
1.0919
1.0920
1.0921
1.0922
1.0923
1.0924
1.0925
1.0926
1.0927
1.0928
1.0933
1.0934
1.0935
1.0936
1.0937
1.0938
1.0939
1.0940
1.0941
1.0942
1.0943
1.0949
1.0950
1.0951
1.0952
1.0953
1.0954
1.0955
1.0956
1.0957
1.0958
1.0959
1.0960
1.0961
1.0962
1.0963
1.0964
1.0965
1.0966
1.0967
1.0968
1.0969
1.0970
1.0971
1.0972
1.0973
1.0974
1.0975
1.0976
1.0977
1.0978
1.0979
1.0980
1.0981
1.0982
1.0983
1.0984
1.0985
1.0986
1.0987
1.0988
1.0989
1.0990
1.0991
1.0992
1.0993
1.0994
1.0995
1.0996
1.0997
1.0998
1.0999
1.1000
1.1036
1.1037
1.1038
1.1039
1.1040
1.1041
1.1042
1.1043
1.1044
1.1045
1.1046
1.1047
1.1048
1.1049
1.1050
1.1051
1.1052
1.1053
1.1054
1.1055
1.1056
1.1057
1.1058
1.1059
1.1060
1.1061
1.1062
1.1063
1.1064
1.1065
1.1066
1.1067
1.1068
1.1069
1.1070
1.1071
1.1072
1.1073
1.1074
1.1075
1.1076
1.1077
1.1078
1.1079
1.1080
1.1081
1.1082
1.1083
1.1084
1.1085
1.1086
1.1087
1.1088
1.1089
1.1090
1.1091
1.1092
1.1093
1.1094
1.1095
1.1096
1.1097
1.1098
1.1099
1.1100
1.1101
1.1102
1.1103
1.1104
1.1105
1.1106
1.1107
1.1108
1.1109
1.1110
1.1111
1.1112
1.1113
1.1114
1.1115
1.1116
1.1117
1.1118
1.1119
1.1120
1.1121
1.1122
1.1123
1.1124
1.1125
1.1126
1.1127
1.1128
1.1129
1.1130
1.1131
1.1132
1.1133
1.1134
1.1135
1.1136
1.1137
1.1138
1.1139
1.1140
1.1141
1.1142
1.1143
1.1144
1.1145
1.1146
1.1147
1.1148
1.1149
1.1150
1.1151
1.1152
1.1153
1.1154
1.1155
1.1156
1.1157
1.1158
1.1159
1.1160
1.1161
1.1162
1.1163
1.1164
1.1165
1.1166
1.1167
1.1168
1.1169
1.1170
1.1171
1.1172
1.1173
1.1174
1.1175
1.1176
1.1177
1.1178
1.1179
1.1180
1.1181
1.1182
1.1183
1.1184
1.1185
1.1226
1.1227
1.1228
1.1229
1.1230
1.1231
1.1232
1.1233
1.1234
1.1235
1.1236
1.1237
1.1238
1.1239
1.1240
1.1241
1.1242
1.1243
1.1244
1.1245
1.1246
1.1247
1.1248
1.1249
1.1250
1.1251
1.1252
1.1253
1.1254
1.1255
1.1256
1.1257
1.1258
1.1259
1.1260
1.1261
1.1262
1.1263
1.1264
1.1265
1.1266
1.1267
1.1268
1.1269
1.1270
1.1271
1.1272
1.1273
1.1274
1.1275
1.1276
1.1277
1.1278
1.1279
1.1280
1.1281
1.1282
1.1283
1.1284
1.1285
1.1286
1.1287
1.1288
1.1289
1.1290
1.1291
1.1292
1.1308
1.1324
1.1325
1.1326
1.1327
1.1328
1.1329
1.1330
1.1331
1.1332
1.1333
1.1334
1.1335
1.1336
1.1347
1.1348
1.1349
1.1350
1.1351
1.1352
1.1363
1.1364
1.1365
1.1366
1.1367
1.1368
1.1369
1.1370
1.1371
1.1372
1.1373
1.1374
1.1375
1.1376
1.1377
1.1378
1.1379
1.1380
1.1381
1.1382
1.1383
1.1384
1.1385
1.1386
1.1387
1.1388
1.1389
1.1390
1.1391
1.1392
1.1393
1.1394
1.1395
1.1396
1.1397
1.1398
1.1399
1.1400
1.1401
1.1402
1.1403
1.1404
1.1405
1.1406
1.1407
1.1408
1.1409
1.1410
1.1411
1.1412
1.1413
1.1414
1.1415
1.1416
1.1417
1.1418
1.1419
1.1420
1.1421
1.1422
1.1423
1.1424
1.1425
1.1426
1.1427
1.1428
1.1429
1.1430
1.1431
1.1432
1.1433
1.1434
1.1435
1.1436
1.1437
1.1438
1.1439
1.1440
1.1441
1.1442
1.1443
1.1444
1.1445
1.1446
1.1447
1.1448
1.1449
1.1450
1.1451
1.1452
1.1453
1.1454
1.1455
1.1456
1.1457
1.1458
1.1459
1.1460
1.1461
1.1462
1.1463
1.1464
1.1480
1.1496
1.1497
1.1498
1.1499
1.1500
1.1501
1.1502
1.1503
1.1504
1.1505
1.1506
1.1507
1.1508
1.1509
1.1510
1.1511
1.1512
1.1513
1.1514
1.1515
1.1516
1.1517
1.1518
1.1519
1.1520
1.1521
1.1522
1.1523
1.1524
1.1525
1.1526
1.1527
1.1528
1.1529
1.1530
1.1531
1.1532
1.1533
1.1534
1.1535
1.1536
1.1537
1.1538
1.1539
1.1540
1.1541
1.1542
1.1543
1.1544
1.1545
1.1546
1.1547
1.1548
1.1549
1.1600
1.1601
1.1602
1.1603
1.1604
1.1605
1.1606
1.1607
1.1608
1.1609
1.1610
1.1611
1.1612
1.1613
1.1614
1.1615
1.1616
1.1617
1.1618
1.1619
1.1620
1.1621
1.1622
1.1623
1.1624
1.1625
1.1626
1.1627
1.1628
1.1629
1.1630
1.1631
1.1632
1.1633
1.1634
1.1635
1.1636
1.1637
1.1638
1.1639
1.1640
1.1641
1.1642
1.1643
1.1740
1.1741
1.1742
1.1743
1.1744
1.1745
1.1746
1.1747
1.1748
