# wl     wl_er  W    W_er  Width ID   rest_wl
3737.82  1.03  0.16  0.03  0.97  H13   3735.43 
3749.45  1.13  0.31  0.04  2.96  H12   3751.22 
3774.09  1.27  0.36  0.04  3.56  H11   3771.70 
3800.38  1.09  0.35  0.03  4.14  H10   3798.98 
3837.12  1.49  0.46  0.03  5.96  H9    3836.47 
3934.96  0.55  0.91  0.03  7.11  CaII  3934.78 
3974.66  0.88  0.36  0.04  2.42  CaII  3969.59 
8502.80  7.22  1.11  0.61  3.85  CaII  8500.36 
8544.17  1.89  2.22  0.44  3.87  CaII  8544.44 
5892.66  1.24  0.44  0.05  3.72  NaII  5891.58 
