# obswl,obswlerr,wllo,wlhi,relFl,relFlerr,  W,   W_err,  Width, Skew, ID,       labwl
 940.93  3.17   930   955    2.110  0.379   2.95  0.54   4.73   0.59  Lyepsilon    937.80 
 -1      -1     -1    -1     -1      -1      -1     -1     -1     -1  Lydelta      949.74 
 985.46  4.78   960  1003    5.195  0.459   6.55  0.58   8.95  -0.51  CIII         977.02 
 -1      -1     -1    -1     -1      -1      -1     -1     -1     -1  NIII         990.69 
1033.03  1.27  1012  1055    9.615  0.484   9.77  0.49   7.76  -0.01  Lybeta       1025.72 
 -1      -1     -1    -1     -1      -1      -1     -1     -1     -1  OVI          1033.83 
1065.10  5.09  1055  1077    0.816  0.269   0.80  0.27   4.17   0.30  ArI          1066.66 
1117.26  2.78  1100  1140    3.151  0.289   3.66  0.34   8.49   0.02  FeIII        UV1 
1175.35  1.17  1170  1182    0.870  0.148   0.83  0.14   2.28  -0.01  CIII*        1175.70 
1216.25  0.37  1160  1290  100.000  0.753  92.91  0.72  19.46   0.40  Lyalpha      1215.67 
1239.85  0.67  1230  1252    2.461  0.189   1.11  0.09   2.71  -0.21  NV           1240.14 
1265.22  3.20  1257  1274    0.306  0.081   0.21  0.06   2.74   0.25  SiII         1262.59 
1305.42  0.71  1290  1318    1.992  0.076   1.66  0.06   5.42  -0.21  OI           1304.35 
-1      -1     -1    -1     -1      -1      -1     -1     -1     -1   SiII         1306.82 
1336.60  1.13  1325  1348    0.688  0.059   0.59  0.05   3.86  -0.02  CII          1335.30 
1398.33  0.31  1360  1446    8.916  0.097   8.13  0.09  12.50   0.06  SiIV         1396.76 
-1      -1     -1    -1     -1      -1      -1     -1     -1     -1   OIV]         1402.06 
1546.15  0.14  1494  1620   25.291  0.106  23.78  0.10  14.33  -0.04  CIV          1549.06 
1637.84  0.83  1622  1648    0.521  0.027   0.51  0.03   4.43  -0.22  HeII         1640.42 
1664.74  1.04  1648  1682    0.480  0.028   0.50  0.03   5.50   0.11  OIII]        1663.48 
-1      -1     -1    -1     -1      -1      -1     -1     -1     -1   AlII         1670.79 
-1      -1     -1    -1     -1      -1      -1     -1     -1     -1   FeII         UV40 
1716.88  2.83  1696  1736    0.258  0.027   0.30  0.03   7.36   0.17  NIV          1718.55 
-1      -1     -1    -1     -1      -1      -1     -1     -1     -1   FeII         UV37 
-1      -1     -1    -1     -1      -1      -1     -1     -1     -1   AlII         1721.89 
1748.31  0.75  1735  1765    0.382  0.021   0.44  0.03   5.12   0.04  NIII]        1750.26 
1788.73  0.98  1771  1802    0.229  0.020   0.28  0.02   6.06  -0.29  FeII         UV191 
1818.17  2.07  1802  1831    0.130  0.019   0.16  0.02   5.72  -0.47  SiII         1816.98 
-1      -1     -1    -1     -1      -1      -1     -1     -1     -1   [NeIII]      1814.73 
1856.76  1.18  1840  1875    0.333  0.021   0.40  0.03   4.95   0.01  AlIII        1857.40 
1892.64  0.83  1884  1900    0.158  0.015   0.16  0.02   3.09  -0.10  SiIII]       1892.03 
 -1      -1     -1    -1     -1      -1      -1     -1     -1     -1  FeIII        UV34 
1905.97  0.12  1830  1976   15.943  0.041  21.19  0.05  23.58  -0.27  CIII]        1908.73 
-1      -1     -1    -1     -1      -1      -1     -1     -1     -1   FeIII        U34 
-1      -1     -1    -1     -1      -1      -1     -1     -1     -1   FeIII        UV68 
-1      -1     -1    -1     -1      -1      -1     -1     -1     -1   FeIII        UV61 
1991.83  2.91  1976  2008    0.139  0.014   0.20  0.02   6.73  -0.03  FeIII        UV50 
2076.62  0.78  2036  2124    1.580  0.021   2.46  0.03  16.99   0.18  FeIII        UV48 
2175.62  1.83  2153  2199    0.143  0.013   0.25  0.02   5.85   0.46  FeII         UV79 
-1      -1     -1    -1     -1      -1      -1     -1     -1     -1   FeII         UV370 
2222.29  1.44  2202  2238    0.185  0.011   0.33  0.02   6.98  -0.11  FeII         UV118 
-1      -1     -1    -1     -1      -1      -1     -1     -1     -1   FeII         UV376 
2324.58  0.56  2257  2378    2.008  0.020   3.56  0.04  22.23  -0.29  FeII         many 
2327.34  0.72  2312  2338    0.183  0.009   0.31  0.02   4.95  -0.41  CII]         2326.44 
2423.46  0.44  2402  2448    0.437  0.012   0.77  0.02   8.42   0.25  [NeIV]       2423.83 
-1      -1     -1    -1     -1      -1      -1     -1     -1     -1   FeIII        UV47 
2467.98  1.59  2458  2482    0.092  0.009   0.16  0.02   4.54   0.30  [OII]        2471.03 
-1      -1     -1    -1     -1      -1      -1     -1     -1     -1   FeII         UV395 
2626.92  0.99  2595  2654    0.398  0.013   0.81  0.03   9.93   0.00  FeII         UV1 
2671.89  1.78  2657  2684    0.067  0.008   0.14  0.02   5.10   0.05  AlII]        2669.95 
-1      -1     -1    -1     -1      -1      -1     -1     -1     -1   OIII         2672.04 
2800.26  0.10  2686  2913   14.725  0.030  32.28  0.07  34.95  -0.06  MgII         2798.75 
2964.28  0.79  2910  3021    2.017  0.017   4.93  0.04  22.92  -0.03  FeII         UV78 
3127.70  1.07  3100  3153    0.326  0.012   0.86  0.03   9.38  -0.13  OIII         3133.70 
-1      -1     -1    -1     -1      -1      -1     -1     -1     -1   FeII         Opt82 
3191.78  0.99  3159  3224    0.445  0.013   1.17  0.03  12.77  -0.04  HeI          3188.67 
-1      -1     -1    -1     -1      -1      -1     -1     -1     -1   FeII         Opt6 
-1      -1     -1    -1     -1      -1      -1     -1     -1     -1   FeII         Opt7 
3261.40  2.70  3248  3272    0.032  0.008   0.09  0.02   3.27   0.06  FeI          Opt91 
-1      -1     -1    -1     -1      -1      -1     -1     -1     -1   FeII         Opt1 
3281.74  3.15  3272  3297    0.036  0.008   0.10  0.02   4.39   0.56  FeII         Opt1 
3345.39  0.75  3329  3356    0.118  0.008   0.35  0.02   5.50  -0.41  [NeV]        3346.82 
3425.66  0.46  3394  3446    0.405  0.012   1.22  0.04   9.09  -0.62  [NeV]        3426.84 
3498.92  1.60  3451  3537    0.432  0.014   1.38  0.05  16.79  -0.24  FeII         Opt4 
-1      -1     -1    -1     -1      -1      -1     -1     -1     -1   FeII         Opt16 
3581.70  4.48  3554  3613    0.100  0.011   0.34  0.04   7.98   0.79  [FeVII]      3587.34 
-1      -1     -1    -1     -1      -1      -1     -1     -1     -1   HeI          3588.30 
3729.66  0.18  3714  3740    0.424  0.009   1.56  0.03   3.32  -0.24  [OII]        3728.48 
3758.46  0.56  3748  3771    0.078  0.007   0.29  0.03   3.71   0.12  [FeVII]      3759.99 
3785.47  1.31  3775  3799    0.056  0.006   0.22  0.03   4.24   0.13  FeII         Opt15 
3817.41  2.46  3800  3832    0.124  0.007   0.51  0.03   7.33  -0.10  FeII         Opt14 
3869.77  0.25  3850  3884    0.345  0.008   1.38  0.03   5.31  -0.50  [NeIII]      3869.85 
3891.03  1.28  3882  3898    0.020  0.005   0.08  0.02   2.02  -0.27  HeI          3889.74 
-1      -1     -1    -1     -1      -1      -1     -1     -1     -1   H8           3890.15 
3968.43  0.91  3950  3978    0.104  0.007   0.45  0.03   5.32  -0.62  [NeIII]      3968.58 
#-1      -1     -1    -1     -1      -1      -1     -1     -1     -1   Hepsilon     3971.20 
4070.71  1.18  4061  4079    0.039  0.005   0.18  0.03   3.20   0.01  [FeV]        4072.39 
-1      -1     -1    -1     -1      -1      -1     -1     -1     -1   [SII]        4073.63 
#4102.73  0.66  4050  4152    1.066  0.013   5.05  0.06  18.62   0.03  Hdelta       4102.89 
4140.50  0.96  4135  4145    0.026  0.004   0.13  0.02   1.83  -0.38  FeII         Opt27 
-1      -1     -1    -1     -1      -1      -1     -1     -1     -1   FeII         Opt28 
4187.55  1.97  4157  4202    0.154  0.009   0.76  0.04   9.77  -0.40  FeII         Opt27 
-1      -1     -1    -1     -1      -1      -1     -1     -1     -1   FeII         Opt28 
4239.85  2.07  4227  4260    0.107  0.008   0.53  0.04   5.73  -0.05  [FeII]       Opt21F 
4318.30  0.78  4315  4328    0.038  0.005   0.17  0.02   2.31   0.58  [FeII]       Opt21F 
-1      -1     -1    -1     -1      -1      -1     -1     -1     -1   FeII         Opt32 
#4346.42  0.38  4285  4412    2.616  0.017  12.62  0.08  20.32   0.12  Hgamma       4341.68 
4363.85  0.68  4352  4372    0.110  0.007   0.46  0.03   3.10  -0.18  [OIII]       4364.44 
4478.22  1.13  4469  4484    0.029  0.006   0.14  0.03   2.20  -0.69  FeII         Opt37 
 -1      -1     -1    -1     -1      -1      -1     -1     -1     -1   HeI         4472.76 
4564.71  1.56  4435  4762    3.757  0.029  19.52  0.15  61.69   0.23  FeII         Opt37 
-1      -1     -1    -1     -1      -1      -1     -1     -1     -1   FeII         Opt38 
4686.66  1.04  4668  4696    0.139  0.009   0.72  0.05   5.92  -0.57  HeII         4687.02 
#4853.13  0.41  4760  4980    8.649  0.030  46.21  0.16  40.44   0.61  Hbeta        4862.68 
4930.75  1.13  4920  4941    0.082  0.007   0.40  0.04   3.98  -0.02  FeII         Opt42 
4960.36  0.22  4945  4972    0.686  0.014   3.50  0.07   3.85  -0.22  [OIII]       4960.30 
5008.22  0.17  4982  5035    2.490  0.031  13.23  0.16   6.04  -0.22  [OIII]       5008.24 
5305.97  1.99  5100  5477    3.522  0.036  21.47  0.22  74.83  -0.25  FeII         Opt48 
-1      -1     -1    -1     -1      -1      -1     -1     -1     -1   FeII         Opt49 
5160.81  0.94  5149  5168    0.092  0.008   0.52  0.04   3.95  -0.42  [FeVII]      5160.33 
5178.68  0.93  5170  5187    0.056  0.007   0.32  0.04   2.97  -0.23  [FeVI]       5177.48 
5201.06  0.98  5187  5211    0.098  0.008   0.56  0.05   4.42  -0.37  [NI]         5200.53 
5277.92  2.96  5273  5287    0.025  0.007   0.14  0.04   2.84   0.38  [FeVII]      5277.85 
 -1      -1     -1    -1     -1      -1      -1     -1     -1     -1  FeII         Opt49 
5313.82  1.85  5302  5328    0.118  0.010   0.66  0.06   5.34   0.18  [FeXIV]      5304.34 
-1      -1     -1    -1     -1      -1      -1     -1     -1     -1   [CaV]        5310.59 
-1      -1     -1    -1     -1      -1      -1     -1     -1     -1   FeII         Opt48 
-1      -1     -1    -1     -1      -1      -1     -1     -1     -1   FeII         Opt49 
5545.16  4.03  5490  5592    0.333  0.021   2.12  0.13  21.09  -0.04  [ClIII]      5539.43 
-1      -1     -1    -1     -1      -1      -1     -1     -1     -1   FeII         Opt55 
5723.74  1.94  5704  5745    0.109  0.015   0.70  0.09   5.19   0.72  [FeVII]      5722.30 
5877.41  0.81  5805  5956    0.798  0.029   4.94  0.18  23.45   0.26  HeI          5877.29 
6085.90  2.00  6064  6107    0.113  0.016   0.71  0.10   3.78  -0.95  [FeVII]      6087.98 
6303.05  0.53  6283  6326    0.179  0.016   1.15  0.11   3.14  -0.64  [OI]         6302.05 
6370.46  2.67  6347  6400    0.217  0.018   1.36  0.11  10.18  -0.09  [OI]         6365.54 
-1      -1     -1    -1     -1      -1      -1     -1     -1     -1   [FeX]        6376.30 
6551.06  1.24  6544  6556    0.195  0.029   0.43  0.06   2.21  -0.20  [NII]        6549.85 
#6564.93  0.22  6400  6765   30.832  0.098  194.52  0.62  47.39  0.35  Halpha       6564.61 
6585.64  0.34  6577  6593    0.831  0.034   2.02  0.08   2.65  -0.02  [NII]        6585.28 
6718.85  0.46  6708  6726    0.276  0.014   1.65  0.08   3.09  -0.27  [SII]        6718.29 
6733.72  0.46  6726  6742    0.244  0.013   1.49  0.08   2.54  -0.11  [SII]        6732.67 
7065.67  2.92  7034  7105    0.451  0.026   3.06  0.18  15.23   0.05  HeI          7067.20 
7138.73  1.12  7131  7148    0.082  0.013   0.57  0.09   3.13  -0.01  [ArIII]      7137.80 
7321.27  3.55  7285  7360    0.359  0.031   2.52  0.22  14.26   0.30  [OII]        7321.48 
7890.49  3.33  7883  7897    0.096  0.018   0.69  0.13   2.97   0.39  [NiIII]      7892.10 
-1      -1     -1    -1     -1      -1      -1     -1     -1     -1   [FeXI]       7894.00 
