8.302000000000000000e+03 5.738900000000000000e+04 4.890000000000000000e+02 1.731039047241210938e+00
1.459000000000000000e+03 5.311700000000000000e+04 4.000000000000000000e+00 1.910799980163574219e+00
8.398000000000000000e+03 5.787000000000000000e+04 7.280000000000000000e+02 1.858450055122375488e+00
8.436000000000000000e+03 5.789500000000000000e+04 9.670000000000000000e+02 1.730425953865051270e+00
5.189000000000000000e+03 5.607400000000000000e+04 6.000000000000000000e+00 1.981999993324279785e+00
7.582000000000000000e+03 5.696000000000000000e+04 6.520000000000000000e+02 1.959413528442382812e+00
4.687000000000000000e+03 5.636900000000000000e+04 9.660000000000000000e+02 2.183965921401977539e+00
6.723000000000000000e+03 5.642800000000000000e+04 7.550000000000000000e+02 2.174000024795532227e+00
8.234000000000000000e+03 5.745000000000000000e+04 8.900000000000000000e+01 1.916857004165649414e+00
7.872000000000000000e+03 5.727900000000000000e+04 2.830000000000000000e+02 2.056118965148925781e+00
7.914000000000000000e+03 5.733100000000000000e+04 1.900000000000000000e+01 1.963727951049804688e+00
7.960000000000000000e+02 5.240100000000000000e+04 5.900000000000000000e+02 1.929999947547912598e+00
9.060000000000000000e+02 5.236800000000000000e+04 5.830000000000000000e+02 1.766999959945678711e+00
6.663000000000000000e+03 5.633800000000000000e+04 5.760000000000000000e+02 1.879484057426452637e+00
8.877000000000000000e+03 5.778200000000000000e+04 5.240000000000000000e+02 1.886999964714050293e+00
7.841000000000000000e+03 5.696000000000000000e+04 8.100000000000000000e+02 1.777870059013366699e+00
9.410000000000000000e+02 5.270900000000000000e+04 5.580000000000000000e+02 1.771999955177307129e+00
8.067000000000000000e+03 5.825300000000000000e+04 3.840000000000000000e+02 1.948186993598937988e+00
1.010000000000000000e+03 5.264900000000000000e+04 4.220000000000000000e+02 1.901000022888183594e+00
1.047000000000000000e+03 5.273300000000000000e+04 2.640000000000000000e+02 1.886600017547607422e+00
9.890000000000000000e+02 5.246800000000000000e+04 5.380000000000000000e+02 1.940999984741210938e+00
6.150000000000000000e+02 5.234700000000000000e+04 5.070000000000000000e+02 1.901000022888183594e+00
8.178000000000000000e+03 5.742800000000000000e+04 2.580000000000000000e+02 2.116386890411376953e+00
6.790000000000000000e+03 5.643000000000000000e+04 9.860000000000000000e+02 1.720999956130981445e+00
6.170000000000000000e+02 5.207200000000000000e+04 1.240000000000000000e+02 1.745000004768371582e+00
1.129300000000000000e+04 5.846200000000000000e+04 7.260000000000000000e+02 1.853850007057189941e+00
2.031000000000000000e+03 5.384800000000000000e+04 1.080000000000000000e+02 1.884500026702880859e+00
1.350000000000000000e+03 5.278600000000000000e+04 6.140000000000000000e+02 1.764999985694885254e+00
7.904000000000000000e+03 5.735800000000000000e+04 8.680000000000000000e+02 1.861826658248901367e+00
7.722000000000000000e+03 5.842500000000000000e+04 1.200000000000000000e+01 1.709712028503417969e+00
8.532000000000000000e+03 5.802200000000000000e+04 9.930000000000000000e+02 1.832144975662231445e+00
8.541000000000000000e+03 5.825700000000000000e+04 4.250000000000000000e+02 1.845983028411865234e+00
6.110000000000000000e+02 5.205500000000000000e+04 4.300000000000000000e+01 1.720499992370605469e+00
5.166000000000000000e+03 5.606500000000000000e+04 5.320000000000000000e+02 1.860000014305114746e+00
6.052000000000000000e+03 5.609200000000000000e+04 9.800000000000000000e+02 1.825000047683715820e+00
6.648000000000000000e+03 5.638300000000000000e+04 9.960000000000000000e+02 1.817999958992004395e+00
6.636000000000000000e+03 5.636700000000000000e+04 8.060000000000000000e+02 1.968000054359436035e+00
1.329000000000000000e+03 5.276700000000000000e+04 5.550000000000000000e+02 1.787999987602233887e+00
1.384000000000000000e+03 5.312100000000000000e+04 6.270000000000000000e+02 1.891499996185302734e+00
1.046000000000000000e+03 5.246000000000000000e+04 4.490000000000000000e+02 2.065000057220458984e+00
1.383000000000000000e+03 5.311600000000000000e+04 2.780000000000000000e+02 1.723000049591064453e+00
3.982000000000000000e+03 5.533200000000000000e+04 2.800000000000000000e+02 1.937999963760375977e+00
4.987000000000000000e+03 5.574600000000000000e+04 9.870000000000000000e+02 2.118000030517578125e+00
6.040000000000000000e+03 5.610100000000000000e+04 2.120000000000000000e+02 2.173000097274780273e+00
1.041000000000000000e+03 5.272400000000000000e+04 6.340000000000000000e+02 1.827499985694885254e+00
6.120000000000000000e+02 5.207900000000000000e+04 1.370000000000000000e+02 1.853600025177001953e+00
5.600000000000000000e+02 5.229600000000000000e+04 4.990000000000000000e+02 1.724200010299682617e+00
6.160000000000000000e+02 5.244200000000000000e+04 3.110000000000000000e+02 1.799149990081787109e+00
1.047000000000000000e+03 5.273300000000000000e+04 4.060000000000000000e+02 1.991999983787536621e+00
6.180000000000000000e+02 5.204900000000000000e+04 2.840000000000000000e+02 1.754999995231628418e+00
9.319000000000000000e+03 5.804300000000000000e+04 7.970000000000000000e+02 2.071643114089965820e+00
6.030000000000000000e+03 5.609700000000000000e+04 8.760000000000000000e+02 2.137000083923339844e+00
1.283000000000000000e+03 5.276200000000000000e+04 4.580000000000000000e+02 1.713099956512451172e+00
6.791000000000000000e+03 5.642900000000000000e+04 9.380000000000000000e+02 2.165999889373779297e+00
9.730000000000000000e+02 5.242600000000000000e+04 1.340000000000000000e+02 1.950999975204467773e+00
8.540000000000000000e+03 5.828700000000000000e+04 6.170000000000000000e+02 2.129419088363647461e+00
7.382000000000000000e+03 5.699100000000000000e+04 2.500000000000000000e+01 2.029814004898071289e+00
4.461000000000000000e+03 5.588800000000000000e+04 2.750000000000000000e+02 1.738999962806701660e+00
8.877000000000000000e+03 5.778200000000000000e+04 5.240000000000000000e+02 1.886999964714050293e+00
7.339000000000000000e+03 5.679900000000000000e+04 6.280000000000000000e+02 1.934000015258789062e+00
7.930000000000000000e+02 5.237000000000000000e+04 3.810000000000000000e+02 1.917999982833862305e+00
6.492000000000000000e+03 5.636200000000000000e+04 5.960000000000000000e+02 1.817999958992004395e+00
4.624000000000000000e+03 5.565400000000000000e+04 2.090000000000000000e+02 1.743999958038330078e+00
4.964000000000000000e+03 5.574900000000000000e+04 9.900000000000000000e+02 1.817000031471252441e+00
1.397000000000000000e+03 5.311900000000000000e+04 4.730000000000000000e+02 1.752400040626525879e+00
1.384000000000000000e+03 5.312100000000000000e+04 4.130000000000000000e+02 1.784999966621398926e+00
7.088000000000000000e+03 5.665700000000000000e+04 5.000000000000000000e+01 1.960999965667724609e+00
7.950000000000000000e+02 5.237800000000000000e+04 1.930000000000000000e+02 1.876000046730041504e+00
6.063000000000000000e+03 5.609800000000000000e+04 2.680000000000000000e+02 2.072000026702880859e+00
1.283000000000000000e+03 5.276200000000000000e+04 4.410000000000000000e+02 2.123300075531005859e+00
1.072600000000000000e+04 5.819900000000000000e+04 7.470000000000000000e+02 1.814000010490417480e+00
8.426000000000000000e+03 5.822400000000000000e+04 5.330000000000000000e+02 1.760606050491333008e+00
1.091800000000000000e+04 5.825400000000000000e+04 1.500000000000000000e+02 1.891340017318725586e+00
8.396000000000000000e+03 5.783700000000000000e+04 8.720000000000000000e+02 1.821673035621643066e+00
1.977000000000000000e+03 5.347500000000000000e+04 5.000000000000000000e+01 1.720600008964538574e+00
5.580000000000000000e+02 5.231700000000000000e+04 5.780000000000000000e+02 1.901999950408935547e+00
2.008000000000000000e+03 5.347300000000000000e+04 5.650000000000000000e+02 1.756000041961669922e+00
4.988000000000000000e+03 5.582500000000000000e+04 5.150000000000000000e+02 2.108999967575073242e+00
2.234000000000000000e+03 5.382300000000000000e+04 5.290000000000000000e+02 1.705600023269653320e+00
1.075600000000000000e+04 5.822600000000000000e+04 5.030000000000000000e+02 1.871539950370788574e+00
1.048000000000000000e+03 5.273600000000000000e+04 1.640000000000000000e+02 1.730999946594238281e+00
9.620000000000000000e+02 5.262000000000000000e+04 1.890000000000000000e+02 1.924000024795532227e+00
8.871000000000000000e+03 5.751900000000000000e+04 9.260000000000000000e+02 2.051994562149047852e+00
8.171000000000000000e+03 5.713500000000000000e+04 8.600000000000000000e+02 1.888046979904174805e+00
1.378000000000000000e+03 5.306100000000000000e+04 1.630000000000000000e+02 1.774999976158142090e+00
1.006000000000000000e+03 5.270800000000000000e+04 4.970000000000000000e+02 2.153000116348266602e+00
1.281000000000000000e+03 5.275300000000000000e+04 6.300000000000000000e+02 1.914999961853027344e+00
9.410000000000000000e+02 5.270900000000000000e+04 4.890000000000000000e+02 1.700999975204467773e+00
1.644000000000000000e+03 5.314400000000000000e+04 6.400000000000000000e+01 1.758499979972839355e+00
3.980000000000000000e+03 5.533100000000000000e+04 4.920000000000000000e+02 1.792999982833862305e+00
6.035000000000000000e+03 5.607600000000000000e+04 8.020000000000000000e+02 1.932999968528747559e+00
8.414000000000000000e+03 5.784600000000000000e+04 7.080000000000000000e+02 1.864436030387878418e+00
7.721000000000000000e+03 5.736000000000000000e+04 4.120000000000000000e+02 1.837917089462280273e+00
1.352000000000000000e+03 5.281900000000000000e+04 8.000000000000000000e+01 1.759699940681457520e+00
8.870000000000000000e+02 5.237600000000000000e+04 4.070000000000000000e+02 2.040199995040893555e+00
8.497000000000000000e+03 5.816100000000000000e+04 3.160000000000000000e+02 1.894090056419372559e+00
1.214000000000000000e+03 5.273100000000000000e+04 2.330000000000000000e+02 2.020100116729736328e+00
4.996000000000000000e+03 5.572000000000000000e+04 8.680000000000000000e+02 1.843999981880187988e+00
8.435000000000000000e+03 5.748700000000000000e+04 6.000000000000000000e+01 1.883401036262512207e+00
8.505000000000000000e+03 5.783400000000000000e+04 8.090000000000000000e+02 1.895967960357666016e+00
1.784000000000000000e+03 5.442500000000000000e+04 4.020000000000000000e+02 2.101000070571899414e+00
7.292000000000000000e+03 5.670900000000000000e+04 8.100000000000000000e+02 1.709610939025878906e+00
1.418000000000000000e+03 5.314200000000000000e+04 5.680000000000000000e+02 1.775200009346008301e+00
6.720000000000000000e+03 5.639000000000000000e+04 9.000000000000000000e+01 2.096999883651733398e+00
7.338000000000000000e+03 5.671700000000000000e+04 8.510000000000000000e+02 1.860762953758239746e+00
8.510000000000000000e+03 5.784600000000000000e+04 4.870000000000000000e+02 1.704290032386779785e+00
7.306000000000000000e+03 5.668400000000000000e+04 3.600000000000000000e+01 1.809999942779541016e+00
1.276000000000000000e+03 5.303500000000000000e+04 5.500000000000000000e+01 1.868999958038330078e+00
1.135300000000000000e+04 5.846700000000000000e+04 7.650000000000000000e+02 1.960785031318664551e+00
8.054000000000000000e+03 5.719400000000000000e+04 3.500000000000000000e+02 2.101718902587890625e+00
6.691000000000000000e+03 5.641300000000000000e+04 9.620000000000000000e+02 2.184000015258789062e+00
6.719000000000000000e+03 5.639000000000000000e+04 7.580000000000000000e+02 2.197000026702880859e+00
8.419000000000000000e+03 5.824900000000000000e+04 5.780000000000000000e+02 1.934039950370788574e+00
8.301000000000000000e+03 5.739000000000000000e+04 9.370000000000000000e+02 2.102895021438598633e+00
8.526000000000000000e+03 5.789800000000000000e+04 5.040000000000000000e+02 1.901491999626159668e+00
8.208000000000000000e+03 5.743000000000000000e+04 2.000000000000000000e+01 2.038392066955566406e+00
1.644000000000000000e+03 5.314400000000000000e+04 6.400000000000000000e+01 1.758499979972839355e+00
2.088000000000000000e+03 5.349300000000000000e+04 4.400000000000000000e+01 1.794999957084655762e+00
8.167000000000000000e+03 5.707100000000000000e+04 6.520000000000000000e+02 1.888897657394409180e+00
8.196000000000000000e+03 5.734600000000000000e+04 6.620000000000000000e+02 1.944882988929748535e+00
1.056000000000000000e+03 5.276400000000000000e+04 2.130000000000000000e+02 1.759500026702880859e+00
7.406000000000000000e+03 5.680500000000000000e+04 9.450000000000000000e+02 1.820000052452087402e+00
1.287000000000000000e+03 5.272800000000000000e+04 5.670000000000000000e+02 1.779000043869018555e+00
3.987000000000000000e+03 5.559000000000000000e+04 9.580000000000000000e+02 1.853999972343444824e+00
6.755000000000000000e+03 5.641300000000000000e+04 2.000000000000000000e+00 1.781999945640563965e+00
1.993000000000000000e+03 5.376200000000000000e+04 2.830000000000000000e+02 2.016400098800659180e+00
9.345000000000000000e+03 5.771300000000000000e+04 8.790000000000000000e+02 1.715692996978759766e+00
2.031000000000000000e+03 5.384800000000000000e+04 2.750000000000000000e+02 2.005500078201293945e+00
1.074600000000000000e+04 5.825700000000000000e+04 6.270000000000000000e+02 2.039829969406127930e+00
1.165000000000000000e+03 5.270300000000000000e+04 2.270000000000000000e+02 1.771900057792663574e+00
8.426000000000000000e+03 5.822400000000000000e+04 8.780000000000000000e+02 1.733682036399841309e+00
1.286000000000000000e+03 5.272500000000000000e+04 4.210000000000000000e+02 1.719900012016296387e+00
9.040000000000000000e+02 5.238100000000000000e+04 1.490000000000000000e+02 1.778100013732910156e+00
8.417000000000000000e+03 5.817500000000000000e+04 7.080000000000000000e+02 2.179029941558837891e+00
5.812000000000000000e+03 5.635400000000000000e+04 3.240000000000000000e+02 1.853000044822692871e+00
9.460000000000000000e+02 5.240700000000000000e+04 4.310000000000000000e+02 1.897600054740905762e+00
9.610000000000000000e+02 5.261500000000000000e+04 4.510000000000000000e+02 1.751000046730041504e+00
8.848000000000000000e+03 5.787500000000000000e+04 1.860000000000000000e+02 1.925879001617431641e+00
6.701000000000000000e+03 5.636700000000000000e+04 4.550000000000000000e+02 1.950000047683715820e+00
2.101000000000000000e+03 5.385800000000000000e+04 7.600000000000000000e+01 1.923699975013732910e+00
1.678000000000000000e+03 5.343300000000000000e+04 5.400000000000000000e+01 1.907099962234497070e+00
8.876000000000000000e+03 5.778300000000000000e+04 9.490000000000000000e+02 2.010900020599365234e+00
7.108000000000000000e+03 5.668600000000000000e+04 9.540000000000000000e+02 2.148999929428100586e+00
4.707000000000000000e+03 5.565300000000000000e+04 8.940000000000000000e+02 1.735000014305114746e+00
6.704000000000000000e+03 5.638800000000000000e+04 4.080000000000000000e+02 1.855000019073486328e+00
9.600000000000000000e+02 5.242500000000000000e+04 2.040000000000000000e+02 1.774299979209899902e+00
5.802000000000000000e+03 5.630900000000000000e+04 3.600000000000000000e+01 1.771000027656555176e+00
7.915000000000000000e+03 5.730900000000000000e+04 6.910000000000000000e+02 1.725368261337280273e+00
6.795000000000000000e+03 5.642500000000000000e+04 7.440000000000000000e+02 1.705000042915344238e+00
1.073500000000000000e+04 5.825800000000000000e+04 3.200000000000000000e+02 1.884816050529479980e+00
9.030000000000000000e+02 5.240000000000000000e+04 6.030000000000000000e+02 1.729699969291687012e+00
9.365000000000000000e+03 5.774900000000000000e+04 9.550000000000000000e+02 1.782912969589233398e+00
1.347000000000000000e+03 5.282300000000000000e+04 6.390000000000000000e+02 1.700999975204467773e+00
5.737000000000000000e+03 5.638100000000000000e+04 3.600000000000000000e+02 1.899000048637390137e+00
6.049000000000000000e+03 5.609100000000000000e+04 8.060000000000000000e+02 1.817000031471252441e+00
7.418000000000000000e+03 5.716500000000000000e+04 2.380000000000000000e+02 1.814880013465881348e+00
8.529000000000000000e+03 5.801300000000000000e+04 3.050000000000000000e+02 1.961979985237121582e+00
8.411000000000000000e+03 5.787500000000000000e+04 6.210000000000000000e+02 2.017060995101928711e+00
6.210000000000000000e+02 5.205500000000000000e+04 2.840000000000000000e+02 1.769600033760070801e+00
4.960000000000000000e+03 5.574700000000000000e+04 7.000000000000000000e+02 2.108999967575073242e+00
8.165000000000000000e+03 5.737400000000000000e+04 6.680000000000000000e+02 1.767994523048400879e+00
1.042000000000000000e+03 5.272500000000000000e+04 3.830000000000000000e+02 1.725100040435791016e+00
7.288000000000000000e+03 5.703900000000000000e+04 6.900000000000000000e+01 1.791532993316650391e+00
1.945000000000000000e+03 5.338700000000000000e+04 1.570000000000000000e+02 1.747699975967407227e+00
1.072500000000000000e+04 5.825000000000000000e+04 5.820000000000000000e+02 2.131210088729858398e+00
1.461000000000000000e+03 5.306200000000000000e+04 3.130000000000000000e+02 2.134000062942504883e+00
6.661000000000000000e+03 5.636600000000000000e+04 8.060000000000000000e+02 1.776000022888183594e+00
7.620000000000000000e+03 5.690400000000000000e+04 4.700000000000000000e+02 1.726035952568054199e+00
8.514000000000000000e+03 5.817400000000000000e+04 2.800000000000000000e+01 2.012732982635498047e+00
1.337000000000000000e+03 5.276700000000000000e+04 1.520000000000000000e+02 1.950099945068359375e+00
6.644000000000000000e+03 5.638400000000000000e+04 1.680000000000000000e+02 1.871999979019165039e+00
6.663000000000000000e+03 5.633800000000000000e+04 2.620000000000000000e+02 2.075000047683715820e+00
6.638000000000000000e+03 5.637000000000000000e+04 8.760000000000000000e+02 1.988999962806701660e+00
6.700000000000000000e+03 5.638400000000000000e+04 4.080000000000000000e+02 2.161999940872192383e+00
6.679000000000000000e+03 5.640100000000000000e+04 7.600000000000000000e+01 1.792999982833862305e+00
5.500000000000000000e+02 5.195900000000000000e+04 4.260000000000000000e+02 1.710000038146972656e+00
1.158000000000000000e+03 5.266800000000000000e+04 3.950000000000000000e+02 2.049999952316284180e+00
6.689000000000000000e+03 5.639600000000000000e+04 7.280000000000000000e+02 1.819000005722045898e+00
7.761000000000000000e+03 5.807100000000000000e+04 3.330000000000000000e+02 2.066768884658813477e+00
4.698000000000000000e+03 5.562300000000000000e+04 5.400000000000000000e+01 1.820000052452087402e+00
5.188000000000000000e+03 5.580300000000000000e+04 8.700000000000000000e+01 2.003000020980834961e+00
1.211000000000000000e+03 5.296400000000000000e+04 4.500000000000000000e+01 1.937000036239624023e+00
5.805000000000000000e+03 5.633600000000000000e+04 2.580000000000000000e+02 1.858000040054321289e+00
8.536000000000000000e+03 5.801500000000000000e+04 2.460000000000000000e+02 1.778972029685974121e+00
1.215000000000000000e+03 5.272500000000000000e+04 3.750000000000000000e+02 2.058000087738037109e+00
6.649000000000000000e+03 5.636400000000000000e+04 3.420000000000000000e+02 1.870000004768371582e+00
8.382000000000000000e+03 5.751300000000000000e+04 6.430000000000000000e+02 1.852476954460144043e+00
5.811000000000000000e+03 5.633400000000000000e+04 6.980000000000000000e+02 1.873999953269958496e+00
6.838000000000000000e+03 5.642900000000000000e+04 9.470000000000000000e+02 1.858999967575073242e+00
8.159000000000000000e+03 5.706400000000000000e+04 6.480000000000000000e+02 1.724103331565856934e+00
2.036000000000000000e+03 5.344600000000000000e+04 4.680000000000000000e+02 1.741000056266784668e+00
2.021000000000000000e+03 5.347500000000000000e+04 1.660000000000000000e+02 1.732599973678588867e+00
1.940000000000000000e+03 5.338300000000000000e+04 1.520000000000000000e+02 1.818899989128112793e+00
6.634000000000000000e+03 5.636700000000000000e+04 1.810000000000000000e+02 1.733999967575073242e+00
2.021000000000000000e+03 5.347500000000000000e+04 2.210000000000000000e+02 1.758999943733215332e+00
7.756000000000000000e+03 5.839200000000000000e+04 6.640000000000000000e+02 1.817461967468261719e+00
7.298000000000000000e+03 5.666100000000000000e+04 7.660000000000000000e+02 2.119999885559082031e+00
8.880000000000000000e+02 5.233900000000000000e+04 2.910000000000000000e+02 1.720100045204162598e+00
6.706000000000000000e+03 5.638500000000000000e+04 5.310000000000000000e+02 1.855999946594238281e+00
7.880000000000000000e+02 5.233800000000000000e+04 7.500000000000000000e+01 1.776000022888183594e+00
8.192000000000000000e+03 5.734800000000000000e+04 9.110000000000000000e+02 1.761766672134399414e+00
1.128100000000000000e+04 5.842400000000000000e+04 1.020000000000000000e+02 2.012389898300170898e+00
7.670000000000000000e+03 5.732800000000000000e+04 2.490000000000000000e+02 1.790848970413208008e+00
8.847000000000000000e+03 5.742900000000000000e+04 4.540000000000000000e+02 1.754361987113952637e+00
1.313000000000000000e+03 5.279000000000000000e+04 2.240000000000000000e+02 1.898699998855590820e+00
1.023100000000000000e+04 5.817100000000000000e+04 8.450000000000000000e+02 1.860025048255920410e+00
7.391000000000000000e+03 5.678100000000000000e+04 6.740000000000000000e+02 1.792999982833862305e+00
4.558000000000000000e+03 5.556900000000000000e+04 8.000000000000000000e+01 2.151999950408935547e+00
8.056000000000000000e+03 5.718600000000000000e+04 4.980000000000000000e+02 1.884022951126098633e+00
9.610000000000000000e+02 5.261500000000000000e+04 3.700000000000000000e+01 1.724599957466125488e+00
5.140000000000000000e+03 5.583600000000000000e+04 2.780000000000000000e+02 1.875000000000000000e+00
8.164000000000000000e+03 5.712700000000000000e+04 3.400000000000000000e+01 1.763447046279907227e+00
7.869000000000000000e+03 5.701200000000000000e+04 3.690000000000000000e+02 1.778897047042846680e+00
8.835000000000000000e+03 5.742700000000000000e+04 3.610000000000000000e+02 1.704326033592224121e+00
3.853000000000000000e+03 5.526800000000000000e+04 4.550000000000000000e+02 1.955999970436096191e+00
7.679000000000000000e+03 5.736700000000000000e+04 3.420000000000000000e+02 1.911615729331970215e+00
1.026600000000000000e+04 5.846200000000000000e+04 5.460000000000000000e+02 1.858008980751037598e+00
1.038000000000000000e+03 5.267300000000000000e+04 4.920000000000000000e+02 1.840999960899353027e+00
2.117000000000000000e+03 5.411500000000000000e+04 4.910000000000000000e+02 1.875399947166442871e+00
4.079000000000000000e+03 5.536300000000000000e+04 6.520000000000000000e+02 2.198999881744384766e+00
1.018000000000000000e+03 5.267200000000000000e+04 8.000000000000000000e+01 1.745000004768371582e+00
2.002000000000000000e+03 5.347100000000000000e+04 5.100000000000000000e+02 1.724799990653991699e+00
7.611000000000000000e+03 5.694600000000000000e+04 5.920000000000000000e+02 1.975682020187377930e+00
5.174000000000000000e+03 5.604700000000000000e+04 1.000000000000000000e+00 2.095000028610229492e+00
1.108300000000000000e+04 5.851500000000000000e+04 1.200000000000000000e+02 1.764976978302001953e+00
4.688000000000000000e+03 5.600800000000000000e+04 7.200000000000000000e+02 1.962000012397766113e+00
6.453000000000000000e+03 5.636500000000000000e+04 7.400000000000000000e+02 1.840999960899353027e+00
8.163000000000000000e+03 5.704900000000000000e+04 8.820000000000000000e+02 2.130973100662231445e+00
1.045100000000000000e+04 5.814100000000000000e+04 9.980000000000000000e+02 2.114852905273437500e+00
1.111200000000000000e+04 5.842800000000000000e+04 9.340000000000000000e+02 1.744094967842102051e+00
7.421000000000000000e+03 5.715900000000000000e+04 7.200000000000000000e+02 2.018728017807006836e+00
7.280000000000000000e+03 5.670900000000000000e+04 7.640000000000000000e+02 1.766000032424926758e+00
7.583000000000000000e+03 5.695800000000000000e+04 4.540000000000000000e+02 1.792202949523925781e+00
8.160000000000000000e+03 5.707100000000000000e+04 1.840000000000000000e+02 1.896657943725585938e+00
6.700000000000000000e+03 5.638400000000000000e+04 7.120000000000000000e+02 1.751000046730041504e+00
8.760000000000000000e+03 5.767200000000000000e+04 4.370000000000000000e+02 1.739091992378234863e+00
1.129600000000000000e+04 5.842500000000000000e+04 8.330000000000000000e+02 2.015531063079833984e+00
1.107100000000000000e+04 5.842900000000000000e+04 9.250000000000000000e+02 1.774358034133911133e+00
1.026700000000000000e+04 5.822300000000000000e+04 8.960000000000000000e+02 1.871446013450622559e+00
1.197000000000000000e+03 5.266800000000000000e+04 6.380000000000000000e+02 1.879999995231628418e+00
9.393000000000000000e+03 5.810000000000000000e+04 1.000000000000000000e+01 1.867179989814758301e+00
1.453000000000000000e+03 5.308400000000000000e+04 4.710000000000000000e+02 1.833999991416931152e+00
1.870000000000000000e+03 5.338300000000000000e+04 2.300000000000000000e+02 1.731099963188171387e+00
7.725000000000000000e+03 5.815800000000000000e+04 1.440000000000000000e+02 1.859923005104064941e+00
9.362000000000000000e+03 5.780100000000000000e+04 5.600000000000000000e+01 1.760234951972961426e+00
3.860000000000000000e+02 5.178800000000000000e+04 4.860000000000000000e+02 1.843999981880187988e+00
7.607000000000000000e+03 5.690200000000000000e+04 1.400000000000000000e+02 2.099436998367309570e+00
8.516000000000000000e+03 5.822000000000000000e+04 1.490000000000000000e+02 1.834957957267761230e+00
9.376000000000000000e+03 5.807200000000000000e+04 5.070000000000000000e+02 1.704187989234924316e+00
7.297000000000000000e+03 5.704000000000000000e+04 5.940000000000000000e+02 1.715227007865905762e+00
8.877000000000000000e+03 5.778200000000000000e+04 7.780000000000000000e+02 1.792490005493164062e+00
1.105100000000000000e+04 5.851000000000000000e+04 2.110000000000000000e+02 1.839388966560363770e+00
1.074900000000000000e+04 5.848500000000000000e+04 6.180000000000000000e+02 1.866330027580261230e+00
1.276000000000000000e+03 5.303500000000000000e+04 6.310000000000000000e+02 2.109999895095825195e+00
7.587000000000000000e+03 5.729700000000000000e+04 2.020000000000000000e+02 1.922621965408325195e+00
1.838000000000000000e+03 5.346700000000000000e+04 4.770000000000000000e+02 1.810199975967407227e+00
3.754000000000000000e+03 5.548800000000000000e+04 5.200000000000000000e+02 2.141999959945678711e+00
8.745000000000000000e+03 5.739100000000000000e+04 3.600000000000000000e+01 1.769390940666198730e+00
1.026800000000000000e+04 5.848700000000000000e+04 7.880000000000000000e+02 1.961017012596130371e+00
9.169000000000000000e+03 5.806900000000000000e+04 6.980000000000000000e+02 1.739483952522277832e+00
9.396000000000000000e+03 5.810100000000000000e+04 5.250000000000000000e+02 1.721562027931213379e+00
1.132900000000000000e+04 5.842600000000000000e+04 8.080000000000000000e+02 1.790210008621215820e+00
7.859000000000000000e+03 5.728200000000000000e+04 4.700000000000000000e+02 1.794155955314636230e+00
7.652000000000000000e+03 5.757900000000000000e+04 1.760000000000000000e+02 1.958935022354125977e+00
7.577000000000000000e+03 5.694400000000000000e+04 7.470000000000000000e+02 1.783310055732727051e+00
7.634000000000000000e+03 5.693500000000000000e+04 9.400000000000000000e+01 2.016302108764648438e+00
7.841000000000000000e+03 5.696000000000000000e+04 9.850000000000000000e+02 1.737890005111694336e+00
7.607000000000000000e+03 5.690200000000000000e+04 4.240000000000000000e+02 1.996147990226745605e+00
7.756000000000000000e+03 5.839200000000000000e+04 4.860000000000000000e+02 1.921242952346801758e+00
9.330000000000000000e+02 5.264200000000000000e+04 3.630000000000000000e+02 1.756800055503845215e+00
6.672000000000000000e+03 5.638600000000000000e+04 3.080000000000000000e+02 1.779000043869018555e+00
7.616000000000000000e+03 5.690200000000000000e+04 3.640000000000000000e+02 1.907873988151550293e+00
5.712000000000000000e+03 5.660200000000000000e+04 2.640000000000000000e+02 2.003999948501586914e+00
9.353000000000000000e+03 5.781400000000000000e+04 4.880000000000000000e+02 1.844249963760375977e+00
6.688000000000000000e+03 5.641200000000000000e+04 9.900000000000000000e+02 1.848000049591064453e+00
7.861000000000000000e+03 5.728100000000000000e+04 5.070000000000000000e+02 1.857658982276916504e+00
7.578000000000000000e+03 5.695600000000000000e+04 8.100000000000000000e+02 1.788844943046569824e+00
5.729000000000000000e+03 5.659800000000000000e+04 9.210000000000000000e+02 1.858999967575073242e+00
7.311000000000000000e+03 5.703800000000000000e+04 1.000000000000000000e+02 2.128431081771850586e+00
7.741000000000000000e+03 5.807800000000000000e+04 6.150000000000000000e+02 1.995533943176269531e+00
9.363000000000000000e+03 5.774200000000000000e+04 5.700000000000000000e+01 1.928681969642639160e+00
1.105100000000000000e+04 5.851000000000000000e+04 2.220000000000000000e+02 1.832538962364196777e+00
7.833000000000000000e+03 5.728600000000000000e+04 2.280000000000000000e+02 1.723912000656127930e+00
7.627000000000000000e+03 5.693300000000000000e+04 5.410000000000000000e+02 1.812912940979003906e+00
9.166000000000000000e+03 5.805100000000000000e+04 4.400000000000000000e+01 1.781859993934631348e+00
