1.459000000000000000e+03 5.311700000000000000e+04 4.000000000000000000e+00 1.910799980163574219e+00
8.398000000000000000e+03 5.787000000000000000e+04 7.280000000000000000e+02 1.858450055122375488e+00
5.189000000000000000e+03 5.607400000000000000e+04 6.000000000000000000e+00 1.981999993324279785e+00
7.582000000000000000e+03 5.696000000000000000e+04 6.520000000000000000e+02 1.959413528442382812e+00
4.687000000000000000e+03 5.636900000000000000e+04 9.660000000000000000e+02 2.183965921401977539e+00
6.723000000000000000e+03 5.642800000000000000e+04 7.550000000000000000e+02 2.174000024795532227e+00
8.234000000000000000e+03 5.745000000000000000e+04 8.900000000000000000e+01 1.916857004165649414e+00
7.872000000000000000e+03 5.727900000000000000e+04 2.830000000000000000e+02 2.056118965148925781e+00
7.914000000000000000e+03 5.733100000000000000e+04 1.900000000000000000e+01 1.963727951049804688e+00
7.960000000000000000e+02 5.240100000000000000e+04 5.900000000000000000e+02 1.929999947547912598e+00
6.663000000000000000e+03 5.633800000000000000e+04 5.760000000000000000e+02 1.879484057426452637e+00
8.877000000000000000e+03 5.778200000000000000e+04 5.240000000000000000e+02 1.886999964714050293e+00
8.067000000000000000e+03 5.825300000000000000e+04 3.840000000000000000e+02 1.948186993598937988e+00
1.010000000000000000e+03 5.264900000000000000e+04 4.220000000000000000e+02 1.901000022888183594e+00
1.047000000000000000e+03 5.273300000000000000e+04 2.640000000000000000e+02 1.886600017547607422e+00
9.890000000000000000e+02 5.246800000000000000e+04 5.380000000000000000e+02 1.940999984741210938e+00
6.150000000000000000e+02 5.234700000000000000e+04 5.070000000000000000e+02 1.901000022888183594e+00
8.178000000000000000e+03 5.742800000000000000e+04 2.580000000000000000e+02 2.116386890411376953e+00
1.129300000000000000e+04 5.846200000000000000e+04 7.260000000000000000e+02 1.853850007057189941e+00
2.031000000000000000e+03 5.384800000000000000e+04 1.080000000000000000e+02 1.884500026702880859e+00
7.904000000000000000e+03 5.735800000000000000e+04 8.680000000000000000e+02 1.861826658248901367e+00
8.532000000000000000e+03 5.802200000000000000e+04 9.930000000000000000e+02 1.832144975662231445e+00
8.541000000000000000e+03 5.825700000000000000e+04 4.250000000000000000e+02 1.845983028411865234e+00
5.166000000000000000e+03 5.606500000000000000e+04 5.320000000000000000e+02 1.860000014305114746e+00
6.052000000000000000e+03 5.609200000000000000e+04 9.800000000000000000e+02 1.825000047683715820e+00
6.648000000000000000e+03 5.638300000000000000e+04 9.960000000000000000e+02 1.817999958992004395e+00
6.636000000000000000e+03 5.636700000000000000e+04 8.060000000000000000e+02 1.968000054359436035e+00
1.384000000000000000e+03 5.312100000000000000e+04 6.270000000000000000e+02 1.891499996185302734e+00
1.046000000000000000e+03 5.246000000000000000e+04 4.490000000000000000e+02 2.065000057220458984e+00
3.982000000000000000e+03 5.533200000000000000e+04 2.800000000000000000e+02 1.937999963760375977e+00
4.987000000000000000e+03 5.574600000000000000e+04 9.870000000000000000e+02 2.118000030517578125e+00
6.040000000000000000e+03 5.610100000000000000e+04 2.120000000000000000e+02 2.173000097274780273e+00
1.041000000000000000e+03 5.272400000000000000e+04 6.340000000000000000e+02 1.827499985694885254e+00
6.120000000000000000e+02 5.207900000000000000e+04 1.370000000000000000e+02 1.853600025177001953e+00
1.047000000000000000e+03 5.273300000000000000e+04 4.060000000000000000e+02 1.991999983787536621e+00
9.319000000000000000e+03 5.804300000000000000e+04 7.970000000000000000e+02 2.071643114089965820e+00
6.030000000000000000e+03 5.609700000000000000e+04 8.760000000000000000e+02 2.137000083923339844e+00
6.791000000000000000e+03 5.642900000000000000e+04 9.380000000000000000e+02 2.165999889373779297e+00
9.730000000000000000e+02 5.242600000000000000e+04 1.340000000000000000e+02 1.950999975204467773e+00
8.540000000000000000e+03 5.828700000000000000e+04 6.170000000000000000e+02 2.129419088363647461e+00
7.382000000000000000e+03 5.699100000000000000e+04 2.500000000000000000e+01 2.029814004898071289e+00
8.877000000000000000e+03 5.778200000000000000e+04 5.240000000000000000e+02 1.886999964714050293e+00
7.339000000000000000e+03 5.679900000000000000e+04 6.280000000000000000e+02 1.934000015258789062e+00
7.930000000000000000e+02 5.237000000000000000e+04 3.810000000000000000e+02 1.917999982833862305e+00
6.492000000000000000e+03 5.636200000000000000e+04 5.960000000000000000e+02 1.817999958992004395e+00
4.964000000000000000e+03 5.574900000000000000e+04 9.900000000000000000e+02 1.817000031471252441e+00
6.797000000000000000e+03 5.642600000000000000e+04 2.200000000000000000e+01 2.265000104904174805e+00
7.088000000000000000e+03 5.665700000000000000e+04 5.000000000000000000e+01 1.960999965667724609e+00
7.950000000000000000e+02 5.237800000000000000e+04 1.930000000000000000e+02 1.876000046730041504e+00
6.063000000000000000e+03 5.609800000000000000e+04 2.680000000000000000e+02 2.072000026702880859e+00
1.283000000000000000e+03 5.276200000000000000e+04 4.410000000000000000e+02 2.123300075531005859e+00
1.072600000000000000e+04 5.819900000000000000e+04 7.470000000000000000e+02 1.814000010490417480e+00
1.091800000000000000e+04 5.825400000000000000e+04 1.500000000000000000e+02 1.891340017318725586e+00
8.396000000000000000e+03 5.783700000000000000e+04 8.720000000000000000e+02 1.821673035621643066e+00
5.580000000000000000e+02 5.231700000000000000e+04 5.780000000000000000e+02 1.901999950408935547e+00
4.988000000000000000e+03 5.582500000000000000e+04 5.150000000000000000e+02 2.108999967575073242e+00
1.075600000000000000e+04 5.822600000000000000e+04 5.030000000000000000e+02 1.871539950370788574e+00
9.620000000000000000e+02 5.262000000000000000e+04 1.890000000000000000e+02 1.924000024795532227e+00
8.871000000000000000e+03 5.751900000000000000e+04 9.260000000000000000e+02 2.051994562149047852e+00
8.171000000000000000e+03 5.713500000000000000e+04 8.600000000000000000e+02 1.888046979904174805e+00
5.955000000000000000e+03 5.645600000000000000e+04 1.440000000000000000e+02 2.267999887466430664e+00
1.006000000000000000e+03 5.270800000000000000e+04 4.970000000000000000e+02 2.153000116348266602e+00
1.281000000000000000e+03 5.275300000000000000e+04 6.300000000000000000e+02 1.914999961853027344e+00
4.709000000000000000e+03 5.572000000000000000e+04 7.280000000000000000e+02 2.236999988555908203e+00
6.035000000000000000e+03 5.607600000000000000e+04 8.020000000000000000e+02 1.932999968528747559e+00
8.414000000000000000e+03 5.784600000000000000e+04 7.080000000000000000e+02 1.864436030387878418e+00
7.721000000000000000e+03 5.736000000000000000e+04 4.120000000000000000e+02 1.837917089462280273e+00
4.964000000000000000e+03 5.574900000000000000e+04 9.540000000000000000e+02 2.269000053405761719e+00
8.870000000000000000e+02 5.237600000000000000e+04 4.070000000000000000e+02 2.040199995040893555e+00
8.497000000000000000e+03 5.816100000000000000e+04 3.160000000000000000e+02 1.894090056419372559e+00
1.214000000000000000e+03 5.273100000000000000e+04 2.330000000000000000e+02 2.020100116729736328e+00
4.996000000000000000e+03 5.572000000000000000e+04 8.680000000000000000e+02 1.843999981880187988e+00
8.435000000000000000e+03 5.748700000000000000e+04 6.000000000000000000e+01 1.883401036262512207e+00
8.505000000000000000e+03 5.783400000000000000e+04 8.090000000000000000e+02 1.895967960357666016e+00
1.784000000000000000e+03 5.442500000000000000e+04 4.020000000000000000e+02 2.101000070571899414e+00
6.626000000000000000e+03 5.633000000000000000e+04 6.170000000000000000e+02 2.237999916076660156e+00
6.720000000000000000e+03 5.639000000000000000e+04 9.000000000000000000e+01 2.096999883651733398e+00
7.338000000000000000e+03 5.671700000000000000e+04 8.510000000000000000e+02 1.860762953758239746e+00
7.306000000000000000e+03 5.668400000000000000e+04 3.600000000000000000e+01 1.809999942779541016e+00
1.276000000000000000e+03 5.303500000000000000e+04 5.500000000000000000e+01 1.868999958038330078e+00
1.135300000000000000e+04 5.846700000000000000e+04 7.650000000000000000e+02 1.960785031318664551e+00
8.054000000000000000e+03 5.719400000000000000e+04 3.500000000000000000e+02 2.101718902587890625e+00
6.691000000000000000e+03 5.641300000000000000e+04 9.620000000000000000e+02 2.184000015258789062e+00
6.719000000000000000e+03 5.639000000000000000e+04 7.580000000000000000e+02 2.197000026702880859e+00
8.419000000000000000e+03 5.824900000000000000e+04 5.780000000000000000e+02 1.934039950370788574e+00
8.301000000000000000e+03 5.739000000000000000e+04 9.370000000000000000e+02 2.102895021438598633e+00
8.526000000000000000e+03 5.789800000000000000e+04 5.040000000000000000e+02 1.901491999626159668e+00
8.208000000000000000e+03 5.743000000000000000e+04 2.000000000000000000e+01 2.038392066955566406e+00
8.167000000000000000e+03 5.707100000000000000e+04 6.520000000000000000e+02 1.888897657394409180e+00
8.196000000000000000e+03 5.734600000000000000e+04 6.620000000000000000e+02 1.944882988929748535e+00
7.406000000000000000e+03 5.680500000000000000e+04 9.450000000000000000e+02 1.820000052452087402e+00
7.409000000000000000e+03 5.680900000000000000e+04 8.380000000000000000e+02 2.203000068664550781e+00
7.101000000000000000e+03 5.665900000000000000e+04 7.000000000000000000e+02 2.288000106811523438e+00
3.987000000000000000e+03 5.559000000000000000e+04 9.580000000000000000e+02 1.853999972343444824e+00
1.993000000000000000e+03 5.376200000000000000e+04 2.830000000000000000e+02 2.016400098800659180e+00
2.031000000000000000e+03 5.384800000000000000e+04 2.750000000000000000e+02 2.005500078201293945e+00
1.074600000000000000e+04 5.825700000000000000e+04 6.270000000000000000e+02 2.039829969406127930e+00
8.417000000000000000e+03 5.817500000000000000e+04 7.080000000000000000e+02 2.179029941558837891e+00
5.812000000000000000e+03 5.635400000000000000e+04 3.240000000000000000e+02 1.853000044822692871e+00
9.460000000000000000e+02 5.240700000000000000e+04 4.310000000000000000e+02 1.897600054740905762e+00
8.848000000000000000e+03 5.787500000000000000e+04 1.860000000000000000e+02 1.925879001617431641e+00
6.701000000000000000e+03 5.636700000000000000e+04 4.550000000000000000e+02 1.950000047683715820e+00
4.643000000000000000e+03 5.594600000000000000e+04 1.000000000000000000e+01 2.247999906539916992e+00
2.101000000000000000e+03 5.385800000000000000e+04 7.600000000000000000e+01 1.923699975013732910e+00
1.678000000000000000e+03 5.343300000000000000e+04 5.400000000000000000e+01 1.907099962234497070e+00
5.174000000000000000e+03 5.604700000000000000e+04 3.000000000000000000e+02 2.296000003814697266e+00
8.876000000000000000e+03 5.778300000000000000e+04 9.490000000000000000e+02 2.010900020599365234e+00
7.108000000000000000e+03 5.668600000000000000e+04 9.540000000000000000e+02 2.148999929428100586e+00
6.704000000000000000e+03 5.638800000000000000e+04 4.080000000000000000e+02 1.855000019073486328e+00
1.073500000000000000e+04 5.825800000000000000e+04 3.200000000000000000e+02 1.884816050529479980e+00
5.737000000000000000e+03 5.638100000000000000e+04 3.600000000000000000e+02 1.899000048637390137e+00
6.049000000000000000e+03 5.609100000000000000e+04 8.060000000000000000e+02 1.817000031471252441e+00
7.418000000000000000e+03 5.716500000000000000e+04 2.380000000000000000e+02 1.814880013465881348e+00
6.619000000000000000e+03 5.637100000000000000e+04 6.280000000000000000e+02 2.250999927520751953e+00
8.529000000000000000e+03 5.801300000000000000e+04 3.050000000000000000e+02 1.961979985237121582e+00
8.411000000000000000e+03 5.787500000000000000e+04 6.210000000000000000e+02 2.017060995101928711e+00
4.960000000000000000e+03 5.574700000000000000e+04 7.000000000000000000e+02 2.108999967575073242e+00
5.741000000000000000e+03 5.598000000000000000e+04 6.400000000000000000e+02 2.256999969482421875e+00
1.072500000000000000e+04 5.825000000000000000e+04 5.820000000000000000e+02 2.131210088729858398e+00
4.195000000000000000e+03 5.545200000000000000e+04 4.240000000000000000e+02 2.220999956130981445e+00
1.461000000000000000e+03 5.306200000000000000e+04 3.130000000000000000e+02 2.134000062942504883e+00
1.072200000000000000e+04 5.828100000000000000e+04 3.770000000000000000e+02 2.236694097518920898e+00
8.514000000000000000e+03 5.817400000000000000e+04 2.800000000000000000e+01 2.012732982635498047e+00
1.337000000000000000e+03 5.276700000000000000e+04 1.520000000000000000e+02 1.950099945068359375e+00
6.644000000000000000e+03 5.638400000000000000e+04 1.680000000000000000e+02 1.871999979019165039e+00
6.663000000000000000e+03 5.633800000000000000e+04 2.620000000000000000e+02 2.075000047683715820e+00
6.638000000000000000e+03 5.637000000000000000e+04 8.760000000000000000e+02 1.988999962806701660e+00
6.700000000000000000e+03 5.638400000000000000e+04 4.080000000000000000e+02 2.161999940872192383e+00
1.158000000000000000e+03 5.266800000000000000e+04 3.950000000000000000e+02 2.049999952316284180e+00
6.689000000000000000e+03 5.639600000000000000e+04 7.280000000000000000e+02 1.819000005722045898e+00
7.761000000000000000e+03 5.807100000000000000e+04 3.330000000000000000e+02 2.066768884658813477e+00
9.174000000000000000e+03 5.807000000000000000e+04 8.640000000000000000e+02 2.225519895553588867e+00
4.698000000000000000e+03 5.562300000000000000e+04 5.400000000000000000e+01 1.820000052452087402e+00
5.188000000000000000e+03 5.580300000000000000e+04 8.700000000000000000e+01 2.003000020980834961e+00
1.211000000000000000e+03 5.296400000000000000e+04 4.500000000000000000e+01 1.937000036239624023e+00
5.805000000000000000e+03 5.633600000000000000e+04 2.580000000000000000e+02 1.858000040054321289e+00
1.215000000000000000e+03 5.272500000000000000e+04 3.750000000000000000e+02 2.058000087738037109e+00
6.649000000000000000e+03 5.636400000000000000e+04 3.420000000000000000e+02 1.870000004768371582e+00
8.382000000000000000e+03 5.751300000000000000e+04 6.430000000000000000e+02 1.852476954460144043e+00
5.811000000000000000e+03 5.633400000000000000e+04 6.980000000000000000e+02 1.873999953269958496e+00
6.838000000000000000e+03 5.642900000000000000e+04 9.470000000000000000e+02 1.858999967575073242e+00
1.940000000000000000e+03 5.338300000000000000e+04 1.520000000000000000e+02 1.818899989128112793e+00
7.756000000000000000e+03 5.839200000000000000e+04 6.640000000000000000e+02 1.817461967468261719e+00
7.298000000000000000e+03 5.666100000000000000e+04 7.660000000000000000e+02 2.119999885559082031e+00
6.706000000000000000e+03 5.638500000000000000e+04 5.310000000000000000e+02 1.855999946594238281e+00
1.128100000000000000e+04 5.842400000000000000e+04 1.020000000000000000e+02 2.012389898300170898e+00
1.313000000000000000e+03 5.279000000000000000e+04 2.240000000000000000e+02 1.898699998855590820e+00
1.023100000000000000e+04 5.817100000000000000e+04 8.450000000000000000e+02 1.860025048255920410e+00
4.558000000000000000e+03 5.556900000000000000e+04 8.000000000000000000e+01 2.151999950408935547e+00
4.974000000000000000e+03 5.603800000000000000e+04 8.020000000000000000e+02 2.213000059127807617e+00
8.056000000000000000e+03 5.718600000000000000e+04 4.980000000000000000e+02 1.884022951126098633e+00
5.140000000000000000e+03 5.583600000000000000e+04 2.780000000000000000e+02 1.875000000000000000e+00
5.813000000000000000e+03 5.636300000000000000e+04 7.360000000000000000e+02 2.278000116348266602e+00
3.853000000000000000e+03 5.526800000000000000e+04 4.550000000000000000e+02 1.955999970436096191e+00
7.679000000000000000e+03 5.736700000000000000e+04 3.420000000000000000e+02 1.911615729331970215e+00
1.026600000000000000e+04 5.846200000000000000e+04 5.460000000000000000e+02 1.858008980751037598e+00
1.038000000000000000e+03 5.267300000000000000e+04 4.920000000000000000e+02 1.840999960899353027e+00
2.117000000000000000e+03 5.411500000000000000e+04 4.910000000000000000e+02 1.875399947166442871e+00
4.079000000000000000e+03 5.536300000000000000e+04 6.520000000000000000e+02 2.198999881744384766e+00
7.611000000000000000e+03 5.694600000000000000e+04 5.920000000000000000e+02 1.975682020187377930e+00
5.174000000000000000e+03 5.604700000000000000e+04 1.000000000000000000e+00 2.095000028610229492e+00
6.686000000000000000e+03 5.638900000000000000e+04 6.960000000000000000e+02 2.269000053405761719e+00
4.688000000000000000e+03 5.600800000000000000e+04 7.200000000000000000e+02 1.962000012397766113e+00
6.453000000000000000e+03 5.636500000000000000e+04 7.400000000000000000e+02 1.840999960899353027e+00
8.163000000000000000e+03 5.704900000000000000e+04 8.820000000000000000e+02 2.130973100662231445e+00
1.045100000000000000e+04 5.814100000000000000e+04 9.980000000000000000e+02 2.114852905273437500e+00
6.745000000000000000e+03 5.642500000000000000e+04 8.200000000000000000e+01 2.232000112533569336e+00
7.421000000000000000e+03 5.715900000000000000e+04 7.200000000000000000e+02 2.018728017807006836e+00
5.715000000000000000e+03 5.665700000000000000e+04 6.800000000000000000e+01 2.229000091552734375e+00
8.160000000000000000e+03 5.707100000000000000e+04 1.840000000000000000e+02 1.896657943725585938e+00
1.129600000000000000e+04 5.842500000000000000e+04 8.330000000000000000e+02 2.015531063079833984e+00
1.026700000000000000e+04 5.822300000000000000e+04 8.960000000000000000e+02 1.871446013450622559e+00
1.197000000000000000e+03 5.266800000000000000e+04 6.380000000000000000e+02 1.879999995231628418e+00
9.393000000000000000e+03 5.810000000000000000e+04 1.000000000000000000e+01 1.867179989814758301e+00
1.453000000000000000e+03 5.308400000000000000e+04 4.710000000000000000e+02 1.833999991416931152e+00
7.725000000000000000e+03 5.815800000000000000e+04 1.440000000000000000e+02 1.859923005104064941e+00
3.860000000000000000e+02 5.178800000000000000e+04 4.860000000000000000e+02 1.843999981880187988e+00
7.607000000000000000e+03 5.690200000000000000e+04 1.400000000000000000e+02 2.099436998367309570e+00
8.516000000000000000e+03 5.822000000000000000e+04 1.490000000000000000e+02 1.834957957267761230e+00
1.105100000000000000e+04 5.851000000000000000e+04 2.110000000000000000e+02 1.839388966560363770e+00
1.074900000000000000e+04 5.848500000000000000e+04 6.180000000000000000e+02 1.866330027580261230e+00
1.276000000000000000e+03 5.303500000000000000e+04 6.310000000000000000e+02 2.109999895095825195e+00
7.587000000000000000e+03 5.729700000000000000e+04 2.020000000000000000e+02 1.922621965408325195e+00
1.838000000000000000e+03 5.346700000000000000e+04 4.770000000000000000e+02 1.810199975967407227e+00
3.754000000000000000e+03 5.548800000000000000e+04 5.200000000000000000e+02 2.141999959945678711e+00
4.404000000000000000e+03 5.551300000000000000e+04 6.320000000000000000e+02 2.265000104904174805e+00
1.026800000000000000e+04 5.848700000000000000e+04 7.880000000000000000e+02 1.961017012596130371e+00
9.172000000000000000e+03 5.801500000000000000e+04 1.100000000000000000e+02 2.231029987335205078e+00
7.652000000000000000e+03 5.757900000000000000e+04 1.760000000000000000e+02 1.958935022354125977e+00
7.634000000000000000e+03 5.693500000000000000e+04 9.400000000000000000e+01 2.016302108764648438e+00
7.607000000000000000e+03 5.690200000000000000e+04 4.240000000000000000e+02 1.996147990226745605e+00
7.756000000000000000e+03 5.839200000000000000e+04 4.860000000000000000e+02 1.921242952346801758e+00
9.309000000000000000e+03 5.807400000000000000e+04 8.600000000000000000e+02 2.229820013046264648e+00
7.616000000000000000e+03 5.690200000000000000e+04 3.640000000000000000e+02 1.907873988151550293e+00
4.228000000000000000e+03 5.548400000000000000e+04 6.800000000000000000e+01 2.278000116348266602e+00
5.712000000000000000e+03 5.660200000000000000e+04 2.640000000000000000e+02 2.003999948501586914e+00
9.353000000000000000e+03 5.781400000000000000e+04 4.880000000000000000e+02 1.844249963760375977e+00
6.688000000000000000e+03 5.641200000000000000e+04 9.900000000000000000e+02 1.848000049591064453e+00
7.861000000000000000e+03 5.728100000000000000e+04 5.070000000000000000e+02 1.857658982276916504e+00
5.729000000000000000e+03 5.659800000000000000e+04 9.210000000000000000e+02 1.858999967575073242e+00
7.311000000000000000e+03 5.703800000000000000e+04 1.000000000000000000e+02 2.128431081771850586e+00
7.051000000000000000e+03 5.657400000000000000e+04 6.320000000000000000e+02 2.214999914169311523e+00
7.741000000000000000e+03 5.807800000000000000e+04 6.150000000000000000e+02 1.995533943176269531e+00
9.363000000000000000e+03 5.774200000000000000e+04 5.700000000000000000e+01 1.928681969642639160e+00
1.105100000000000000e+04 5.851000000000000000e+04 2.220000000000000000e+02 1.832538962364196777e+00
7.627000000000000000e+03 5.693300000000000000e+04 5.410000000000000000e+02 1.812912940979003906e+00
