8.203000000000000000e+03 5.742800000000000000e+04 8.090000000000000000e+02 1.220000013709068298e-01
8.855000000000000000e+03 5.778000000000000000e+04 6.940000000000000000e+02 1.351712942123413086e-01
1.667000000000000000e+03 5.343000000000000000e+04 5.370000000000000000e+02 9.188017249107360840e-02
1.328000000000000000e+03 5.278600000000000000e+04 3.210000000000000000e+02 1.410000026226043701e-01
8.536000000000000000e+03 5.801500000000000000e+04 1.950000000000000000e+02 1.354447007179260254e-01
8.287000000000000000e+03 5.740100000000000000e+04 2.280000000000000000e+02 1.780000030994415283e-01
1.027600000000000000e+04 5.822500000000000000e+04 3.080000000000000000e+02 1.458598971366882324e-01
8.877000000000000000e+03 5.778200000000000000e+04 6.020000000000000000e+02 1.720000058412551880e-01
8.533000000000000000e+03 5.801700000000000000e+04 9.880000000000000000e+02 1.741033047437667847e-01
7.315000000000000000e+03 5.668500000000000000e+04 9.580000000000000000e+02 1.598284989595413208e-01
9.050000000000000000e+02 5.264300000000000000e+04 3.690000000000000000e+02 1.166850998997688293e-01
6.280000000000000000e+02 5.208300000000000000e+04 3.100000000000000000e+02 1.411093026399612427e-01
8.390000000000000000e+03 5.748500000000000000e+04 4.580000000000000000e+02 1.819999963045120239e-01
9.560000000000000000e+02 5.240100000000000000e+04 9.000000000000000000e+00 1.979999989271163940e-01
7.290000000000000000e+03 5.707300000000000000e+04 2.920000000000000000e+02 1.599999964237213135e-01
8.390000000000000000e+03 5.748500000000000000e+04 4.400000000000000000e+01 1.609999984502792358e-01
9.500000000000000000e+02 5.237800000000000000e+04 1.820000000000000000e+02 1.178513988852500916e-01
9.720000000000000000e+02 5.243500000000000000e+04 5.200000000000000000e+02 9.399999678134918213e-02
7.667000000000000000e+03 5.758000000000000000e+04 1.780000000000000000e+02 1.571626961231231689e-01
1.173000000000000000e+03 5.279000000000000000e+04 2.180000000000000000e+02 1.150000020861625671e-01
8.427000000000000000e+03 5.784600000000000000e+04 7.900000000000000000e+01 1.490000039339065552e-01
8.160000000000000000e+03 5.707100000000000000e+04 7.640000000000000000e+02 1.070561334490776062e-01
1.273000000000000000e+03 5.299300000000000000e+04 4.580000000000000000e+02 1.360000073909759521e-01
1.042000000000000000e+03 5.272500000000000000e+04 5.920000000000000000e+02 1.356119066476821899e-01
9.470000000000000000e+02 5.241100000000000000e+04 4.890000000000000000e+02 1.885889023542404175e-01
7.416000000000000000e+03 5.681000000000000000e+04 3.310000000000000000e+02 1.500000059604644775e-01
6.150000000000000000e+02 5.234700000000000000e+04 5.670000000000000000e+02 1.599999964237213135e-01
8.222000000000000000e+03 5.743100000000000000e+04 5.610000000000000000e+02 1.620000004768371582e-01
2.006000000000000000e+03 5.347600000000000000e+04 6.180000000000000000e+02 1.860000044107437134e-01
6.839000000000000000e+03 5.642500000000000000e+04 7.600000000000000000e+02 1.290939003229141235e-01
2.093000000000000000e+03 5.381800000000000000e+04 6.180000000000000000e+02 1.200921982526779175e-01
9.760000000000000000e+02 5.241300000000000000e+04 6.190000000000000000e+02 1.010000035166740417e-01
6.080000000000000000e+02 5.208100000000000000e+04 2.240000000000000000e+02 1.333768069744110107e-01
1.280000000000000000e+03 5.273800000000000000e+04 6.010000000000000000e+02 5.499999970197677612e-02
1.338000000000000000e+03 5.276500000000000000e+04 4.850000000000000000e+02 7.500000298023223877e-02
6.290000000000000000e+02 5.205100000000000000e+04 1.300000000000000000e+01 1.759999990463256836e-01
1.171000000000000000e+03 5.275300000000000000e+04 1.100000000000000000e+01 8.313685655593872070e-02
1.046000000000000000e+03 5.246000000000000000e+04 6.260000000000000000e+02 1.700000017881393433e-01
1.677000000000000000e+03 5.314800000000000000e+04 1.500000000000000000e+01 1.503511071205139160e-01
1.047000000000000000e+03 5.273300000000000000e+04 3.550000000000000000e+02 1.659999936819076538e-01
6.120000000000000000e+02 5.207900000000000000e+04 4.560000000000000000e+02 1.640000045299530029e-01
7.604000000000000000e+03 5.694700000000000000e+04 4.300000000000000000e+02 1.418247967958450317e-01
7.294000000000000000e+03 5.673900000000000000e+04 9.570000000000000000e+02 1.619302928447723389e-01
2.016000000000000000e+03 5.379900000000000000e+04 8.600000000000000000e+01 1.946741044521331787e-01
2.033000000000000000e+03 5.347600000000000000e+04 7.300000000000000000e+01 1.469763964414596558e-01
8.200000000000000000e+02 5.243800000000000000e+04 6.000000000000000000e+02 9.799999743700027466e-02
6.330000000000000000e+02 5.207900000000000000e+04 2.850000000000000000e+02 1.809999942779541016e-01
9.480000000000000000e+02 5.242800000000000000e+04 4.540000000000000000e+02 7.100000232458114624e-02
9.362000000000000000e+03 5.780100000000000000e+04 7.720000000000000000e+02 1.335197985172271729e-01
1.026800000000000000e+04 5.848700000000000000e+04 5.600000000000000000e+02 1.669999957084655762e-01
1.349000000000000000e+03 5.279700000000000000e+04 1.850000000000000000e+02 1.609999984502792358e-01
1.165000000000000000e+03 5.270300000000000000e+04 4.300000000000000000e+02 1.930000036954879761e-01
1.105900000000000000e+04 5.851500000000000000e+04 4.410000000000000000e+02 1.114929988980293274e-01
1.398000000000000000e+03 5.314600000000000000e+04 4.090000000000000000e+02 1.239999979734420776e-01
1.377000000000000000e+03 5.305000000000000000e+04 5.540000000000000000e+02 1.599999964237213135e-01
1.165000000000000000e+03 5.270300000000000000e+04 4.240000000000000000e+02 7.457046955823898315e-02
6.668000000000000000e+03 5.660500000000000000e+04 2.500000000000000000e+02 1.550000011920928955e-01
8.290000000000000000e+02 5.229600000000000000e+04 2.750000000000000000e+02 1.517000049352645874e-01
1.951000000000000000e+03 5.338900000000000000e+04 3.490000000000000000e+02 1.430000066757202148e-01
7.940000000000000000e+02 5.237600000000000000e+04 1.090000000000000000e+02 1.609999984502792358e-01
8.201000000000000000e+03 5.814600000000000000e+04 9.970000000000000000e+02 1.239999979734420776e-01
1.430000000000000000e+03 5.300200000000000000e+04 1.580000000000000000e+02 6.400000303983688354e-02
1.956000000000000000e+03 5.343700000000000000e+04 3.680000000000000000e+02 1.187999993562698364e-01
6.220000000000000000e+02 5.205400000000000000e+04 2.410000000000000000e+02 1.250000000000000000e-01
1.377000000000000000e+03 5.305000000000000000e+04 1.890000000000000000e+02 1.319999992847442627e-01
1.312000000000000000e+03 5.278100000000000000e+04 1.210000000000000000e+02 5.081370100378990173e-02
6.703000000000000000e+03 5.663600000000000000e+04 1.340000000000000000e+02 1.969999969005584717e-01
8.418000000000000000e+03 5.819900000000000000e+04 8.520000000000000000e+02 1.885976940393447876e-01
8.220000000000000000e+03 5.743200000000000000e+04 6.500000000000000000e+02 1.560000032186508179e-01
6.270000000000000000e+02 5.214400000000000000e+04 1.510000000000000000e+02 1.659999936819076538e-01
1.950000000000000000e+03 5.343600000000000000e+04 2.650000000000000000e+02 1.955008953809738159e-01
1.131800000000000000e+04 5.841900000000000000e+04 9.820000000000000000e+02 8.595336228609085083e-02
1.377000000000000000e+03 5.305000000000000000e+04 4.040000000000000000e+02 1.640000045299530029e-01
9.390000000000000000e+02 5.263600000000000000e+04 1.050000000000000000e+02 1.508395969867706299e-01
6.170000000000000000e+02 5.207200000000000000e+04 2.450000000000000000e+02 1.439999938011169434e-01
1.420000000000000000e+03 5.314600000000000000e+04 5.810000000000000000e+02 1.360000073909759521e-01
6.870000000000000000e+02 5.251800000000000000e+04 4.000000000000000000e+01 1.422417014837265015e-01
1.347000000000000000e+03 5.282300000000000000e+04 4.450000000000000000e+02 1.729999929666519165e-01
1.054000000000000000e+03 5.251600000000000000e+04 4.170000000000000000e+02 1.168906986713409424e-01
1.159000000000000000e+03 5.266900000000000000e+04 5.260000000000000000e+02 1.270000040531158447e-01
2.007000000000000000e+03 5.347400000000000000e+04 2.050000000000000000e+02 1.227423995733261108e-01
1.333000000000000000e+03 5.278200000000000000e+04 3.590000000000000000e+02 7.289999723434448242e-02
1.428000000000000000e+03 5.299800000000000000e+04 4.970000000000000000e+02 1.441673934459686279e-01
8.834000000000000000e+03 5.745800000000000000e+04 4.470000000000000000e+02 1.940000057220458984e-01
1.985000000000000000e+03 5.343100000000000000e+04 5.000000000000000000e+01 1.759999990463256836e-01
1.672000000000000000e+03 5.346000000000000000e+04 6.190000000000000000e+02 1.800000071525573730e-01
7.910000000000000000e+02 5.243500000000000000e+04 5.110000000000000000e+02 1.052000001072883606e-01
7.885000000000000000e+03 5.733600000000000000e+04 9.860000000000000000e+02 1.375434398651123047e-01
1.683000000000000000e+03 5.343600000000000000e+04 2.670000000000000000e+02 1.190000027418136597e-01
5.510000000000000000e+02 5.199300000000000000e+04 5.520000000000000000e+02 1.263687014579772949e-01
1.156500000000000000e+04 5.850700000000000000e+04 1.360000000000000000e+02 1.633338928222656250e-01
9.460000000000000000e+02 5.240700000000000000e+04 3.400000000000000000e+01 1.969999969005584717e-01
7.860000000000000000e+02 5.231900000000000000e+04 2.010000000000000000e+02 9.899999946355819702e-02
1.286000000000000000e+03 5.272500000000000000e+04 5.980000000000000000e+02 1.500000059604644775e-01
8.832000000000000000e+03 5.744500000000000000e+04 1.400000000000000000e+02 1.770000010728836060e-01
6.150000000000000000e+02 5.234700000000000000e+04 2.760000000000000000e+02 1.870000064373016357e-01
7.301000000000000000e+03 5.674600000000000000e+04 5.640000000000000000e+02 1.245274022221565247e-01
8.288000000000000000e+03 5.741900000000000000e+04 8.630000000000000000e+02 1.630364507436752319e-01
2.033000000000000000e+03 5.347600000000000000e+04 5.700000000000000000e+01 1.889999955892562866e-01
8.580000000000000000e+02 5.231600000000000000e+04 1.040000000000000000e+02 8.215571194887161255e-02
6.250000000000000000e+02 5.214500000000000000e+04 3.100000000000000000e+01 1.280000060796737671e-01
7.618000000000000000e+03 5.689800000000000000e+04 6.300000000000000000e+02 1.791407018899917603e-01
1.332000000000000000e+03 5.278100000000000000e+04 1.960000000000000000e+02 1.679999977350234985e-01
1.439000000000000000e+03 5.300300000000000000e+04 6.220000000000000000e+02 9.399999678134918213e-02
1.333000000000000000e+03 5.278200000000000000e+04 5.520000000000000000e+02 3.700000047683715820e-02
7.305000000000000000e+03 5.699100000000000000e+04 8.330000000000000000e+02 1.860000044107437134e-01
1.026800000000000000e+04 5.848700000000000000e+04 1.440000000000000000e+02 1.654749065637588501e-01
7.339000000000000000e+03 5.672200000000000000e+04 7.270000000000000000e+02 1.640000045299530029e-01
6.726000000000000000e+03 5.639400000000000000e+04 2.960000000000000000e+02 7.599999755620956421e-02
2.022000000000000000e+03 5.382700000000000000e+04 2.240000000000000000e+02 1.588400006294250488e-01
7.930000000000000000e+02 5.237000000000000000e+04 1.700000000000000000e+01 1.949999928474426270e-01
2.014000000000000000e+03 5.346000000000000000e+04 3.760000000000000000e+02 1.180000007152557373e-01
6.313000000000000000e+03 5.646000000000000000e+04 1.860000000000000000e+02 1.785272061824798584e-01
1.282000000000000000e+03 5.275900000000000000e+04 9.600000000000000000e+01 1.539999991655349731e-01
1.212000000000000000e+03 5.270300000000000000e+04 6.120000000000000000e+02 1.074128970503807068e-01
7.620000000000000000e+03 5.690400000000000000e+04 6.030000000000000000e+02 1.485219448804855347e-01
5.793000000000000000e+03 5.633700000000000000e+04 9.940000000000000000e+02 1.620000004768371582e-01
8.505000000000000000e+03 5.783400000000000000e+04 5.200000000000000000e+02 1.669999957084655762e-01
1.956000000000000000e+03 5.343700000000000000e+04 3.000000000000000000e+01 8.900424093008041382e-02
7.717000000000000000e+03 5.810000000000000000e+04 9.230000000000000000e+02 1.919645965099334717e-01
2.032000000000000000e+03 5.381500000000000000e+04 2.200000000000000000e+02 6.683187186717987061e-02
8.543000000000000000e+03 5.754200000000000000e+04 3.040000000000000000e+02 1.123277992010116577e-01
8.865000000000000000e+03 5.742600000000000000e+04 6.200000000000000000e+02 1.711649894714355469e-01
1.668000000000000000e+03 5.343300000000000000e+04 2.390000000000000000e+02 1.469999998807907104e-01
1.467000000000000000e+03 5.311500000000000000e+04 6.020000000000000000e+02 1.889999955892562866e-01
1.461000000000000000e+03 5.306200000000000000e+04 2.500000000000000000e+01 1.389999985694885254e-01
1.275000000000000000e+03 5.299600000000000000e+04 4.000000000000000000e+00 1.800000071525573730e-01
7.854000000000000000e+03 5.698900000000000000e+04 5.000000000000000000e+02 1.618535965681076050e-01
1.072700000000000000e+04 5.819700000000000000e+04 4.980000000000000000e+02 1.879999935626983643e-01
1.374000000000000000e+03 5.308300000000000000e+04 1.780000000000000000e+02 1.330000013113021851e-01
6.320000000000000000e+02 5.207100000000000000e+04 3.090000000000000000e+02 1.010000035166740417e-01
1.274000000000000000e+03 5.299500000000000000e+04 4.920000000000000000e+02 1.850000023841857910e-01
6.270000000000000000e+02 5.214400000000000000e+04 5.080000000000000000e+02 1.770000010728836060e-01
1.951000000000000000e+03 5.338900000000000000e+04 6.600000000000000000e+01 1.443599015474319458e-01
9.610000000000000000e+02 5.261500000000000000e+04 1.680000000000000000e+02 9.332896769046783447e-02
1.075900000000000000e+04 5.852600000000000000e+04 3.440000000000000000e+02 1.840000003576278687e-01
1.971000000000000000e+03 5.347200000000000000e+04 4.940000000000000000e+02 1.171184033155441284e-01
1.374000000000000000e+03 5.308300000000000000e+04 2.810000000000000000e+02 1.770000010728836060e-01
2.020000000000000000e+03 5.343100000000000000e+04 5.140000000000000000e+02 8.403419703245162964e-02
5.570000000000000000e+02 5.225300000000000000e+04 3.980000000000000000e+02 1.850000023841857910e-01
1.158000000000000000e+03 5.266800000000000000e+04 2.100000000000000000e+01 1.360000073909759521e-01
1.283000000000000000e+03 5.276200000000000000e+04 5.090000000000000000e+02 1.780000030994415283e-01
9.400000000000000000e+02 5.267000000000000000e+04 3.740000000000000000e+02 1.309999972581863403e-01
1.294000000000000000e+03 5.275300000000000000e+04 3.890000000000000000e+02 1.539999991655349731e-01
1.288000000000000000e+03 5.273100000000000000e+04 4.300000000000000000e+02 1.250000000000000000e-01
1.162000000000000000e+03 5.266800000000000000e+04 6.300000000000000000e+01 1.049999967217445374e-01
1.338000000000000000e+03 5.276500000000000000e+04 5.510000000000000000e+02 1.840000003576278687e-01
1.075000000000000000e+04 5.819900000000000000e+04 6.660000000000000000e+02 1.459999978542327881e-01
8.170000000000000000e+02 5.238100000000000000e+04 1.160000000000000000e+02 1.439999938011169434e-01
2.032000000000000000e+03 5.381500000000000000e+04 5.170000000000000000e+02 1.950691044330596924e-01
1.076300000000000000e+04 5.839500000000000000e+04 3.090000000000000000e+02 1.630240976810455322e-01
1.989000000000000000e+03 5.377200000000000000e+04 3.170000000000000000e+02 1.658902019262313843e-01
1.006000000000000000e+03 5.270800000000000000e+04 6.100000000000000000e+01 1.496984064579010010e-01
1.293000000000000000e+03 5.276500000000000000e+04 1.020000000000000000e+02 1.969999969005584717e-01
8.276000000000000000e+03 5.706700000000000000e+04 7.950000000000000000e+02 1.920000016689300537e-01
6.270000000000000000e+02 5.214400000000000000e+04 3.610000000000000000e+02 1.899999976158142090e-01
9.410000000000000000e+02 5.270900000000000000e+04 5.670000000000000000e+02 1.515896022319793701e-01
2.031000000000000000e+03 5.384800000000000000e+04 3.840000000000000000e+02 1.615445017814636230e-01
1.014000000000000000e+03 5.270700000000000000e+04 2.500000000000000000e+01 1.853516995906829834e-01
1.294000000000000000e+03 5.275300000000000000e+04 7.400000000000000000e+01 1.650000065565109253e-01
1.676000000000000000e+03 5.314700000000000000e+04 4.400000000000000000e+02 1.220000013709068298e-01
1.734000000000000000e+03 5.303400000000000000e+04 3.210000000000000000e+02 1.024397984147071838e-01
1.438000000000000000e+03 5.305400000000000000e+04 1.270000000000000000e+02 1.224279031157493591e-01
2.109000000000000000e+03 5.346800000000000000e+04 6.400000000000000000e+01 8.900000154972076416e-02
6.170000000000000000e+02 5.207200000000000000e+04 1.300000000000000000e+02 1.720000058412551880e-01
1.465000000000000000e+03 5.308200000000000000e+04 5.340000000000000000e+02 8.637510985136032104e-02
4.526000000000000000e+03 5.555900000000000000e+04 2.600000000000000000e+02 1.899999976158142090e-01
9.390000000000000000e+02 5.263600000000000000e+04 4.830000000000000000e+02 1.420000046491622925e-01
6.309000000000000000e+03 5.648500000000000000e+04 3.080000000000000000e+02 1.459999978542327881e-01
1.401000000000000000e+03 5.314400000000000000e+04 1.590000000000000000e+02 1.570000052452087402e-01
9.030000000000000000e+02 5.240000000000000000e+04 6.210000000000000000e+02 1.293569952249526978e-01
8.055000000000000000e+03 5.718700000000000000e+04 8.190000000000000000e+02 1.986135840415954590e-01
8.065000000000000000e+03 5.824800000000000000e+04 2.000000000000000000e+01 1.301348954439163208e-01
1.955000000000000000e+03 5.344200000000000000e+04 5.450000000000000000e+02 1.113526970148086548e-01
2.021000000000000000e+03 5.347500000000000000e+04 2.700000000000000000e+01 1.400098949670791626e-01
1.046000000000000000e+03 5.246000000000000000e+04 2.800000000000000000e+01 1.990000009536743164e-01
8.756000000000000000e+03 5.768700000000000000e+04 8.500000000000000000e+02 1.649454981088638306e-01
8.055000000000000000e+03 5.718700000000000000e+04 2.020000000000000000e+02 1.935463547706604004e-01
7.687000000000000000e+03 5.700700000000000000e+04 9.740000000000000000e+02 7.144095003604888916e-02
2.090000000000000000e+03 5.346300000000000000e+04 8.700000000000000000e+01 1.599999964237213135e-01
4.390000000000000000e+02 5.187700000000000000e+04 1.000000000000000000e+01 1.832468062639236450e-01
2.108000000000000000e+03 5.347300000000000000e+04 1.250000000000000000e+02 1.875799000263214111e-01
1.401000000000000000e+03 5.314400000000000000e+04 4.530000000000000000e+02 1.589999943971633911e-01
7.307000000000000000e+03 5.672000000000000000e+04 7.350000000000000000e+02 1.979999989271163940e-01
1.047000000000000000e+03 5.273300000000000000e+04 4.790000000000000000e+02 1.070000007748603821e-01
2.107000000000000000e+03 5.378600000000000000e+04 2.430000000000000000e+02 7.578440010547637939e-02
8.174000000000000000e+03 5.737400000000000000e+04 7.380000000000000000e+02 1.369999945163726807e-01
3.920000000000000000e+02 5.179300000000000000e+04 2.970000000000000000e+02 9.172478318214416504e-02
1.984000000000000000e+03 5.343300000000000000e+04 6.090000000000000000e+02 1.790000051259994507e-01
8.140000000000000000e+02 5.244300000000000000e+04 2.080000000000000000e+02 1.625130027532577515e-01
8.850000000000000000e+02 5.237900000000000000e+04 3.000000000000000000e+00 6.700000166893005371e-02
6.170000000000000000e+02 5.207200000000000000e+04 6.340000000000000000e+02 1.780000030994415283e-01
8.065000000000000000e+03 5.824800000000000000e+04 8.670000000000000000e+02 8.321175724267959595e-02
1.289000000000000000e+03 5.273400000000000000e+04 9.700000000000000000e+01 1.790000051259994507e-01
2.213000000000000000e+03 5.379200000000000000e+04 9.000000000000000000e+00 1.671631932258605957e-01
1.044000000000000000e+03 5.246800000000000000e+04 9.100000000000000000e+01 1.070000007748603821e-01
8.068000000000000000e+03 5.718500000000000000e+04 2.980000000000000000e+02 1.766958981752395630e-01
1.072300000000000000e+04 5.828700000000000000e+04 7.680000000000000000e+02 1.511162072420120239e-01
2.971000000000000000e+03 5.459000000000000000e+04 4.170000000000000000e+02 1.709772050380706787e-01
6.394000000000000000e+03 5.633000000000000000e+04 2.200000000000000000e+02 1.473806947469711304e-01
1.318000000000000000e+03 5.278100000000000000e+04 1.610000000000000000e+02 7.199999690055847168e-02
1.371000000000000000e+03 5.282100000000000000e+04 3.730000000000000000e+02 1.113950014114379883e-01
9.470000000000000000e+02 5.241100000000000000e+04 3.020000000000000000e+02 1.260000020265579224e-01
1.287000000000000000e+03 5.272800000000000000e+04 3.560000000000000000e+02 1.169999986886978149e-01
1.455000000000000000e+03 5.308900000000000000e+04 5.770000000000000000e+02 8.399999886751174927e-02
1.398000000000000000e+03 5.314600000000000000e+04 3.730000000000000000e+02 1.509999930858612061e-01
1.198000000000000000e+03 5.266900000000000000e+04 3.640000000000000000e+02 1.519999951124191284e-01
1.018000000000000000e+03 5.267200000000000000e+04 4.520000000000000000e+02 8.980547636747360229e-02
1.323000000000000000e+03 5.279700000000000000e+04 2.840000000000000000e+02 1.609999984502792358e-01
8.535000000000000000e+03 5.801900000000000000e+04 8.480000000000000000e+02 1.739683002233505249e-01
7.603000000000000000e+03 5.696000000000000000e+04 6.130000000000000000e+02 1.286832690238952637e-01
8.300000000000000000e+02 5.229300000000000000e+04 2.750000000000000000e+02 1.347265988588333130e-01
5.420000000000000000e+02 5.199300000000000000e+04 5.600000000000000000e+02 1.320720016956329346e-01
2.972000000000000000e+03 5.458600000000000000e+04 2.530000000000000000e+02 7.789547741413116455e-02
9.030000000000000000e+02 5.240000000000000000e+04 5.980000000000000000e+02 1.739999949932098389e-01
8.061000000000000000e+03 5.825300000000000000e+04 6.960000000000000000e+02 1.931791007518768311e-01
1.072300000000000000e+04 5.828700000000000000e+04 9.180000000000000000e+02 1.712000072002410889e-01
1.938000000000000000e+03 5.337900000000000000e+04 1.980000000000000000e+02 1.456169933080673218e-01
9.500000000000000000e+02 5.237800000000000000e+04 6.190000000000000000e+02 1.981960982084274292e-01
1.461000000000000000e+03 5.306200000000000000e+04 2.830000000000000000e+02 1.609999984502792358e-01
8.738000000000000000e+03 5.740200000000000000e+04 8.590000000000000000e+02 1.361609250307083130e-01
8.164000000000000000e+03 5.712700000000000000e+04 5.780000000000000000e+02 1.589999943971633911e-01
7.770000000000000000e+03 5.804400000000000000e+04 9.130000000000000000e+02 1.025327965617179871e-01
8.168000000000000000e+03 5.699200000000000000e+04 7.740000000000000000e+02 1.134805008769035339e-01
9.425000000000000000e+03 5.811200000000000000e+04 2.220000000000000000e+02 1.537764072418212891e-01
8.363000000000000000e+03 5.814000000000000000e+04 1.320000000000000000e+02 1.589623987674713135e-01
1.465000000000000000e+03 5.308200000000000000e+04 4.980000000000000000e+02 1.542661935091018677e-01
7.309000000000000000e+03 5.699100000000000000e+04 3.000000000000000000e+02 1.589999943971633911e-01
1.287000000000000000e+03 5.272800000000000000e+04 3.650000000000000000e+02 1.379598975181579590e-01
9.445000000000000000e+03 5.809700000000000000e+04 3.720000000000000000e+02 1.020850017666816711e-01
7.610000000000000000e+02 5.452400000000000000e+04 7.100000000000000000e+01 1.263166964054107666e-01
2.001000000000000000e+03 5.349300000000000000e+04 3.160000000000000000e+02 1.871995031833648682e-01
1.995000000000000000e+03 5.341500000000000000e+04 4.280000000000000000e+02 1.653258055448532104e-01
1.053000000000000000e+03 5.246800000000000000e+04 5.930000000000000000e+02 1.414292007684707642e-01
7.421000000000000000e+03 5.715900000000000000e+04 3.200000000000000000e+02 1.630000025033950806e-01
7.611000000000000000e+03 5.694600000000000000e+04 8.000000000000000000e+00 1.038997545838356018e-01
7.900000000000000000e+02 5.244100000000000000e+04 2.300000000000000000e+02 1.113447025418281555e-01
1.289000000000000000e+03 5.273400000000000000e+04 1.020000000000000000e+02 1.589999943971633911e-01
1.129400000000000000e+04 5.845100000000000000e+04 6.540000000000000000e+02 1.217876970767974854e-01
1.329000000000000000e+03 5.276700000000000000e+04 1.490000000000000000e+02 1.640000045299530029e-01
1.213000000000000000e+03 5.297200000000000000e+04 3.830000000000000000e+02 1.609999984502792358e-01
1.377000000000000000e+03 5.305000000000000000e+04 5.420000000000000000e+02 1.669999957084655762e-01
1.319000000000000000e+03 5.279100000000000000e+04 3.450000000000000000e+02 1.560000032186508179e-01
8.754000000000000000e+03 5.842500000000000000e+04 2.300000000000000000e+02 1.467599570751190186e-01
1.129300000000000000e+04 5.846200000000000000e+04 2.260000000000000000e+02 1.363050937652587891e-01
6.318000000000000000e+03 5.618600000000000000e+04 8.750000000000000000e+02 1.289999932050704956e-01
6.260000000000000000e+02 5.205700000000000000e+04 5.060000000000000000e+02 1.710000038146972656e-01
8.286000000000000000e+03 5.706200000000000000e+04 5.530000000000000000e+02 1.950455605983734131e-01
1.339000000000000000e+03 5.276700000000000000e+04 4.660000000000000000e+02 1.850000023841857910e-01
8.760000000000000000e+03 5.767200000000000000e+04 3.980000000000000000e+02 1.285524070262908936e-01
8.507000000000000000e+03 5.787800000000000000e+04 7.900000000000000000e+02 1.381400972604751587e-01
2.004000000000000000e+03 5.373700000000000000e+04 4.250000000000000000e+02 1.303038001060485840e-01
1.212000000000000000e+03 5.270300000000000000e+04 1.720000000000000000e+02 1.381759941577911377e-01
1.163000000000000000e+03 5.266900000000000000e+04 3.920000000000000000e+02 1.550000011920928955e-01
1.677000000000000000e+03 5.314800000000000000e+04 4.890000000000000000e+02 1.239999979734420776e-01
1.286000000000000000e+03 5.272500000000000000e+04 4.650000000000000000e+02 1.506513953208923340e-01
1.428000000000000000e+03 5.299800000000000000e+04 5.650000000000000000e+02 1.369262039661407471e-01
7.690000000000000000e+02 5.453000000000000000e+04 2.980000000000000000e+02 8.505365252494812012e-02
1.050000000000000000e+03 5.272100000000000000e+04 5.000000000000000000e+02 1.990000009536743164e-01
8.720000000000000000e+02 5.233900000000000000e+04 3.720000000000000000e+02 1.990000009536743164e-01
2.350000000000000000e+03 5.376500000000000000e+04 5.300000000000000000e+02 9.768988937139511108e-02
9.070000000000000000e+02 5.237300000000000000e+04 4.190000000000000000e+02 7.400000095367431641e-02
8.838000000000000000e+03 5.787000000000000000e+04 3.170000000000000000e+02 1.777745038270950317e-01
3.980000000000000000e+02 5.178900000000000000e+04 1.420000000000000000e+02 9.009204059839248657e-02
1.216000000000000000e+03 5.270900000000000000e+04 2.140000000000000000e+02 1.517232060432434082e-01
9.608000000000000000e+03 5.813700000000000000e+04 8.570000000000000000e+02 1.819999963045120239e-01
1.048000000000000000e+03 5.273600000000000000e+04 6.600000000000000000e+01 8.399999886751174927e-02
1.137900000000000000e+04 5.843800000000000000e+04 5.060000000000000000e+02 1.689016073942184448e-01
4.350000000000000000e+02 5.188200000000000000e+04 9.400000000000000000e+01 1.466902941465377808e-01
6.250000000000000000e+02 5.214500000000000000e+04 5.060000000000000000e+02 1.913031041622161865e-01
1.781000000000000000e+03 5.329700000000000000e+04 4.200000000000000000e+01 3.854057937860488892e-02
8.830000000000000000e+02 5.243000000000000000e+04 6.000000000000000000e+01 1.717368960380554199e-01
6.260000000000000000e+02 5.205700000000000000e+04 4.390000000000000000e+02 1.490000039339065552e-01
6.220000000000000000e+02 5.205400000000000000e+04 3.000000000000000000e+01 1.840000003576278687e-01
9.356000000000000000e+03 5.780900000000000000e+04 2.100000000000000000e+02 1.790000051259994507e-01
1.091300000000000000e+04 5.825600000000000000e+04 5.830000000000000000e+02 1.199999973177909851e-01
8.856000000000000000e+03 5.745300000000000000e+04 4.900000000000000000e+02 1.429865062236785889e-01
1.289000000000000000e+03 5.273400000000000000e+04 5.800000000000000000e+02 1.650000065565109253e-01
3.970000000000000000e+02 5.179400000000000000e+04 3.380000000000000000e+02 9.263840317726135254e-02
1.349000000000000000e+03 5.279700000000000000e+04 2.630000000000000000e+02 1.400000005960464478e-01
1.448000000000000000e+03 5.312000000000000000e+04 4.850000000000000000e+02 1.302662044763565063e-01
2.037000000000000000e+03 5.344600000000000000e+04 1.500000000000000000e+01 1.185387000441551208e-01
1.365000000000000000e+03 5.306200000000000000e+04 2.270000000000000000e+02 1.439999938011169434e-01
1.050000000000000000e+03 5.272100000000000000e+04 5.840000000000000000e+02 1.759999990463256836e-01
7.652000000000000000e+03 5.757900000000000000e+04 4.140000000000000000e+02 6.584764271974563599e-02
1.027000000000000000e+04 5.848800000000000000e+04 9.150000000000000000e+02 1.469999998807907104e-01
1.027200000000000000e+04 5.817200000000000000e+04 5.590000000000000000e+02 1.689999997615814209e-01
8.297000000000000000e+03 5.741600000000000000e+04 5.310000000000000000e+02 1.767871975898742676e-01
1.396000000000000000e+03 5.311200000000000000e+04 2.360000000000000000e+02 1.930000036954879761e-01
2.358000000000000000e+03 5.379700000000000000e+04 3.100000000000000000e+02 1.671489030122756958e-01
1.312000000000000000e+03 5.278100000000000000e+04 1.060000000000000000e+02 1.183212026953697205e-01
8.067000000000000000e+03 5.825300000000000000e+04 5.270000000000000000e+02 1.797637045383453369e-01
7.661000000000000000e+03 5.728600000000000000e+04 9.910000000000000000e+02 6.563997268676757812e-02
1.675000000000000000e+03 5.346600000000000000e+04 1.000000000000000000e+01 1.749999970197677612e-01
6.180000000000000000e+02 5.204900000000000000e+04 3.940000000000000000e+02 1.360000073909759521e-01
8.538000000000000000e+03 5.754900000000000000e+04 7.130000000000000000e+02 1.117746010422706604e-01
7.716000000000000000e+03 5.809700000000000000e+04 6.920000000000000000e+02 1.142674013972282410e-01
1.322000000000000000e+03 5.279100000000000000e+04 3.260000000000000000e+02 1.439999938011169434e-01
1.156500000000000000e+04 5.850700000000000000e+04 4.320000000000000000e+02 8.705216646194458008e-02
2.091000000000000000e+03 5.344700000000000000e+04 5.470000000000000000e+02 1.448000073432922363e-01
1.074000000000000000e+04 5.822300000000000000e+04 5.470000000000000000e+02 1.640000045299530029e-01
8.300000000000000000e+02 5.229300000000000000e+04 3.750000000000000000e+02 1.369999945163726807e-01
8.398000000000000000e+03 5.787000000000000000e+04 9.080000000000000000e+02 1.749999970197677612e-01
1.358000000000000000e+03 5.299400000000000000e+04 8.500000000000000000e+01 1.150000020861625671e-01
6.180000000000000000e+02 5.204900000000000000e+04 2.210000000000000000e+02 1.406999975442886353e-01
1.375000000000000000e+03 5.308400000000000000e+04 3.300000000000000000e+02 1.819999963045120239e-01
1.779000000000000000e+03 5.308900000000000000e+04 5.940000000000000000e+02 1.701211035251617432e-01
7.394000000000000000e+03 5.713100000000000000e+04 9.860000000000000000e+02 1.630000025033950806e-01
7.830000000000000000e+03 5.704300000000000000e+04 4.490000000000000000e+02 1.819999963045120239e-01
1.107300000000000000e+04 5.845100000000000000e+04 5.720000000000000000e+02 1.568607985973358154e-01
1.014000000000000000e+03 5.270700000000000000e+04 4.000000000000000000e+01 1.630000025033950806e-01
1.107100000000000000e+04 5.842900000000000000e+04 4.100000000000000000e+02 1.492581963539123535e-01
1.871000000000000000e+03 5.338400000000000000e+04 1.780000000000000000e+02 1.397043019533157349e-01
4.500000000000000000e+02 5.190800000000000000e+04 1.000000000000000000e+02 1.420000046491622925e-01
3.730000000000000000e+02 5.178800000000000000e+04 2.590000000000000000e+02 9.799999743700027466e-02
1.156100000000000000e+04 5.848500000000000000e+04 3.080000000000000000e+02 9.484322369098663330e-02
1.954000000000000000e+03 5.335700000000000000e+04 5.500000000000000000e+01 1.909999996423721313e-01
7.622000000000000000e+03 5.698700000000000000e+04 5.920000000000000000e+02 1.842499226331710815e-01
1.589000000000000000e+03 5.297200000000000000e+04 2.010000000000000000e+02 1.459999978542327881e-01
1.283000000000000000e+03 5.276200000000000000e+04 2.500000000000000000e+02 1.850000023841857910e-01
8.498000000000000000e+03 5.710500000000000000e+04 9.270000000000000000e+02 1.938239187002182007e-01
1.107700000000000000e+04 5.843300000000000000e+04 1.550000000000000000e+02 1.232922002673149109e-01
9.323000000000000000e+03 5.804700000000000000e+04 5.100000000000000000e+01 1.986590027809143066e-01
7.704000000000000000e+03 5.757200000000000000e+04 3.990000000000000000e+02 1.192468032240867615e-01
8.428000000000000000e+03 5.783700000000000000e+04 4.720000000000000000e+02 1.749999970197677612e-01
7.920000000000000000e+02 5.235300000000000000e+04 2.090000000000000000e+02 1.449999958276748657e-01
7.339000000000000000e+03 5.672200000000000000e+04 8.260000000000000000e+02 1.933217942714691162e-01
7.658000000000000000e+03 5.731200000000000000e+04 7.020000000000000000e+02 1.202450990676879883e-01
2.023000000000000000e+03 5.385100000000000000e+04 1.620000000000000000e+02 1.276831030845642090e-01
7.703000000000000000e+03 5.733300000000000000e+04 1.680000000000000000e+02 1.087265312671661377e-01
3.588000000000000000e+03 5.518400000000000000e+04 4.880000000000000000e+02 1.860000044107437134e-01
9.143000000000000000e+03 5.766500000000000000e+04 9.200000000000000000e+01 5.291089043021202087e-02
1.074100000000000000e+04 5.823000000000000000e+04 8.360000000000000000e+02 1.745440065860748291e-01
3.985000000000000000e+03 5.532000000000000000e+04 2.060000000000000000e+02 1.678331047296524048e-01
1.455000000000000000e+03 5.308900000000000000e+04 2.980000000000000000e+02 1.659999936819076538e-01
8.846000000000000000e+03 5.742800000000000000e+04 6.480000000000000000e+02 1.755892485380172729e-01
1.419000000000000000e+03 5.314400000000000000e+04 1.730000000000000000e+02 1.330000013113021851e-01
6.120000000000000000e+02 5.207900000000000000e+04 1.080000000000000000e+02 1.630000025033950806e-01
7.900000000000000000e+03 5.735800000000000000e+04 2.160000000000000000e+02 9.843356907367706299e-02
7.680000000000000000e+03 5.813100000000000000e+04 9.380000000000000000e+02 1.795004010200500488e-01
7.660000000000000000e+02 5.224700000000000000e+04 3.060000000000000000e+02 9.810995310544967651e-02
2.117000000000000000e+03 5.411500000000000000e+04 4.680000000000000000e+02 1.371518969535827637e-01
1.443000000000000000e+03 5.305500000000000000e+04 4.010000000000000000e+02 1.866142004728317261e-01
1.065400000000000000e+04 5.842900000000000000e+04 2.490000000000000000e+02 1.679999977350234985e-01
1.072800000000000000e+04 5.824800000000000000e+04 9.900000000000000000e+02 1.764885038137435913e-01
1.171000000000000000e+03 5.275300000000000000e+04 5.540000000000000000e+02 1.360000073909759521e-01
1.362000000000000000e+03 5.305000000000000000e+04 9.000000000000000000e+00 1.760028004646301270e-01
7.586000000000000000e+03 5.718600000000000000e+04 4.890000000000000000e+02 1.718050688505172729e-01
1.074700000000000000e+04 5.822000000000000000e+04 8.620000000000000000e+02 9.644737839698791504e-02
9.080000000000000000e+02 5.237300000000000000e+04 3.930000000000000000e+02 1.819999963045120239e-01
9.440000000000000000e+02 5.261400000000000000e+04 3.740000000000000000e+02 1.410000026226043701e-01
1.110900000000000000e+04 5.852300000000000000e+04 8.510000000000000000e+02 1.630000025033950806e-01
8.502000000000000000e+03 5.751200000000000000e+04 1.920000000000000000e+02 1.738964915275573730e-01
7.583000000000000000e+03 5.695800000000000000e+04 8.180000000000000000e+02 1.514640003442764282e-01
8.174000000000000000e+03 5.737400000000000000e+04 4.220000000000000000e+02 1.033270508050918579e-01
8.068000000000000000e+03 5.718500000000000000e+04 5.970000000000000000e+02 1.217411980032920837e-01
1.450000000000000000e+03 5.312000000000000000e+04 1.670000000000000000e+02 7.299999892711639404e-02
1.166000000000000000e+03 5.275100000000000000e+04 2.480000000000000000e+02 1.449999958276748657e-01
8.419000000000000000e+03 5.824900000000000000e+04 7.420000000000000000e+02 1.507492959499359131e-01
1.350000000000000000e+03 5.278600000000000000e+04 5.600000000000000000e+02 1.444952040910720825e-01
6.374000000000000000e+03 5.632600000000000000e+04 3.650000000000000000e+02 1.164918020367622375e-01
1.455000000000000000e+03 5.308900000000000000e+04 4.400000000000000000e+02 1.169999986886978149e-01
9.212000000000000000e+03 5.771500000000000000e+04 6.040000000000000000e+02 1.860000044107437134e-01
1.419000000000000000e+03 5.314400000000000000e+04 2.530000000000000000e+02 1.319999992847442627e-01
1.450000000000000000e+03 5.312000000000000000e+04 2.730000000000000000e+02 1.509999930858612061e-01
1.673000000000000000e+03 5.346200000000000000e+04 4.020000000000000000e+02 1.920000016689300537e-01
4.470000000000000000e+02 5.187700000000000000e+04 5.260000000000000000e+02 1.110000014305114746e-01
1.420000000000000000e+03 5.314600000000000000e+04 2.370000000000000000e+02 1.410000026226043701e-01
4.687000000000000000e+03 5.636900000000000000e+04 7.700000000000000000e+02 1.920447051525115967e-01
9.590000000000000000e+02 5.241100000000000000e+04 1.920000000000000000e+02 1.920000016689300537e-01
3.223000000000000000e+03 5.486500000000000000e+04 3.230000000000000000e+02 1.879999935626983643e-01
8.620000000000000000e+02 5.232500000000000000e+04 1.090000000000000000e+02 1.253390014171600342e-01
1.213000000000000000e+03 5.297200000000000000e+04 1.990000000000000000e+02 1.966876983642578125e-01
7.688000000000000000e+03 5.736000000000000000e+04 4.090000000000000000e+02 1.622207611799240112e-01
7.627000000000000000e+03 5.693300000000000000e+04 2.260000000000000000e+02 1.647665947675704956e-01
8.200000000000000000e+03 5.817400000000000000e+04 1.450000000000000000e+02 7.468231022357940674e-02
8.293000000000000000e+03 5.736100000000000000e+04 9.140000000000000000e+02 1.860263943672180176e-01
1.275000000000000000e+03 5.299600000000000000e+04 2.070000000000000000e+02 1.659999936819076538e-01
9.171000000000000000e+03 5.806800000000000000e+04 7.270000000000000000e+02 1.745638996362686157e-01
7.760000000000000000e+03 5.808000000000000000e+04 2.870000000000000000e+02 1.837618052959442139e-01
7.627000000000000000e+03 5.693300000000000000e+04 4.020000000000000000e+02 1.082461401820182800e-01
7.590000000000000000e+03 5.694400000000000000e+04 9.220000000000000000e+02 1.429428011178970337e-01
1.173000000000000000e+03 5.279000000000000000e+04 8.900000000000000000e+01 1.819999963045120239e-01
9.360000000000000000e+03 5.805500000000000000e+04 5.790000000000000000e+02 1.990000009536743164e-01
8.746000000000000000e+03 5.839600000000000000e+04 1.360000000000000000e+02 1.948399990797042847e-01
8.368000000000000000e+03 5.743100000000000000e+04 3.800000000000000000e+02 5.377279222011566162e-02
7.339000000000000000e+03 5.677200000000000000e+04 5.770000000000000000e+02 1.729999929666519165e-01
8.200000000000000000e+02 5.243800000000000000e+04 4.060000000000000000e+02 6.300000101327896118e-02
9.319000000000000000e+03 5.804300000000000000e+04 3.870000000000000000e+02 5.351486057043075562e-02
7.609000000000000000e+03 5.695900000000000000e+04 8.500000000000000000e+02 1.557749956846237183e-01
1.293000000000000000e+03 5.276500000000000000e+04 3.100000000000000000e+01 1.339776962995529175e-01
5.560000000000000000e+02 5.199100000000000000e+04 3.520000000000000000e+02 1.360000073909759521e-01
1.951000000000000000e+03 5.338900000000000000e+04 3.930000000000000000e+02 1.630000025033950806e-01
8.177000000000000000e+03 5.737400000000000000e+04 2.050000000000000000e+02 7.387040555477142334e-02
1.292000000000000000e+03 5.273600000000000000e+04 4.150000000000000000e+02 1.492003053426742554e-01
6.706000000000000000e+03 5.638500000000000000e+04 9.000000000000000000e+02 1.930492967367172241e-01
1.061000000000000000e+03 5.264100000000000000e+04 3.910000000000000000e+02 1.877422034740447998e-01
1.161000000000000000e+03 5.270300000000000000e+04 1.900000000000000000e+02 1.299999952316284180e-01
1.975000000000000000e+03 5.373400000000000000e+04 2.250000000000000000e+02 5.044332146644592285e-02
1.131100000000000000e+04 5.842900000000000000e+04 7.480000000000000000e+02 8.597101271152496338e-02
2.096000000000000000e+03 5.344600000000000000e+04 5.080000000000000000e+02 8.399999886751174927e-02
1.329000000000000000e+03 5.276700000000000000e+04 5.200000000000000000e+02 1.720000058412551880e-01
9.320000000000000000e+02 5.262000000000000000e+04 5.060000000000000000e+02 1.261384934186935425e-01
8.416000000000000000e+03 5.789400000000000000e+04 1.400000000000000000e+02 1.976400017738342285e-01
1.467000000000000000e+03 5.311500000000000000e+04 5.880000000000000000e+02 9.399999678134918213e-02
1.041000000000000000e+03 5.272400000000000000e+04 8.400000000000000000e+01 1.040000021457672119e-01
1.993000000000000000e+03 5.376200000000000000e+04 3.790000000000000000e+02 1.987365037202835083e-01
7.606000000000000000e+03 5.697700000000000000e+04 1.400000000000000000e+01 1.920564025640487671e-01
7.895000000000000000e+03 5.765900000000000000e+04 6.000000000000000000e+00 1.052791997790336609e-01
6.120000000000000000e+02 5.207900000000000000e+04 2.560000000000000000e+02 1.503002941608428955e-01
1.165000000000000000e+03 5.270300000000000000e+04 1.390000000000000000e+02 7.400000095367431641e-02
7.836000000000000000e+03 5.727800000000000000e+04 6.500000000000000000e+01 1.553934961557388306e-01
1.131100000000000000e+04 5.842900000000000000e+04 7.880000000000000000e+02 1.602987945079803467e-01
8.890000000000000000e+02 5.266300000000000000e+04 7.000000000000000000e+00 1.580000072717666626e-01
1.162000000000000000e+03 5.266800000000000000e+04 3.230000000000000000e+02 1.560000032186508179e-01
6.240000000000000000e+02 5.237700000000000000e+04 1.950000000000000000e+02 1.638226956129074097e-01
1.023100000000000000e+04 5.817100000000000000e+04 1.470000000000000000e+02 1.276879012584686279e-01
1.170000000000000000e+03 5.275600000000000000e+04 3.000000000000000000e+02 7.159908860921859741e-02
1.953000000000000000e+03 5.335800000000000000e+04 4.170000000000000000e+02 1.309999972581863403e-01
1.989000000000000000e+03 5.377200000000000000e+04 4.000000000000000000e+02 1.861110031604766846e-01
8.190000000000000000e+03 5.744800000000000000e+04 5.080000000000000000e+02 1.679999977350234985e-01
5.560000000000000000e+02 5.199100000000000000e+04 3.900000000000000000e+02 1.379999965429306030e-01
1.949000000000000000e+03 5.343300000000000000e+04 1.460000000000000000e+02 1.949999928474426270e-01
1.455000000000000000e+03 5.308900000000000000e+04 6.370000000000000000e+02 1.010000035166740417e-01
1.780000000000000000e+03 5.309000000000000000e+04 3.390000000000000000e+02 1.959999948740005493e-01
4.400000000000000000e+02 5.188500000000000000e+04 1.860000000000000000e+02 1.159999966621398926e-01
7.836000000000000000e+03 5.727800000000000000e+04 1.810000000000000000e+02 1.619388014078140259e-01
1.291000000000000000e+03 5.273800000000000000e+04 4.230000000000000000e+02 1.679999977350234985e-01
2.103000000000000000e+03 5.346700000000000000e+04 3.000000000000000000e+01 1.659999936819076538e-01
1.467000000000000000e+03 5.311500000000000000e+04 6.260000000000000000e+02 1.774138957262039185e-01
7.717000000000000000e+03 5.810000000000000000e+04 1.210000000000000000e+02 1.483214050531387329e-01
7.833000000000000000e+03 5.728600000000000000e+04 7.680000000000000000e+02 8.116589486598968506e-02
1.293000000000000000e+03 5.276500000000000000e+04 5.860000000000000000e+02 1.469999998807907104e-01
1.289000000000000000e+03 5.273400000000000000e+04 3.800000000000000000e+02 8.799999952316284180e-02
1.052000000000000000e+03 5.246600000000000000e+04 4.650000000000000000e+02 1.350000053644180298e-01
8.218000000000000000e+03 5.751900000000000000e+04 1.160000000000000000e+02 1.823111027479171753e-01
7.741000000000000000e+03 5.807800000000000000e+04 6.760000000000000000e+02 1.129314005374908447e-01
1.396000000000000000e+03 5.311200000000000000e+04 3.290000000000000000e+02 1.413999944925308228e-01
7.574000000000000000e+03 5.694500000000000000e+04 1.200000000000000000e+01 1.980451047420501709e-01
8.880000000000000000e+02 5.233900000000000000e+04 3.880000000000000000e+02 1.469999998807907104e-01
2.030000000000000000e+03 5.349900000000000000e+04 1.120000000000000000e+02 1.580000072717666626e-01
1.683000000000000000e+03 5.343600000000000000e+04 8.800000000000000000e+01 1.770000010728836060e-01
1.684000000000000000e+03 5.323900000000000000e+04 4.910000000000000000e+02 1.860000044107437134e-01
8.361000000000000000e+03 5.773100000000000000e+04 7.450000000000000000e+02 1.113085001707077026e-01
6.980000000000000000e+02 5.220300000000000000e+04 6.210000000000000000e+02 1.456480026245117188e-01
1.366000000000000000e+03 5.306300000000000000e+04 2.100000000000000000e+01 1.959999948740005493e-01
1.461000000000000000e+03 5.306200000000000000e+04 1.990000000000000000e+02 9.799999743700027466e-02
2.093000000000000000e+03 5.381800000000000000e+04 2.370000000000000000e+02 7.848169654607772827e-02
1.593000000000000000e+03 5.299100000000000000e+04 3.650000000000000000e+02 1.340000033378601074e-01
1.785000000000000000e+03 5.443900000000000000e+04 2.510000000000000000e+02 1.326438486576080322e-01
7.627000000000000000e+03 5.693300000000000000e+04 7.820000000000000000e+02 7.403670996427536011e-02
1.930000000000000000e+03 5.334700000000000000e+04 4.380000000000000000e+02 7.960020005702972412e-02
8.392000000000000000e+03 5.748300000000000000e+04 3.990000000000000000e+02 1.779609918594360352e-01
1.007000000000000000e+03 5.270600000000000000e+04 6.280000000000000000e+02 1.780000030994415283e-01
8.065000000000000000e+03 5.824800000000000000e+04 1.430000000000000000e+02 1.528729051351547241e-01
8.055000000000000000e+03 5.718700000000000000e+04 8.100000000000000000e+02 1.967314928770065308e-01
3.920000000000000000e+02 5.179300000000000000e+04 5.580000000000000000e+02 8.069836348295211792e-02
8.752000000000000000e+03 5.840200000000000000e+04 4.020000000000000000e+02 9.678296744823455811e-02
1.091700000000000000e+04 5.825200000000000000e+04 9.750000000000000000e+02 1.589999943971633911e-01
1.418000000000000000e+03 5.314200000000000000e+04 7.300000000000000000e+01 1.360000073909759521e-01
7.960000000000000000e+02 5.240100000000000000e+04 5.420000000000000000e+02 1.140000000596046448e-01
3.880000000000000000e+02 5.179300000000000000e+04 1.390000000000000000e+02 1.391883045434951782e-01
1.443000000000000000e+03 5.305500000000000000e+04 5.700000000000000000e+01 1.673709005117416382e-01
1.072700000000000000e+04 5.819700000000000000e+04 4.980000000000000000e+02 1.879999935626983643e-01
7.664000000000000000e+03 5.736700000000000000e+04 2.820000000000000000e+02 1.187165528535842896e-01
7.682000000000000000e+03 5.741500000000000000e+04 4.300000000000000000e+02 6.670899689197540283e-02
7.835000000000000000e+03 5.698600000000000000e+04 5.380000000000000000e+02 1.714659035205841064e-01
7.295000000000000000e+03 5.706700000000000000e+04 3.000000000000000000e+01 1.970076709985733032e-01
1.338000000000000000e+03 5.276500000000000000e+04 2.570000000000000000e+02 1.940000057220458984e-01
9.860000000000000000e+02 5.244300000000000000e+04 1.840000000000000000e+02 1.449999958276748657e-01
7.737000000000000000e+03 5.772200000000000000e+04 5.200000000000000000e+02 1.333844959735870361e-01
2.012000000000000000e+03 5.349300000000000000e+04 2.030000000000000000e+02 1.620000004768371582e-01
2.007000000000000000e+03 5.347400000000000000e+04 2.940000000000000000e+02 1.019999980926513672e-01
8.720000000000000000e+02 5.233900000000000000e+04 3.340000000000000000e+02 1.640000045299530029e-01
1.946000000000000000e+03 5.343200000000000000e+04 5.580000000000000000e+02 1.630000025033950806e-01
1.041000000000000000e+03 5.272400000000000000e+04 4.650000000000000000e+02 1.490000039339065552e-01
7.381000000000000000e+03 5.671700000000000000e+04 8.480000000000000000e+02 1.682901084423065186e-01
1.365000000000000000e+03 5.306200000000000000e+04 1.240000000000000000e+02 7.952989637851715088e-02
8.810000000000000000e+02 5.236800000000000000e+04 4.120000000000000000e+02 1.902000010013580322e-01
3.740000000000000000e+02 5.179100000000000000e+04 1.420000000000000000e+02 9.899999946355819702e-02
1.351000000000000000e+03 5.279000000000000000e+04 5.990000000000000000e+02 1.800000071525573730e-01
1.366000000000000000e+03 5.306300000000000000e+04 4.430000000000000000e+02 1.749999970197677612e-01
2.353000000000000000e+03 5.379400000000000000e+04 5.090000000000000000e+02 8.497884124517440796e-02
2.356000000000000000e+03 5.378600000000000000e+04 5.910000000000000000e+02 1.739442944526672363e-01
1.010000000000000000e+03 5.264900000000000000e+04 1.600000000000000000e+01 1.875274926424026489e-01
7.618000000000000000e+03 5.689800000000000000e+04 5.190000000000000000e+02 9.217429906129837036e-02
8.340000000000000000e+02 5.231600000000000000e+04 2.060000000000000000e+02 1.280000060796737671e-01
7.606000000000000000e+03 5.697700000000000000e+04 9.800000000000000000e+02 1.507398784160614014e-01
3.930000000000000000e+02 5.179400000000000000e+04 9.000000000000000000e+01 1.379999965429306030e-01
7.647000000000000000e+03 5.765500000000000000e+04 3.930000000000000000e+02 1.706434041261672974e-01
8.410000000000000000e+03 5.748100000000000000e+04 6.860000000000000000e+02 6.980346888303756714e-02
1.161000000000000000e+03 5.270300000000000000e+04 3.860000000000000000e+02 1.280000060796737671e-01
9.040000000000000000e+02 5.238100000000000000e+04 2.000000000000000000e+01 1.360000073909759521e-01
1.377000000000000000e+03 5.305000000000000000e+04 4.970000000000000000e+02 1.369999945163726807e-01
7.724000000000000000e+03 5.843400000000000000e+04 5.520000000000000000e+02 1.221311017870903015e-01
6.140000000000000000e+02 5.343700000000000000e+04 5.150000000000000000e+02 1.546301990747451782e-01
1.400000000000000000e+03 5.347000000000000000e+04 3.050000000000000000e+02 1.969999969005584717e-01
8.734000000000000000e+03 5.764200000000000000e+04 2.460000000000000000e+02 1.596331000328063965e-01
8.228000000000000000e+03 5.742300000000000000e+04 2.820000000000000000e+02 1.539999991655349731e-01
1.646000000000000000e+03 5.349800000000000000e+04 1.310000000000000000e+02 1.589999943971633911e-01
1.381000000000000000e+03 5.308900000000000000e+04 5.000000000000000000e+01 1.720000058412551880e-01
1.678000000000000000e+03 5.343300000000000000e+04 1.010000000000000000e+02 1.500896066427230835e-01
7.339000000000000000e+03 5.679900000000000000e+04 5.480000000000000000e+02 1.159999966621398926e-01
7.768000000000000000e+03 5.828900000000000000e+04 9.700000000000000000e+02 1.966297030448913574e-01
6.668000000000000000e+03 5.660500000000000000e+04 1.040000000000000000e+02 1.396888941526412964e-01
1.074900000000000000e+04 5.848500000000000000e+04 3.520000000000000000e+02 1.527048945426940918e-01
2.027000000000000000e+03 5.343300000000000000e+04 6.030000000000000000e+02 1.199999973177909851e-01
1.010000000000000000e+03 5.264900000000000000e+04 2.480000000000000000e+02 1.360000073909759521e-01
7.871000000000000000e+03 5.690200000000000000e+04 6.100000000000000000e+02 1.077516004443168640e-01
8.733000000000000000e+03 5.839600000000000000e+04 3.050000000000000000e+02 1.302870959043502808e-01
5.520000000000000000e+02 5.199200000000000000e+04 1.250000000000000000e+02 9.813588112592697144e-02
8.190000000000000000e+03 5.744800000000000000e+04 7.020000000000000000e+02 1.943112611770629883e-01
4.000000000000000000e+02 5.182000000000000000e+04 4.700000000000000000e+01 9.899999946355819702e-02
1.993000000000000000e+03 5.376200000000000000e+04 4.050000000000000000e+02 1.454485058784484863e-01
1.131500000000000000e+04 5.840200000000000000e+04 6.420000000000000000e+02 1.680521070957183838e-01
4.060000000000000000e+02 5.190000000000000000e+04 4.400000000000000000e+01 1.064523980021476746e-01
1.278000000000000000e+03 5.273500000000000000e+04 2.470000000000000000e+02 1.019999980926513672e-01
7.940000000000000000e+02 5.237600000000000000e+04 1.820000000000000000e+02 1.609999984502792358e-01
8.174000000000000000e+03 5.737400000000000000e+04 3.260000000000000000e+02 1.707656532526016235e-01
7.416000000000000000e+03 5.681000000000000000e+04 9.680000000000000000e+02 1.817107498645782471e-01
8.414000000000000000e+03 5.784600000000000000e+04 6.400000000000000000e+02 1.082269996404647827e-01
1.321000000000000000e+03 5.276400000000000000e+04 4.400000000000000000e+01 1.013472974300384521e-01
1.171000000000000000e+03 5.275300000000000000e+04 2.850000000000000000e+02 8.299999684095382690e-02
8.535000000000000000e+03 5.801900000000000000e+04 7.800000000000000000e+02 1.715919971466064453e-01
7.859000000000000000e+03 5.728200000000000000e+04 6.080000000000000000e+02 1.801113635301589966e-01
5.956000000000000000e+03 5.610400000000000000e+04 3.800000000000000000e+01 9.893547743558883667e-02
3.720000000000000000e+02 5.217300000000000000e+04 4.500000000000000000e+02 1.000000014901161194e-01
2.117000000000000000e+03 5.411500000000000000e+04 4.290000000000000000e+02 7.779085636138916016e-02
1.128900000000000000e+04 5.839800000000000000e+04 7.500000000000000000e+02 1.859406977891921997e-01
1.009000000000000000e+03 5.264400000000000000e+04 4.270000000000000000e+02 1.659999936819076538e-01
3.860000000000000000e+02 5.178800000000000000e+04 2.860000000000000000e+02 1.819999963045120239e-01
1.176000000000000000e+03 5.279100000000000000e+04 4.820000000000000000e+02 1.780782043933868408e-01
7.667000000000000000e+03 5.758000000000000000e+04 7.150000000000000000e+02 1.633017957210540771e-01
7.570000000000000000e+02 5.223800000000000000e+04 3.700000000000000000e+01 1.840000003576278687e-01
1.331000000000000000e+03 5.276600000000000000e+04 3.130000000000000000e+02 1.979999989271163940e-01
7.311000000000000000e+03 5.703800000000000000e+04 3.890000000000000000e+02 1.729999929666519165e-01
1.935000000000000000e+03 5.338700000000000000e+04 1.780000000000000000e+02 1.860000044107437134e-01
7.608000000000000000e+03 5.694500000000000000e+04 1.260000000000000000e+02 1.192009970545768738e-01
7.582000000000000000e+03 5.696000000000000000e+04 3.850000000000000000e+02 1.571952998638153076e-01
1.285000000000000000e+03 5.272300000000000000e+04 4.690000000000000000e+02 1.331977993249893188e-01
7.648000000000000000e+03 5.732900000000000000e+04 1.760000000000000000e+02 1.683666408061981201e-01
7.761000000000000000e+03 5.807100000000000000e+04 3.580000000000000000e+02 1.828005015850067139e-01
7.891000000000000000e+03 5.733200000000000000e+04 7.280000000000000000e+02 1.589026004076004028e-01
8.820000000000000000e+02 5.237000000000000000e+04 1.170000000000000000e+02 1.899999976158142090e-01
7.910000000000000000e+02 5.243500000000000000e+04 3.070000000000000000e+02 7.372266054153442383e-02
8.750000000000000000e+02 5.235400000000000000e+04 6.060000000000000000e+02 1.330000013113021851e-01
1.072300000000000000e+04 5.828700000000000000e+04 7.420000000000000000e+02 1.362477988004684448e-01
4.510000000000000000e+02 5.190800000000000000e+04 2.650000000000000000e+02 1.180000007152557373e-01
7.698000000000000000e+03 5.801300000000000000e+04 3.760000000000000000e+02 1.416779011487960815e-01
1.283000000000000000e+03 5.276200000000000000e+04 6.350000000000000000e+02 9.099999815225601196e-02
1.106300000000000000e+04 5.842600000000000000e+04 6.640000000000000000e+02 1.271106004714965820e-01
3.910000000000000000e+02 5.178200000000000000e+04 1.910000000000000000e+02 1.675197035074234009e-01
1.983000000000000000e+03 5.344200000000000000e+04 4.240000000000000000e+02 1.889999955892562866e-01
8.770000000000000000e+02 5.235300000000000000e+04 1.800000000000000000e+02 1.250000000000000000e-01
9.300000000000000000e+02 5.261800000000000000e+04 4.010000000000000000e+02 1.620000004768371582e-01
1.198000000000000000e+03 5.266900000000000000e+04 4.030000000000000000e+02 8.799999952316284180e-02
1.051000000000000000e+03 5.246800000000000000e+04 8.500000000000000000e+01 1.556445956230163574e-01
1.431000000000000000e+03 5.299200000000000000e+04 6.010000000000000000e+02 1.400000005960464478e-01
8.396000000000000000e+03 5.783700000000000000e+04 9.310000000000000000e+02 1.653556972742080688e-01
1.426000000000000000e+03 5.299300000000000000e+04 1.320000000000000000e+02 1.091101989150047302e-01
3.324000000000000000e+03 5.494300000000000000e+04 7.700000000000000000e+01 1.749999970197677612e-01
1.170000000000000000e+03 5.275600000000000000e+04 2.860000000000000000e+02 1.860541999340057373e-01
7.723000000000000000e+03 5.843000000000000000e+04 6.200000000000000000e+02 1.806564927101135254e-01
7.620000000000000000e+02 5.223200000000000000e+04 6.130000000000000000e+02 1.250000000000000000e-01
3.810000000000000000e+02 5.181100000000000000e+04 2.200000000000000000e+02 1.080000028014183044e-01
2.351000000000000000e+03 5.378600000000000000e+04 4.970000000000000000e+02 1.867045015096664429e-01
7.678000000000000000e+03 5.728200000000000000e+04 8.320000000000000000e+02 1.655199974775314331e-01
9.177000000000000000e+03 5.804400000000000000e+04 6.170000000000000000e+02 1.708377003669738770e-01
1.872000000000000000e+03 5.338600000000000000e+04 4.040000000000000000e+02 1.389999985694885254e-01
9.341000000000000000e+03 5.774300000000000000e+04 5.540000000000000000e+02 5.600000172853469849e-02
1.131100000000000000e+04 5.842900000000000000e+04 2.350000000000000000e+02 1.769125014543533325e-01
2.277000000000000000e+03 5.370500000000000000e+04 5.790000000000000000e+02 1.804367005825042725e-01
8.165000000000000000e+03 5.737400000000000000e+04 4.600000000000000000e+02 1.809803098440170288e-01
1.131300000000000000e+04 5.842600000000000000e+04 5.880000000000000000e+02 6.703186780214309692e-02
1.993000000000000000e+03 5.376200000000000000e+04 2.210000000000000000e+02 1.422637999057769775e-01
8.756000000000000000e+03 5.768700000000000000e+04 1.600000000000000000e+02 1.998241990804672241e-01
1.867000000000000000e+03 5.331700000000000000e+04 3.930000000000000000e+02 1.700000017881393433e-01
2.096000000000000000e+03 5.344600000000000000e+04 2.280000000000000000e+02 1.280000060796737671e-01
5.550000000000000000e+02 5.226600000000000000e+04 8.600000000000000000e+01 1.800000071525573730e-01
8.878000000000000000e+03 5.778500000000000000e+04 3.610000000000000000e+02 1.041458025574684143e-01
7.660000000000000000e+03 5.735700000000000000e+04 9.360000000000000000e+02 1.462083011865615845e-01
6.378000000000000000e+03 5.633000000000000000e+04 3.810000000000000000e+02 1.319999992847442627e-01
1.107000000000000000e+04 5.845200000000000000e+04 2.420000000000000000e+02 1.463482975959777832e-01
1.165000000000000000e+03 5.270300000000000000e+04 1.700000000000000000e+02 1.459999978542327881e-01
1.025800000000000000e+04 5.849200000000000000e+04 3.970000000000000000e+02 1.911177933216094971e-01
6.230000000000000000e+02 5.205100000000000000e+04 5.240000000000000000e+02 1.990000009536743164e-01
8.700000000000000000e+02 5.232500000000000000e+04 4.860000000000000000e+02 1.323601007461547852e-01
8.760000000000000000e+03 5.767200000000000000e+04 3.630000000000000000e+02 1.172574013471603394e-01
1.091900000000000000e+04 5.825500000000000000e+04 2.660000000000000000e+02 9.104684740304946899e-02
8.290000000000000000e+02 5.229600000000000000e+04 5.800000000000000000e+01 1.700000017881393433e-01
8.300000000000000000e+02 5.229300000000000000e+04 2.390000000000000000e+02 1.350000053644180298e-01
1.683000000000000000e+03 5.343600000000000000e+04 3.410000000000000000e+02 5.400000140070915222e-02
7.877000000000000000e+03 5.689800000000000000e+04 6.040000000000000000e+02 9.560925513505935669e-02
1.985000000000000000e+03 5.343100000000000000e+04 8.100000000000000000e+01 1.879999935626983643e-01
7.698000000000000000e+03 5.801300000000000000e+04 2.880000000000000000e+02 1.401129961013793945e-01
8.170000000000000000e+02 5.238100000000000000e+04 9.000000000000000000e+01 1.455679982900619507e-01
1.156500000000000000e+04 5.850700000000000000e+04 7.160000000000000000e+02 7.202012836933135986e-02
7.673000000000000000e+03 5.732900000000000000e+04 4.820000000000000000e+02 1.649644374847412109e-01
1.156100000000000000e+04 5.848500000000000000e+04 5.360000000000000000e+02 1.485026031732559204e-01
4.470000000000000000e+02 5.187700000000000000e+04 1.910000000000000000e+02 1.180000007152557373e-01
1.442000000000000000e+03 5.305000000000000000e+04 4.300000000000000000e+02 1.350000053644180298e-01
2.283000000000000000e+03 5.372900000000000000e+04 3.540000000000000000e+02 1.819712966680526733e-01
8.055000000000000000e+03 5.718700000000000000e+04 8.690000000000000000e+02 1.183822974562644958e-01
1.076300000000000000e+04 5.839500000000000000e+04 8.200000000000000000e+02 1.597149074077606201e-01
1.163400000000000000e+04 5.848400000000000000e+04 8.090000000000000000e+02 1.659501045942306519e-01
9.490000000000000000e+02 5.242700000000000000e+04 5.500000000000000000e+02 1.620000004768371582e-01
2.018000000000000000e+03 5.380000000000000000e+04 7.100000000000000000e+01 1.074517965316772461e-01
1.025000000000000000e+04 5.847200000000000000e+04 7.040000000000000000e+02 1.986826062202453613e-01
7.665000000000000000e+03 5.732800000000000000e+04 8.630000000000000000e+02 1.885406970977783203e-01
8.832000000000000000e+03 5.744500000000000000e+04 8.760000000000000000e+02 1.156128346920013428e-01
1.129500000000000000e+04 5.845600000000000000e+04 8.680000000000000000e+02 1.168442964553833008e-01
1.335000000000000000e+03 5.282400000000000000e+04 5.890000000000000000e+02 1.400000005960464478e-01
8.736000000000000000e+03 5.740000000000000000e+04 4.000000000000000000e+00 1.875791996717453003e-01
8.570000000000000000e+02 5.231400000000000000e+04 4.490000000000000000e+02 1.410000026226043701e-01
9.172000000000000000e+03 5.801500000000000000e+04 7.590000000000000000e+02 1.061092987656593323e-01
6.120000000000000000e+02 5.207900000000000000e+04 2.530000000000000000e+02 1.838489025831222534e-01
7.590000000000000000e+03 5.694400000000000000e+04 5.400000000000000000e+02 1.444506049156188965e-01
8.740000000000000000e+03 5.736700000000000000e+04 2.640000000000000000e+02 1.369556039571762085e-01
5.540000000000000000e+02 5.200000000000000000e+04 3.640000000000000000e+02 1.010000035166740417e-01
1.106400000000000000e+04 5.843000000000000000e+04 9.830000000000000000e+02 1.379498988389968872e-01
1.383000000000000000e+03 5.311600000000000000e+04 4.120000000000000000e+02 1.661462932825088501e-01
7.583000000000000000e+03 5.695800000000000000e+04 2.100000000000000000e+02 1.746201962232589722e-01
7.280000000000000000e+03 5.670900000000000000e+04 5.240000000000000000e+02 1.800000071525573730e-01
7.434000000000000000e+03 5.716600000000000000e+04 1.600000000000000000e+02 1.698838025331497192e-01
7.656000000000000000e+03 5.733800000000000000e+04 9.770000000000000000e+02 1.882643997669219971e-01
7.690000000000000000e+02 5.453000000000000000e+04 9.900000000000000000e+01 1.159999966621398926e-01
8.514000000000000000e+03 5.817400000000000000e+04 5.320000000000000000e+02 1.991949975490570068e-01
7.646000000000000000e+03 5.757000000000000000e+04 9.490000000000000000e+02 1.501975953578948975e-01
6.930000000000000000e+02 5.225400000000000000e+04 4.990000000000000000e+02 1.099999994039535522e-01
1.431000000000000000e+03 5.299200000000000000e+04 3.540000000000000000e+02 1.848132014274597168e-01
9.070000000000000000e+02 5.237300000000000000e+04 3.480000000000000000e+02 1.663074940443038940e-01
8.751000000000000000e+03 5.768500000000000000e+04 6.700000000000000000e+02 9.000421315431594849e-02
7.669000000000000000e+03 5.732900000000000000e+04 7.660000000000000000e+02 1.873234063386917114e-01
1.158000000000000000e+03 5.266800000000000000e+04 3.590000000000000000e+02 1.630000025033950806e-01
7.660000000000000000e+03 5.735700000000000000e+04 9.280000000000000000e+02 8.257152885198593140e-02
8.650000000000000000e+02 5.232300000000000000e+04 1.910000000000000000e+02 1.363970935344696045e-01
1.376000000000000000e+03 5.308900000000000000e+04 3.030000000000000000e+02 8.600000292062759399e-02
1.346000000000000000e+03 5.282200000000000000e+04 1.160000000000000000e+02 1.679999977350234985e-01
1.128900000000000000e+04 5.839800000000000000e+04 9.080000000000000000e+02 1.847324967384338379e-01
1.349000000000000000e+03 5.279700000000000000e+04 1.700000000000000000e+01 1.688593029975891113e-01
8.171000000000000000e+03 5.713500000000000000e+04 4.270000000000000000e+02 1.816745996475219727e-01
2.093000000000000000e+03 5.381800000000000000e+04 3.770000000000000000e+02 1.482990980148315430e-01
9.160000000000000000e+03 5.765600000000000000e+04 8.210000000000000000e+02 1.474667042493820190e-01
8.535000000000000000e+03 5.801900000000000000e+04 5.720000000000000000e+02 1.734514981508255005e-01
9.580000000000000000e+02 5.241000000000000000e+04 1.280000000000000000e+02 7.100000232458114624e-02
2.000000000000000000e+03 5.349500000000000000e+04 1.870000000000000000e+02 1.909999996423721313e-01
2.106000000000000000e+03 5.371400000000000000e+04 1.530000000000000000e+02 1.508125960826873779e-01
7.701000000000000000e+03 5.735600000000000000e+04 8.040000000000000000e+02 1.223941966891288757e-01
9.540000000000000000e+02 5.240500000000000000e+04 3.880000000000000000e+02 1.930000036954879761e-01
7.621000000000000000e+03 5.698500000000000000e+04 8.000000000000000000e+00 1.379762440919876099e-01
7.930000000000000000e+02 5.237000000000000000e+04 4.430000000000000000e+02 1.498657017946243286e-01
9.490000000000000000e+02 5.242700000000000000e+04 7.200000000000000000e+01 1.823142021894454956e-01
7.878000000000000000e+03 5.734000000000000000e+04 6.830000000000000000e+02 1.606930494308471680e-01
7.679000000000000000e+03 5.736700000000000000e+04 9.040000000000000000e+02 1.910865455865859985e-01
1.132100000000000000e+04 5.842500000000000000e+04 9.800000000000000000e+02 1.314534991979598999e-01
6.662000000000000000e+03 5.636400000000000000e+04 8.580000000000000000e+02 1.490270942449569702e-01
1.279000000000000000e+03 5.273600000000000000e+04 3.210000000000000000e+02 1.297003030776977539e-01
1.950000000000000000e+03 5.343600000000000000e+04 1.840000000000000000e+02 1.140000000596046448e-01
1.996000000000000000e+03 5.343600000000000000e+04 1.290000000000000000e+02 1.809999942779541016e-01
1.066000000000000000e+04 5.846600000000000000e+04 6.190000000000000000e+02 1.979999989271163940e-01
1.419000000000000000e+03 5.314400000000000000e+04 5.850000000000000000e+02 1.720000058412551880e-01
8.872000000000000000e+03 5.742200000000000000e+04 7.420000000000000000e+02 1.993567049503326416e-01
4.520000000000000000e+02 5.191100000000000000e+04 5.640000000000000000e+02 1.340000033378601074e-01
7.906000000000000000e+03 5.733300000000000000e+04 6.170000000000000000e+02 1.259188055992126465e-01
4.356000000000000000e+03 5.582900000000000000e+04 1.060000000000000000e+02 7.958114892244338989e-02
7.833000000000000000e+03 5.728600000000000000e+04 7.000000000000000000e+01 1.066022366285324097e-01
9.570000000000000000e+02 5.239800000000000000e+04 1.690000000000000000e+02 1.230000033974647522e-01
9.140000000000000000e+03 5.803900000000000000e+04 1.680000000000000000e+02 1.360341012477874756e-01
8.810000000000000000e+02 5.236800000000000000e+04 6.210000000000000000e+02 1.180000007152557373e-01
8.780000000000000000e+02 5.235300000000000000e+04 2.860000000000000000e+02 1.260000020265579224e-01
3.980000000000000000e+02 5.178900000000000000e+04 3.030000000000000000e+02 1.800000071525573730e-01
8.140000000000000000e+02 5.244300000000000000e+04 3.890000000000000000e+02 1.790930926799774170e-01
1.134800000000000000e+04 5.843800000000000000e+04 5.300000000000000000e+02 1.035728007555007935e-01
7.588000000000000000e+03 5.690300000000000000e+04 9.700000000000000000e+02 1.553739309310913086e-01
1.108400000000000000e+04 5.842700000000000000e+04 2.180000000000000000e+02 1.012201979756355286e-01
8.820000000000000000e+02 5.237000000000000000e+04 5.210000000000000000e+02 1.230000033974647522e-01
7.604000000000000000e+03 5.694700000000000000e+04 6.300000000000000000e+02 1.661415994167327881e-01
2.103000000000000000e+03 5.346700000000000000e+04 1.430000000000000000e+02 1.481969058513641357e-01
7.616000000000000000e+03 5.690200000000000000e+04 7.500000000000000000e+01 1.189408004283905029e-01
5.570000000000000000e+02 5.225300000000000000e+04 4.700000000000000000e+02 1.846985071897506714e-01
8.980000000000000000e+02 5.260600000000000000e+04 1.990000000000000000e+02 1.818142980337142944e-01
1.969000000000000000e+03 5.338300000000000000e+04 8.200000000000000000e+01 1.159999966621398926e-01
1.333000000000000000e+03 5.278200000000000000e+04 1.530000000000000000e+02 1.309999972581863403e-01
4.500000000000000000e+02 5.190800000000000000e+04 5.200000000000000000e+01 1.679999977350234985e-01
1.312000000000000000e+03 5.278100000000000000e+04 4.290000000000000000e+02 1.010000035166740417e-01
8.730000000000000000e+02 5.267400000000000000e+04 1.580000000000000000e+02 6.300000101327896118e-02
7.617000000000000000e+03 5.694900000000000000e+04 3.380000000000000000e+02 1.908291578292846680e-01
1.057000000000000000e+03 5.252200000000000000e+04 2.190000000000000000e+02 1.649729013442993164e-01
1.107300000000000000e+04 5.845100000000000000e+04 2.340000000000000000e+02 1.649041026830673218e-01
9.367000000000000000e+03 5.775800000000000000e+04 6.440000000000000000e+02 1.948322951793670654e-01
1.443000000000000000e+03 5.305500000000000000e+04 6.080000000000000000e+02 7.102937251329421997e-02
1.132400000000000000e+04 5.839500000000000000e+04 6.020000000000000000e+02 1.302288025617599487e-01
2.020000000000000000e+03 5.343100000000000000e+04 5.910000000000000000e+02 1.785694956779479980e-01
1.108300000000000000e+04 5.851500000000000000e+04 7.980000000000000000e+02 1.359122991561889648e-01
1.401000000000000000e+03 5.314400000000000000e+04 2.380000000000000000e+02 1.529999971389770508e-01
1.668000000000000000e+03 5.343300000000000000e+04 4.930000000000000000e+02 1.794532984495162964e-01
2.035000000000000000e+03 5.343600000000000000e+04 3.860000000000000000e+02 1.932619065046310425e-01
1.159000000000000000e+03 5.266900000000000000e+04 2.870000000000000000e+02 1.048031002283096313e-01
7.579000000000000000e+03 5.695400000000000000e+04 6.080000000000000000e+02 1.712832748889923096e-01
1.168000000000000000e+03 5.273100000000000000e+04 5.410000000000000000e+02 1.438502073287963867e-01
7.913000000000000000e+03 5.733300000000000000e+04 9.210000000000000000e+02 1.288450956344604492e-01
1.278000000000000000e+03 5.273500000000000000e+04 2.200000000000000000e+01 1.350000053644180298e-01
7.745000000000000000e+03 5.807700000000000000e+04 4.620000000000000000e+02 1.266472041606903076e-01
2.000000000000000000e+03 5.349500000000000000e+04 1.780000000000000000e+02 1.877187043428421021e-01
7.750000000000000000e+03 5.840200000000000000e+04 4.140000000000000000e+02 1.095929965376853943e-01
1.328000000000000000e+03 5.278600000000000000e+04 3.170000000000000000e+02 1.175895035266876221e-01
1.137500000000000000e+04 5.842600000000000000e+04 9.900000000000000000e+02 1.026389971375465393e-01
1.107700000000000000e+04 5.843300000000000000e+04 1.960000000000000000e+02 1.391965001821517944e-01
9.650000000000000000e+02 5.243800000000000000e+04 1.320000000000000000e+02 1.599999964237213135e-01
7.671000000000000000e+03 5.736000000000000000e+04 2.640000000000000000e+02 1.419371068477630615e-01
7.830000000000000000e+03 5.704300000000000000e+04 4.970000000000000000e+02 1.304085999727249146e-01
9.224000000000000000e+03 5.793300000000000000e+04 6.920000000000000000e+02 1.449999958276748657e-01
8.370000000000000000e+03 5.752000000000000000e+04 3.860000000000000000e+02 1.032200977206230164e-01
7.582000000000000000e+03 5.696000000000000000e+04 6.600000000000000000e+02 1.388469934463500977e-01
1.216000000000000000e+03 5.270900000000000000e+04 1.200000000000000000e+02 6.729234009981155396e-02
1.455000000000000000e+03 5.308900000000000000e+04 1.390000000000000000e+02 1.521999984979629517e-01
1.938000000000000000e+03 5.337900000000000000e+04 6.190000000000000000e+02 1.630664020776748657e-01
7.856000000000000000e+03 5.726000000000000000e+04 5.380000000000000000e+02 1.613093018531799316e-01
2.091000000000000000e+03 5.344700000000000000e+04 5.840000000000000000e+02 7.361391186714172363e-02
1.982000000000000000e+03 5.343600000000000000e+04 3.260000000000000000e+02 1.221221983432769775e-01
1.275000000000000000e+03 5.299600000000000000e+04 5.310000000000000000e+02 1.480000019073486328e-01
7.915000000000000000e+03 5.730900000000000000e+04 7.120000000000000000e+02 1.348116993904113770e-01
5.430000000000000000e+02 5.201700000000000000e+04 1.950000000000000000e+02 1.480000019073486328e-01
7.614000000000000000e+03 5.730700000000000000e+04 6.080000000000000000e+02 1.805386841297149658e-01
1.091800000000000000e+04 5.825400000000000000e+04 7.460000000000000000e+02 1.511920988559722900e-01
1.931000000000000000e+03 5.335800000000000000e+04 2.080000000000000000e+02 1.220000013709068298e-01
7.308000000000000000e+03 5.670900000000000000e+04 2.670000000000000000e+02 1.631531268358230591e-01
5.540000000000000000e+02 5.200000000000000000e+04 4.470000000000000000e+02 1.019999980926513672e-01
2.099000000000000000e+03 5.346900000000000000e+04 4.800000000000000000e+01 1.360101997852325439e-01
7.613000000000000000e+03 5.698800000000000000e+04 9.800000000000000000e+01 1.062458977103233337e-01
1.360000000000000000e+03 5.303300000000000000e+04 5.990000000000000000e+02 1.199999973177909851e-01
1.058000000000000000e+03 5.252000000000000000e+04 6.000000000000000000e+02 1.739999949932098389e-01
9.730000000000000000e+02 5.242600000000000000e+04 5.000000000000000000e+01 1.589999943971633911e-01
7.644000000000000000e+03 5.732700000000000000e+04 8.800000000000000000e+01 1.761855930089950562e-01
1.207000000000000000e+03 5.267200000000000000e+04 4.710000000000000000e+02 1.059999987483024597e-01
9.163000000000000000e+03 5.804300000000000000e+04 8.220000000000000000e+02 1.616832017898559570e-01
1.129600000000000000e+04 5.842500000000000000e+04 5.550000000000000000e+02 1.530396044254302979e-01
4.390000000000000000e+02 5.187700000000000000e+04 5.310000000000000000e+02 1.992793977260589600e-01
8.493000000000000000e+03 5.816200000000000000e+04 2.640000000000000000e+02 1.326071023941040039e-01
6.760000000000000000e+02 5.217800000000000000e+04 4.530000000000000000e+02 7.247547060251235962e-02
2.108000000000000000e+03 5.347300000000000000e+04 4.100000000000000000e+02 1.250000000000000000e-01
7.751000000000000000e+03 5.808100000000000000e+04 6.080000000000000000e+02 9.184008091688156128e-02
2.109000000000000000e+03 5.346800000000000000e+04 2.740000000000000000e+02 1.417431980371475220e-01
1.341000000000000000e+03 5.278600000000000000e+04 4.180000000000000000e+02 1.350000053644180298e-01
2.884000000000000000e+03 5.452600000000000000e+04 5.600000000000000000e+01 1.264798045158386230e-01
8.224000000000000000e+03 5.737800000000000000e+04 4.400000000000000000e+02 1.464790999889373779e-01
1.218000000000000000e+03 5.270900000000000000e+04 4.090000000000000000e+02 1.499425023794174194e-01
1.130600000000000000e+04 5.845000000000000000e+04 2.370000000000000000e+02 1.801670044660568237e-01
7.716000000000000000e+03 5.809700000000000000e+04 9.770000000000000000e+02 1.339216977357864380e-01
7.594000000000000000e+03 5.694700000000000000e+04 9.690000000000000000e+02 5.810204148292541504e-02
1.953000000000000000e+03 5.335800000000000000e+04 3.940000000000000000e+02 1.410000026226043701e-01
2.971000000000000000e+03 5.459000000000000000e+04 9.900000000000000000e+01 1.649546027183532715e-01
1.106100000000000000e+04 5.842800000000000000e+04 5.800000000000000000e+02 1.604747474193572998e-01
8.736000000000000000e+03 5.740000000000000000e+04 1.450000000000000000e+02 1.686053574085235596e-01
8.360000000000000000e+03 5.745200000000000000e+04 6.560000000000000000e+02 1.663510650396347046e-01
1.735000000000000000e+03 5.303500000000000000e+04 3.870000000000000000e+02 8.600000292062759399e-02
1.279000000000000000e+03 5.273600000000000000e+04 3.210000000000000000e+02 1.297003030776977539e-01
1.443000000000000000e+03 5.305500000000000000e+04 9.000000000000000000e+00 7.199999690055847168e-02
7.647000000000000000e+03 5.765500000000000000e+04 1.030000000000000000e+02 1.581276953220367432e-01
7.666000000000000000e+03 5.733900000000000000e+04 9.080000000000000000e+02 1.392680406570434570e-01
9.341000000000000000e+03 5.774300000000000000e+04 1.440000000000000000e+02 1.239999979734420776e-01
1.785000000000000000e+03 5.443900000000000000e+04 1.560000000000000000e+02 1.759999990463256836e-01
1.984000000000000000e+03 5.343300000000000000e+04 6.220000000000000000e+02 1.815713942050933838e-01
5.025000000000000000e+03 5.583600000000000000e+04 1.480000000000000000e+02 1.035498008131980896e-01
9.290000000000000000e+02 5.258100000000000000e+04 1.170000000000000000e+02 1.909999996423721313e-01
7.618000000000000000e+03 5.689800000000000000e+04 8.500000000000000000e+02 1.177480742335319519e-01
1.130600000000000000e+04 5.845000000000000000e+04 7.940000000000000000e+02 6.535101681947708130e-02
2.103000000000000000e+03 5.346700000000000000e+04 5.310000000000000000e+02 1.923778057098388672e-01
9.174000000000000000e+03 5.807000000000000000e+04 8.150000000000000000e+02 1.124083027243614197e-01
4.430000000000000000e+02 5.187300000000000000e+04 5.140000000000000000e+02 4.341496899724006653e-02
1.163600000000000000e+04 5.846200000000000000e+04 1.860000000000000000e+02 1.692744046449661255e-01
4.040000000000000000e+02 5.181200000000000000e+04 4.820000000000000000e+02 1.710633039474487305e-01
2.036000000000000000e+03 5.344600000000000000e+04 1.090000000000000000e+02 1.780000030994415283e-01
1.785000000000000000e+03 5.443900000000000000e+04 1.500000000000000000e+01 1.723881065845489502e-01
8.330000000000000000e+02 5.231400000000000000e+04 3.360000000000000000e+02 1.557727009057998657e-01
8.570000000000000000e+02 5.231400000000000000e+04 6.340000000000000000e+02 1.299999952316284180e-01
7.624000000000000000e+03 5.703900000000000000e+04 2.560000000000000000e+02 1.725741028785705566e-01
7.860000000000000000e+03 5.700600000000000000e+04 9.500000000000000000e+02 1.326127946376800537e-01
1.368000000000000000e+03 5.308400000000000000e+04 4.600000000000000000e+02 1.800000071525573730e-01
1.454000000000000000e+03 5.309000000000000000e+04 5.360000000000000000e+02 1.289999932050704956e-01
1.684000000000000000e+03 5.323900000000000000e+04 2.020000000000000000e+02 1.580000072717666626e-01
2.098000000000000000e+03 5.346000000000000000e+04 5.740000000000000000e+02 1.923999935388565063e-01
7.836000000000000000e+03 5.727800000000000000e+04 8.380000000000000000e+02 1.471688747406005859e-01
1.781000000000000000e+03 5.329700000000000000e+04 3.010000000000000000e+02 1.570000052452087402e-01
8.225000000000000000e+03 5.737500000000000000e+04 5.400000000000000000e+02 1.300617456436157227e-01
8.519000000000000000e+03 5.819800000000000000e+04 9.640000000000000000e+02 1.194097995758056641e-01
7.713000000000000000e+03 5.809600000000000000e+04 1.780000000000000000e+02 1.777094006538391113e-01
1.930000000000000000e+03 5.334700000000000000e+04 5.440000000000000000e+02 1.030000001192092896e-01
1.378000000000000000e+03 5.306100000000000000e+04 4.970000000000000000e+02 1.940000057220458984e-01
7.718000000000000000e+03 5.736200000000000000e+04 3.370000000000000000e+02 1.878376007080078125e-01
1.216000000000000000e+03 5.270900000000000000e+04 1.330000000000000000e+02 1.281854957342147827e-01
6.900000000000000000e+02 5.226100000000000000e+04 3.750000000000000000e+02 1.490000039339065552e-01
9.030000000000000000e+02 5.240000000000000000e+04 5.510000000000000000e+02 5.426992103457450867e-02
6.369000000000000000e+03 5.621700000000000000e+04 6.100000000000000000e+02 1.659999936819076538e-01
9.352000000000000000e+03 5.780500000000000000e+04 5.900000000000000000e+01 1.641997992992401123e-01
7.279000000000000000e+03 5.707100000000000000e+04 8.320000000000000000e+02 1.793762445449829102e-01
1.018000000000000000e+03 5.267200000000000000e+04 2.240000000000000000e+02 8.111678063869476318e-02
7.595000000000000000e+03 5.695700000000000000e+04 1.060000000000000000e+02 1.464626044034957886e-01
7.647000000000000000e+03 5.765500000000000000e+04 1.920000000000000000e+02 8.770179748535156250e-02
1.937000000000000000e+03 5.338800000000000000e+04 2.820000000000000000e+02 1.512742936611175537e-01
1.418000000000000000e+03 5.314200000000000000e+04 4.730000000000000000e+02 1.647499948740005493e-01
1.038000000000000000e+03 5.267300000000000000e+04 4.430000000000000000e+02 1.683045029640197754e-01
1.130600000000000000e+04 5.845000000000000000e+04 4.140000000000000000e+02 1.968574970960617065e-01
1.128000000000000000e+04 5.843000000000000000e+04 5.400000000000000000e+02 1.824794411659240723e-01
7.574000000000000000e+03 5.694500000000000000e+04 2.090000000000000000e+02 8.095248043537139893e-02
1.310000000000000000e+03 5.303300000000000000e+04 2.100000000000000000e+02 1.589999943971633911e-01
2.358000000000000000e+03 5.379700000000000000e+04 1.800000000000000000e+02 1.983218938112258911e-01
9.610000000000000000e+02 5.261500000000000000e+04 3.800000000000000000e+01 1.785068958997726440e-01
7.623000000000000000e+03 5.690100000000000000e+04 3.620000000000000000e+02 1.692959666252136230e-01
7.717000000000000000e+03 5.810000000000000000e+04 8.700000000000000000e+02 1.452202051877975464e-01
7.693000000000000000e+03 5.736100000000000000e+04 3.820000000000000000e+02 1.141666695475578308e-01
5.510000000000000000e+02 5.199300000000000000e+04 6.100000000000000000e+01 1.739999949932098389e-01
6.378000000000000000e+03 5.633000000000000000e+04 6.660000000000000000e+02 1.369999945163726807e-01
9.238000000000000000e+03 5.801300000000000000e+04 7.800000000000000000e+01 1.686626970767974854e-01
2.100000000000000000e+03 5.371300000000000000e+04 6.030000000000000000e+02 1.915813982486724854e-01
1.110900000000000000e+04 5.852300000000000000e+04 8.080000000000000000e+02 1.800000071525573730e-01
2.007000000000000000e+03 5.347400000000000000e+04 8.000000000000000000e+00 1.560000032186508179e-01
8.810000000000000000e+02 5.236800000000000000e+04 3.690000000000000000e+02 9.512644261121749878e-02
8.990000000000000000e+02 5.262000000000000000e+04 1.480000000000000000e+02 1.369999945163726807e-01
9.480000000000000000e+02 5.242800000000000000e+04 5.020000000000000000e+02 7.330886274576187134e-02
4.000000000000000000e+02 5.182000000000000000e+04 5.850000000000000000e+02 1.379999965429306030e-01
5.430000000000000000e+02 5.201700000000000000e+04 2.060000000000000000e+02 7.199999690055847168e-02
1.950000000000000000e+03 5.343600000000000000e+04 5.210000000000000000e+02 1.413553059101104736e-01
7.765000000000000000e+03 5.804700000000000000e+04 6.780000000000000000e+02 1.643815040588378906e-01
7.835000000000000000e+03 5.698600000000000000e+04 1.440000000000000000e+02 1.656398028135299683e-01
1.106700000000000000e+04 5.850700000000000000e+04 3.490000000000000000e+02 1.233668029308319092e-01
1.439000000000000000e+03 5.300300000000000000e+04 1.160000000000000000e+02 7.900000363588333130e-02
5.510000000000000000e+02 5.199300000000000000e+04 4.710000000000000000e+02 1.821155995130538940e-01
1.869000000000000000e+03 5.332700000000000000e+04 7.300000000000000000e+01 1.609999984502792358e-01
1.110200000000000000e+04 5.842500000000000000e+04 4.580000000000000000e+02 1.879357993602752686e-01
7.690000000000000000e+03 5.704600000000000000e+04 2.000000000000000000e+01 1.741050481796264648e-01
1.025200000000000000e+04 5.848500000000000000e+04 9.600000000000000000e+02 8.797059953212738037e-02
1.444000000000000000e+03 5.305400000000000000e+04 9.000000000000000000e+00 1.500000059604644775e-01
7.906000000000000000e+03 5.733300000000000000e+04 7.800000000000000000e+02 1.355167776346206665e-01
2.105000000000000000e+03 5.347200000000000000e+04 2.570000000000000000e+02 1.361262947320938110e-01
1.368000000000000000e+03 5.308400000000000000e+04 5.290000000000000000e+02 1.915034055709838867e-01
8.960000000000000000e+02 5.259200000000000000e+04 2.320000000000000000e+02 1.990000009536743164e-01
1.129400000000000000e+04 5.845100000000000000e+04 2.580000000000000000e+02 1.277682930231094360e-01
7.512000000000000000e+03 5.677700000000000000e+04 3.210000000000000000e+02 1.864212006330490112e-01
7.304000000000000000e+03 5.674500000000000000e+04 4.600000000000000000e+02 1.874177455902099609e-01
9.332000000000000000e+03 5.807200000000000000e+04 6.390000000000000000e+02 1.850789934396743774e-01
2.956000000000000000e+03 5.452500000000000000e+04 1.780000000000000000e+02 1.560866981744766235e-01
7.710000000000000000e+03 5.828400000000000000e+04 2.620000000000000000e+02 1.136294975876808167e-01
2.025000000000000000e+03 5.343100000000000000e+04 8.400000000000000000e+01 1.099999994039535522e-01
7.871000000000000000e+03 5.690200000000000000e+04 1.930000000000000000e+02 1.866416037082672119e-01
1.107200000000000000e+04 5.843600000000000000e+04 3.320000000000000000e+02 9.015916287899017334e-02
1.931000000000000000e+03 5.335800000000000000e+04 4.840000000000000000e+02 1.748006939888000488e-01
7.034000000000000000e+03 5.656400000000000000e+04 7.880000000000000000e+02 1.874728947877883911e-01
7.512000000000000000e+03 5.677700000000000000e+04 9.870000000000000000e+02 1.770000010728836060e-01
7.560000000000000000e+02 5.257700000000000000e+04 1.840000000000000000e+02 1.376882940530776978e-01
2.001000000000000000e+03 5.349300000000000000e+04 2.500000000000000000e+01 1.845711022615432739e-01
9.397000000000000000e+03 5.810700000000000000e+04 2.970000000000000000e+02 1.769549995660781860e-01
4.840000000000000000e+02 5.190700000000000000e+04 3.780000000000000000e+02 1.948017030954360962e-01
1.343000000000000000e+03 5.279000000000000000e+04 4.300000000000000000e+01 1.856902986764907837e-01
7.697000000000000000e+03 5.757400000000000000e+04 7.600000000000000000e+01 1.075000017881393433e-01
1.316000000000000000e+03 5.279000000000000000e+04 3.330000000000000000e+02 9.994734823703765869e-02
1.972000000000000000e+03 5.346600000000000000e+04 2.720000000000000000e+02 1.761070042848587036e-01
1.737000000000000000e+03 5.305500000000000000e+04 4.680000000000000000e+02 8.874057233333587646e-02
4.370000000000000000e+02 5.187600000000000000e+04 2.080000000000000000e+02 9.399999678134918213e-02
1.154600000000000000e+04 5.848800000000000000e+04 2.110000000000000000e+02 1.094873994588851929e-01
7.767000000000000000e+03 5.804900000000000000e+04 7.630000000000000000e+02 1.927652060985565186e-01
1.156100000000000000e+04 5.848500000000000000e+04 1.900000000000000000e+02 1.690949052572250366e-01
2.095000000000000000e+03 5.347400000000000000e+04 4.340000000000000000e+02 1.985217034816741943e-01
4.656000000000000000e+03 5.582800000000000000e+04 1.230000000000000000e+02 1.403453946113586426e-01
7.702000000000000000e+03 5.801700000000000000e+04 6.400000000000000000e+02 1.799228042364120483e-01
1.208000000000000000e+03 5.267200000000000000e+04 3.480000000000000000e+02 1.620000004768371582e-01
1.000000000000000000e+04 5.771600000000000000e+04 5.120000000000000000e+02 1.162903979420661926e-01
1.130600000000000000e+04 5.845000000000000000e+04 1.040000000000000000e+02 1.665866971015930176e-01
1.131100000000000000e+04 5.842900000000000000e+04 7.660000000000000000e+02 8.608840405941009521e-02
9.650000000000000000e+02 5.243800000000000000e+04 4.100000000000000000e+02 1.575465947389602661e-01
1.052000000000000000e+03 5.246600000000000000e+04 3.010000000000000000e+02 1.363894045352935791e-01
1.207000000000000000e+03 5.267200000000000000e+04 2.030000000000000000e+02 9.300000220537185669e-02
7.702000000000000000e+03 5.801700000000000000e+04 8.500000000000000000e+02 1.602744013071060181e-01
1.735000000000000000e+03 5.303500000000000000e+04 9.200000000000000000e+01 1.659999936819076538e-01
6.910000000000000000e+02 5.219900000000000000e+04 5.900000000000000000e+01 1.469999998807907104e-01
7.619000000000000000e+03 5.690000000000000000e+04 5.650000000000000000e+02 1.027381345629692078e-01
1.401000000000000000e+03 5.314400000000000000e+04 3.520000000000000000e+02 1.923428028821945190e-01
9.900000000000000000e+02 5.246500000000000000e+04 2.380000000000000000e+02 1.365561932325363159e-01
1.104700000000000000e+04 5.842400000000000000e+04 9.390000000000000000e+02 1.606887429952621460e-01
7.746000000000000000e+03 5.807400000000000000e+04 8.810000000000000000e+02 1.358951926231384277e-01
1.044500000000000000e+04 5.815800000000000000e+04 8.300000000000000000e+02 1.669999957084655762e-01
5.420000000000000000e+02 5.199300000000000000e+04 3.640000000000000000e+02 1.330000013113021851e-01
1.360000000000000000e+03 5.303300000000000000e+04 4.720000000000000000e+02 1.633429974317550659e-01
7.590000000000000000e+02 5.225400000000000000e+04 4.250000000000000000e+02 1.000000014901161194e-01
7.894000000000000000e+03 5.733900000000000000e+04 9.500000000000000000e+02 1.323848962783813477e-01
1.972000000000000000e+03 5.346600000000000000e+04 1.250000000000000000e+02 1.237210035324096680e-01
1.988000000000000000e+03 5.346900000000000000e+04 4.310000000000000000e+02 1.536571979522705078e-01
7.732000000000000000e+03 5.810800000000000000e+04 4.460000000000000000e+02 1.978040933609008789e-01
8.960000000000000000e+02 5.259200000000000000e+04 3.980000000000000000e+02 1.743506044149398804e-01
1.106300000000000000e+04 5.842600000000000000e+04 5.560000000000000000e+02 1.872842013835906982e-01
2.106000000000000000e+03 5.371400000000000000e+04 4.090000000000000000e+02 1.228428035974502563e-01
7.737000000000000000e+03 5.772200000000000000e+04 3.040000000000000000e+02 1.078044995665550232e-01
2.092000000000000000e+03 5.346000000000000000e+04 5.600000000000000000e+02 1.524384021759033203e-01
7.588000000000000000e+03 5.690300000000000000e+04 1.320000000000000000e+02 1.302246749401092529e-01
1.733000000000000000e+03 5.304700000000000000e+04 5.270000000000000000e+02 1.706236004829406738e-01
3.880000000000000000e+02 5.179300000000000000e+04 5.150000000000000000e+02 1.137970983982086182e-01
9.176000000000000000e+03 5.808000000000000000e+04 8.960000000000000000e+02 1.896789073944091797e-01
1.201000000000000000e+03 5.267400000000000000e+04 6.360000000000000000e+02 1.704609990119934082e-01
8.980000000000000000e+02 5.260600000000000000e+04 4.540000000000000000e+02 1.710000038146972656e-01
1.107500000000000000e+04 5.845100000000000000e+04 3.850000000000000000e+02 1.737087070941925049e-01
6.255000000000000000e+03 5.624000000000000000e+04 5.180000000000000000e+02 1.707666069269180298e-01
1.447000000000000000e+03 5.312000000000000000e+04 1.500000000000000000e+01 1.581460982561111450e-01
8.238000000000000000e+03 5.817100000000000000e+04 9.980000000000000000e+02 1.670254021883010864e-01
7.875000000000000000e+03 5.698000000000000000e+04 8.600000000000000000e+02 1.184417009353637695e-01
7.660000000000000000e+03 5.735700000000000000e+04 1.560000000000000000e+02 8.502665162086486816e-02
6.390000000000000000e+03 5.624400000000000000e+04 7.020000000000000000e+02 1.309999972581863403e-01
4.410000000000000000e+02 5.186800000000000000e+04 4.530000000000000000e+02 1.280000060796737671e-01
1.134200000000000000e+04 5.842500000000000000e+04 3.490000000000000000e+02 9.593892097473144531e-02
1.027200000000000000e+04 5.817200000000000000e+04 9.740000000000000000e+02 1.701021045446395874e-01
7.698000000000000000e+03 5.801300000000000000e+04 4.730000000000000000e+02 1.544131040573120117e-01
9.169000000000000000e+03 5.806900000000000000e+04 8.810000000000000000e+02 1.634324043989181519e-01
1.105300000000000000e+04 5.843700000000000000e+04 2.020000000000000000e+02 1.907685995101928711e-01
6.830000000000000000e+02 5.252400000000000000e+04 1.230000000000000000e+02 1.919661015272140503e-01
3.750000000000000000e+02 5.214000000000000000e+04 4.550000000000000000e+02 1.126438975334167480e-01
7.760000000000000000e+03 5.808000000000000000e+04 1.030000000000000000e+02 1.129195019602775574e-01
1.066500000000000000e+04 5.845600000000000000e+04 8.860000000000000000e+02 1.954465061426162720e-01
7.680000000000000000e+03 5.813100000000000000e+04 8.500000000000000000e+02 1.618916988372802734e-01
7.697000000000000000e+03 5.757400000000000000e+04 9.080000000000000000e+02 1.345532983541488647e-01
1.129400000000000000e+04 5.845100000000000000e+04 4.680000000000000000e+02 1.763387024402618408e-01
9.330000000000000000e+02 5.264200000000000000e+04 7.200000000000000000e+01 1.737924963235855103e-01
7.734000000000000000e+03 5.813300000000000000e+04 5.220000000000000000e+02 1.238640025258064270e-01
1.106000000000000000e+03 5.291200000000000000e+04 1.000000000000000000e+00 1.275718957185745239e-01
7.674000000000000000e+03 5.735900000000000000e+04 6.280000000000000000e+02 6.600552052259445190e-02
