1.459000000000000000e+03 5.311700000000000000e+04 4.000000000000000000e+00 1.910799980163574219e+00
8.398000000000000000e+03 5.787000000000000000e+04 7.280000000000000000e+02 1.858450055122375488e+00
5.189000000000000000e+03 5.607400000000000000e+04 6.000000000000000000e+00 1.981999993324279785e+00
7.582000000000000000e+03 5.696000000000000000e+04 6.520000000000000000e+02 1.959413528442382812e+00
8.234000000000000000e+03 5.745000000000000000e+04 8.900000000000000000e+01 1.916857004165649414e+00
7.914000000000000000e+03 5.733100000000000000e+04 1.900000000000000000e+01 1.963727951049804688e+00
7.960000000000000000e+02 5.240100000000000000e+04 5.900000000000000000e+02 1.929999947547912598e+00
6.663000000000000000e+03 5.633800000000000000e+04 5.760000000000000000e+02 1.879484057426452637e+00
8.877000000000000000e+03 5.778200000000000000e+04 5.240000000000000000e+02 1.886999964714050293e+00
8.067000000000000000e+03 5.825300000000000000e+04 3.840000000000000000e+02 1.948186993598937988e+00
1.010000000000000000e+03 5.264900000000000000e+04 4.220000000000000000e+02 1.901000022888183594e+00
1.047000000000000000e+03 5.273300000000000000e+04 2.640000000000000000e+02 1.886600017547607422e+00
9.890000000000000000e+02 5.246800000000000000e+04 5.380000000000000000e+02 1.940999984741210938e+00
6.150000000000000000e+02 5.234700000000000000e+04 5.070000000000000000e+02 1.901000022888183594e+00
1.129300000000000000e+04 5.846200000000000000e+04 7.260000000000000000e+02 1.853850007057189941e+00
2.031000000000000000e+03 5.384800000000000000e+04 1.080000000000000000e+02 1.884500026702880859e+00
7.904000000000000000e+03 5.735800000000000000e+04 8.680000000000000000e+02 1.861826658248901367e+00
8.532000000000000000e+03 5.802200000000000000e+04 9.930000000000000000e+02 1.832144975662231445e+00
8.541000000000000000e+03 5.825700000000000000e+04 4.250000000000000000e+02 1.845983028411865234e+00
5.166000000000000000e+03 5.606500000000000000e+04 5.320000000000000000e+02 1.860000014305114746e+00
6.052000000000000000e+03 5.609200000000000000e+04 9.800000000000000000e+02 1.825000047683715820e+00
6.648000000000000000e+03 5.638300000000000000e+04 9.960000000000000000e+02 1.817999958992004395e+00
6.636000000000000000e+03 5.636700000000000000e+04 8.060000000000000000e+02 1.968000054359436035e+00
1.384000000000000000e+03 5.312100000000000000e+04 6.270000000000000000e+02 1.891499996185302734e+00
3.982000000000000000e+03 5.533200000000000000e+04 2.800000000000000000e+02 1.937999963760375977e+00
1.041000000000000000e+03 5.272400000000000000e+04 6.340000000000000000e+02 1.827499985694885254e+00
6.120000000000000000e+02 5.207900000000000000e+04 1.370000000000000000e+02 1.853600025177001953e+00
1.047000000000000000e+03 5.273300000000000000e+04 4.060000000000000000e+02 1.991999983787536621e+00
9.730000000000000000e+02 5.242600000000000000e+04 1.340000000000000000e+02 1.950999975204467773e+00
8.877000000000000000e+03 5.778200000000000000e+04 5.240000000000000000e+02 1.886999964714050293e+00
7.339000000000000000e+03 5.679900000000000000e+04 6.280000000000000000e+02 1.934000015258789062e+00
7.930000000000000000e+02 5.237000000000000000e+04 3.810000000000000000e+02 1.917999982833862305e+00
6.492000000000000000e+03 5.636200000000000000e+04 5.960000000000000000e+02 1.817999958992004395e+00
4.964000000000000000e+03 5.574900000000000000e+04 9.900000000000000000e+02 1.817000031471252441e+00
7.088000000000000000e+03 5.665700000000000000e+04 5.000000000000000000e+01 1.960999965667724609e+00
7.950000000000000000e+02 5.237800000000000000e+04 1.930000000000000000e+02 1.876000046730041504e+00
1.072600000000000000e+04 5.819900000000000000e+04 7.470000000000000000e+02 1.814000010490417480e+00
1.091800000000000000e+04 5.825400000000000000e+04 1.500000000000000000e+02 1.891340017318725586e+00
8.396000000000000000e+03 5.783700000000000000e+04 8.720000000000000000e+02 1.821673035621643066e+00
5.580000000000000000e+02 5.231700000000000000e+04 5.780000000000000000e+02 1.901999950408935547e+00
1.075600000000000000e+04 5.822600000000000000e+04 5.030000000000000000e+02 1.871539950370788574e+00
9.620000000000000000e+02 5.262000000000000000e+04 1.890000000000000000e+02 1.924000024795532227e+00
8.171000000000000000e+03 5.713500000000000000e+04 8.600000000000000000e+02 1.888046979904174805e+00
1.281000000000000000e+03 5.275300000000000000e+04 6.300000000000000000e+02 1.914999961853027344e+00
6.035000000000000000e+03 5.607600000000000000e+04 8.020000000000000000e+02 1.932999968528747559e+00
8.414000000000000000e+03 5.784600000000000000e+04 7.080000000000000000e+02 1.864436030387878418e+00
7.721000000000000000e+03 5.736000000000000000e+04 4.120000000000000000e+02 1.837917089462280273e+00
8.497000000000000000e+03 5.816100000000000000e+04 3.160000000000000000e+02 1.894090056419372559e+00
4.996000000000000000e+03 5.572000000000000000e+04 8.680000000000000000e+02 1.843999981880187988e+00
8.435000000000000000e+03 5.748700000000000000e+04 6.000000000000000000e+01 1.883401036262512207e+00
8.505000000000000000e+03 5.783400000000000000e+04 8.090000000000000000e+02 1.895967960357666016e+00
7.338000000000000000e+03 5.671700000000000000e+04 8.510000000000000000e+02 1.860762953758239746e+00
7.306000000000000000e+03 5.668400000000000000e+04 3.600000000000000000e+01 1.809999942779541016e+00
1.276000000000000000e+03 5.303500000000000000e+04 5.500000000000000000e+01 1.868999958038330078e+00
1.135300000000000000e+04 5.846700000000000000e+04 7.650000000000000000e+02 1.960785031318664551e+00
8.419000000000000000e+03 5.824900000000000000e+04 5.780000000000000000e+02 1.934039950370788574e+00
8.526000000000000000e+03 5.789800000000000000e+04 5.040000000000000000e+02 1.901491999626159668e+00
8.167000000000000000e+03 5.707100000000000000e+04 6.520000000000000000e+02 1.888897657394409180e+00
8.196000000000000000e+03 5.734600000000000000e+04 6.620000000000000000e+02 1.944882988929748535e+00
7.406000000000000000e+03 5.680500000000000000e+04 9.450000000000000000e+02 1.820000052452087402e+00
3.987000000000000000e+03 5.559000000000000000e+04 9.580000000000000000e+02 1.853999972343444824e+00
5.812000000000000000e+03 5.635400000000000000e+04 3.240000000000000000e+02 1.853000044822692871e+00
9.460000000000000000e+02 5.240700000000000000e+04 4.310000000000000000e+02 1.897600054740905762e+00
8.848000000000000000e+03 5.787500000000000000e+04 1.860000000000000000e+02 1.925879001617431641e+00
6.701000000000000000e+03 5.636700000000000000e+04 4.550000000000000000e+02 1.950000047683715820e+00
2.101000000000000000e+03 5.385800000000000000e+04 7.600000000000000000e+01 1.923699975013732910e+00
1.678000000000000000e+03 5.343300000000000000e+04 5.400000000000000000e+01 1.907099962234497070e+00
6.704000000000000000e+03 5.638800000000000000e+04 4.080000000000000000e+02 1.855000019073486328e+00
1.073500000000000000e+04 5.825800000000000000e+04 3.200000000000000000e+02 1.884816050529479980e+00
5.737000000000000000e+03 5.638100000000000000e+04 3.600000000000000000e+02 1.899000048637390137e+00
6.049000000000000000e+03 5.609100000000000000e+04 8.060000000000000000e+02 1.817000031471252441e+00
7.418000000000000000e+03 5.716500000000000000e+04 2.380000000000000000e+02 1.814880013465881348e+00
8.529000000000000000e+03 5.801300000000000000e+04 3.050000000000000000e+02 1.961979985237121582e+00
1.337000000000000000e+03 5.276700000000000000e+04 1.520000000000000000e+02 1.950099945068359375e+00
6.644000000000000000e+03 5.638400000000000000e+04 1.680000000000000000e+02 1.871999979019165039e+00
6.638000000000000000e+03 5.637000000000000000e+04 8.760000000000000000e+02 1.988999962806701660e+00
6.689000000000000000e+03 5.639600000000000000e+04 7.280000000000000000e+02 1.819000005722045898e+00
4.698000000000000000e+03 5.562300000000000000e+04 5.400000000000000000e+01 1.820000052452087402e+00
1.211000000000000000e+03 5.296400000000000000e+04 4.500000000000000000e+01 1.937000036239624023e+00
5.805000000000000000e+03 5.633600000000000000e+04 2.580000000000000000e+02 1.858000040054321289e+00
6.649000000000000000e+03 5.636400000000000000e+04 3.420000000000000000e+02 1.870000004768371582e+00
8.382000000000000000e+03 5.751300000000000000e+04 6.430000000000000000e+02 1.852476954460144043e+00
5.811000000000000000e+03 5.633400000000000000e+04 6.980000000000000000e+02 1.873999953269958496e+00
6.838000000000000000e+03 5.642900000000000000e+04 9.470000000000000000e+02 1.858999967575073242e+00
1.940000000000000000e+03 5.338300000000000000e+04 1.520000000000000000e+02 1.818899989128112793e+00
7.756000000000000000e+03 5.839200000000000000e+04 6.640000000000000000e+02 1.817461967468261719e+00
6.706000000000000000e+03 5.638500000000000000e+04 5.310000000000000000e+02 1.855999946594238281e+00
1.313000000000000000e+03 5.279000000000000000e+04 2.240000000000000000e+02 1.898699998855590820e+00
1.023100000000000000e+04 5.817100000000000000e+04 8.450000000000000000e+02 1.860025048255920410e+00
8.056000000000000000e+03 5.718600000000000000e+04 4.980000000000000000e+02 1.884022951126098633e+00
5.140000000000000000e+03 5.583600000000000000e+04 2.780000000000000000e+02 1.875000000000000000e+00
3.853000000000000000e+03 5.526800000000000000e+04 4.550000000000000000e+02 1.955999970436096191e+00
7.679000000000000000e+03 5.736700000000000000e+04 3.420000000000000000e+02 1.911615729331970215e+00
1.026600000000000000e+04 5.846200000000000000e+04 5.460000000000000000e+02 1.858008980751037598e+00
1.038000000000000000e+03 5.267300000000000000e+04 4.920000000000000000e+02 1.840999960899353027e+00
2.117000000000000000e+03 5.411500000000000000e+04 4.910000000000000000e+02 1.875399947166442871e+00
7.611000000000000000e+03 5.694600000000000000e+04 5.920000000000000000e+02 1.975682020187377930e+00
4.688000000000000000e+03 5.600800000000000000e+04 7.200000000000000000e+02 1.962000012397766113e+00
6.453000000000000000e+03 5.636500000000000000e+04 7.400000000000000000e+02 1.840999960899353027e+00
8.160000000000000000e+03 5.707100000000000000e+04 1.840000000000000000e+02 1.896657943725585938e+00
1.026700000000000000e+04 5.822300000000000000e+04 8.960000000000000000e+02 1.871446013450622559e+00
1.197000000000000000e+03 5.266800000000000000e+04 6.380000000000000000e+02 1.879999995231628418e+00
9.393000000000000000e+03 5.810000000000000000e+04 1.000000000000000000e+01 1.867179989814758301e+00
1.453000000000000000e+03 5.308400000000000000e+04 4.710000000000000000e+02 1.833999991416931152e+00
7.725000000000000000e+03 5.815800000000000000e+04 1.440000000000000000e+02 1.859923005104064941e+00
3.860000000000000000e+02 5.178800000000000000e+04 4.860000000000000000e+02 1.843999981880187988e+00
8.516000000000000000e+03 5.822000000000000000e+04 1.490000000000000000e+02 1.834957957267761230e+00
1.105100000000000000e+04 5.851000000000000000e+04 2.110000000000000000e+02 1.839388966560363770e+00
1.074900000000000000e+04 5.848500000000000000e+04 6.180000000000000000e+02 1.866330027580261230e+00
7.587000000000000000e+03 5.729700000000000000e+04 2.020000000000000000e+02 1.922621965408325195e+00
1.838000000000000000e+03 5.346700000000000000e+04 4.770000000000000000e+02 1.810199975967407227e+00
1.026800000000000000e+04 5.848700000000000000e+04 7.880000000000000000e+02 1.961017012596130371e+00
7.652000000000000000e+03 5.757900000000000000e+04 1.760000000000000000e+02 1.958935022354125977e+00
7.607000000000000000e+03 5.690200000000000000e+04 4.240000000000000000e+02 1.996147990226745605e+00
7.756000000000000000e+03 5.839200000000000000e+04 4.860000000000000000e+02 1.921242952346801758e+00
7.616000000000000000e+03 5.690200000000000000e+04 3.640000000000000000e+02 1.907873988151550293e+00
9.353000000000000000e+03 5.781400000000000000e+04 4.880000000000000000e+02 1.844249963760375977e+00
6.688000000000000000e+03 5.641200000000000000e+04 9.900000000000000000e+02 1.848000049591064453e+00
7.861000000000000000e+03 5.728100000000000000e+04 5.070000000000000000e+02 1.857658982276916504e+00
5.729000000000000000e+03 5.659800000000000000e+04 9.210000000000000000e+02 1.858999967575073242e+00
7.741000000000000000e+03 5.807800000000000000e+04 6.150000000000000000e+02 1.995533943176269531e+00
9.363000000000000000e+03 5.774200000000000000e+04 5.700000000000000000e+01 1.928681969642639160e+00
1.105100000000000000e+04 5.851000000000000000e+04 2.220000000000000000e+02 1.832538962364196777e+00
7.627000000000000000e+03 5.693300000000000000e+04 5.410000000000000000e+02 1.812912940979003906e+00
