1.459000000000000000e+03 5.311700000000000000e+04 4.000000000000000000e+00 1.910799980163574219e+00
5.189000000000000000e+03 5.607400000000000000e+04 6.000000000000000000e+00 1.981999993324279785e+00
7.582000000000000000e+03 5.696000000000000000e+04 6.520000000000000000e+02 1.959413528442382812e+00
4.687000000000000000e+03 5.636900000000000000e+04 9.660000000000000000e+02 2.183965921401977539e+00
6.723000000000000000e+03 5.642800000000000000e+04 7.550000000000000000e+02 2.174000024795532227e+00
8.234000000000000000e+03 5.745000000000000000e+04 8.900000000000000000e+01 1.916857004165649414e+00
7.872000000000000000e+03 5.727900000000000000e+04 2.830000000000000000e+02 2.056118965148925781e+00
7.914000000000000000e+03 5.733100000000000000e+04 1.900000000000000000e+01 1.963727951049804688e+00
7.960000000000000000e+02 5.240100000000000000e+04 5.900000000000000000e+02 1.929999947547912598e+00
8.067000000000000000e+03 5.825300000000000000e+04 3.840000000000000000e+02 1.948186993598937988e+00
1.010000000000000000e+03 5.264900000000000000e+04 4.220000000000000000e+02 1.901000022888183594e+00
9.890000000000000000e+02 5.246800000000000000e+04 5.380000000000000000e+02 1.940999984741210938e+00
6.150000000000000000e+02 5.234700000000000000e+04 5.070000000000000000e+02 1.901000022888183594e+00
8.178000000000000000e+03 5.742800000000000000e+04 2.580000000000000000e+02 2.116386890411376953e+00
7.657000000000000000e+03 5.730900000000000000e+04 8.520000000000000000e+02 2.326999902725219727e+00
6.661000000000000000e+03 5.636600000000000000e+04 4.420000000000000000e+02 2.390000104904174805e+00
6.636000000000000000e+03 5.636700000000000000e+04 8.060000000000000000e+02 1.968000054359436035e+00
1.046000000000000000e+03 5.246000000000000000e+04 4.490000000000000000e+02 2.065000057220458984e+00
3.982000000000000000e+03 5.533200000000000000e+04 2.800000000000000000e+02 1.937999963760375977e+00
4.987000000000000000e+03 5.574600000000000000e+04 9.870000000000000000e+02 2.118000030517578125e+00
6.040000000000000000e+03 5.610100000000000000e+04 2.120000000000000000e+02 2.173000097274780273e+00
6.808000000000000000e+03 5.644300000000000000e+04 3.000000000000000000e+01 2.339999914169311523e+00
7.685000000000000000e+03 5.706200000000000000e+04 5.320000000000000000e+02 2.368769884109497070e+00
1.047000000000000000e+03 5.273300000000000000e+04 4.060000000000000000e+02 1.991999983787536621e+00
9.319000000000000000e+03 5.804300000000000000e+04 7.970000000000000000e+02 2.071643114089965820e+00
6.030000000000000000e+03 5.609700000000000000e+04 8.760000000000000000e+02 2.137000083923339844e+00
6.791000000000000000e+03 5.642900000000000000e+04 9.380000000000000000e+02 2.165999889373779297e+00
9.730000000000000000e+02 5.242600000000000000e+04 1.340000000000000000e+02 1.950999975204467773e+00
8.540000000000000000e+03 5.828700000000000000e+04 6.170000000000000000e+02 2.129419088363647461e+00
7.382000000000000000e+03 5.699100000000000000e+04 2.500000000000000000e+01 2.029814004898071289e+00
9.428000000000000000e+03 5.810100000000000000e+04 3.440000000000000000e+02 2.300105094909667969e+00
7.339000000000000000e+03 5.679900000000000000e+04 6.280000000000000000e+02 1.934000015258789062e+00
7.930000000000000000e+02 5.237000000000000000e+04 3.810000000000000000e+02 1.917999982833862305e+00
6.797000000000000000e+03 5.642600000000000000e+04 2.200000000000000000e+01 2.265000104904174805e+00
7.088000000000000000e+03 5.665700000000000000e+04 5.000000000000000000e+01 1.960999965667724609e+00
6.063000000000000000e+03 5.609800000000000000e+04 2.680000000000000000e+02 2.072000026702880859e+00
1.283000000000000000e+03 5.276200000000000000e+04 4.410000000000000000e+02 2.123300075531005859e+00
5.580000000000000000e+02 5.231700000000000000e+04 5.780000000000000000e+02 1.901999950408935547e+00
4.988000000000000000e+03 5.582500000000000000e+04 5.150000000000000000e+02 2.108999967575073242e+00
9.620000000000000000e+02 5.262000000000000000e+04 1.890000000000000000e+02 1.924000024795532227e+00
8.871000000000000000e+03 5.751900000000000000e+04 9.260000000000000000e+02 2.051994562149047852e+00
5.955000000000000000e+03 5.645600000000000000e+04 1.440000000000000000e+02 2.267999887466430664e+00
1.006000000000000000e+03 5.270800000000000000e+04 4.970000000000000000e+02 2.153000116348266602e+00
1.281000000000000000e+03 5.275300000000000000e+04 6.300000000000000000e+02 1.914999961853027344e+00
4.709000000000000000e+03 5.572000000000000000e+04 7.280000000000000000e+02 2.236999988555908203e+00
6.035000000000000000e+03 5.607600000000000000e+04 8.020000000000000000e+02 1.932999968528747559e+00
4.964000000000000000e+03 5.574900000000000000e+04 9.540000000000000000e+02 2.269000053405761719e+00
8.870000000000000000e+02 5.237600000000000000e+04 4.070000000000000000e+02 2.040199995040893555e+00
1.214000000000000000e+03 5.273100000000000000e+04 2.330000000000000000e+02 2.020100116729736328e+00
1.784000000000000000e+03 5.442500000000000000e+04 4.020000000000000000e+02 2.101000070571899414e+00
6.626000000000000000e+03 5.633000000000000000e+04 6.170000000000000000e+02 2.237999916076660156e+00
6.720000000000000000e+03 5.639000000000000000e+04 9.000000000000000000e+01 2.096999883651733398e+00
1.135300000000000000e+04 5.846700000000000000e+04 7.650000000000000000e+02 1.960785031318664551e+00
8.054000000000000000e+03 5.719400000000000000e+04 3.500000000000000000e+02 2.101718902587890625e+00
6.691000000000000000e+03 5.641300000000000000e+04 9.620000000000000000e+02 2.184000015258789062e+00
6.719000000000000000e+03 5.639000000000000000e+04 7.580000000000000000e+02 2.197000026702880859e+00
8.419000000000000000e+03 5.824900000000000000e+04 5.780000000000000000e+02 1.934039950370788574e+00
8.301000000000000000e+03 5.739000000000000000e+04 9.370000000000000000e+02 2.102895021438598633e+00
8.526000000000000000e+03 5.789800000000000000e+04 5.040000000000000000e+02 1.901491999626159668e+00
8.208000000000000000e+03 5.743000000000000000e+04 2.000000000000000000e+01 2.038392066955566406e+00
8.196000000000000000e+03 5.734600000000000000e+04 6.620000000000000000e+02 1.944882988929748535e+00
7.409000000000000000e+03 5.680900000000000000e+04 8.380000000000000000e+02 2.203000068664550781e+00
7.287000000000000000e+03 5.704200000000000000e+04 2.680000000000000000e+02 2.347341060638427734e+00
7.101000000000000000e+03 5.665900000000000000e+04 7.000000000000000000e+02 2.288000106811523438e+00
1.993000000000000000e+03 5.376200000000000000e+04 2.830000000000000000e+02 2.016400098800659180e+00
2.031000000000000000e+03 5.384800000000000000e+04 2.750000000000000000e+02 2.005500078201293945e+00
1.074600000000000000e+04 5.825700000000000000e+04 6.270000000000000000e+02 2.039829969406127930e+00
8.417000000000000000e+03 5.817500000000000000e+04 7.080000000000000000e+02 2.179029941558837891e+00
8.848000000000000000e+03 5.787500000000000000e+04 1.860000000000000000e+02 1.925879001617431641e+00
6.701000000000000000e+03 5.636700000000000000e+04 4.550000000000000000e+02 1.950000047683715820e+00
4.643000000000000000e+03 5.594600000000000000e+04 1.000000000000000000e+01 2.247999906539916992e+00
2.101000000000000000e+03 5.385800000000000000e+04 7.600000000000000000e+01 1.923699975013732910e+00
4.641000000000000000e+03 5.594700000000000000e+04 7.260000000000000000e+02 2.319999933242797852e+00
1.678000000000000000e+03 5.343300000000000000e+04 5.400000000000000000e+01 1.907099962234497070e+00
5.174000000000000000e+03 5.604700000000000000e+04 3.000000000000000000e+02 2.296000003814697266e+00
8.876000000000000000e+03 5.778300000000000000e+04 9.490000000000000000e+02 2.010900020599365234e+00
7.108000000000000000e+03 5.668600000000000000e+04 9.540000000000000000e+02 2.148999929428100586e+00
6.292000000000000000e+03 5.656600000000000000e+04 4.100000000000000000e+02 2.390000104904174805e+00
6.619000000000000000e+03 5.637100000000000000e+04 6.280000000000000000e+02 2.250999927520751953e+00
8.529000000000000000e+03 5.801300000000000000e+04 3.050000000000000000e+02 1.961979985237121582e+00
8.411000000000000000e+03 5.787500000000000000e+04 6.210000000000000000e+02 2.017060995101928711e+00
6.623000000000000000e+03 5.636700000000000000e+04 2.780000000000000000e+02 2.321000099182128906e+00
4.960000000000000000e+03 5.574700000000000000e+04 7.000000000000000000e+02 2.108999967575073242e+00
5.741000000000000000e+03 5.598000000000000000e+04 6.400000000000000000e+02 2.256999969482421875e+00
1.072500000000000000e+04 5.825000000000000000e+04 5.820000000000000000e+02 2.131210088729858398e+00
4.195000000000000000e+03 5.545200000000000000e+04 4.240000000000000000e+02 2.220999956130981445e+00
1.461000000000000000e+03 5.306200000000000000e+04 3.130000000000000000e+02 2.134000062942504883e+00
1.072200000000000000e+04 5.828100000000000000e+04 3.770000000000000000e+02 2.236694097518920898e+00
8.514000000000000000e+03 5.817400000000000000e+04 2.800000000000000000e+01 2.012732982635498047e+00
1.337000000000000000e+03 5.276700000000000000e+04 1.520000000000000000e+02 1.950099945068359375e+00
6.663000000000000000e+03 5.633800000000000000e+04 2.620000000000000000e+02 2.075000047683715820e+00
6.638000000000000000e+03 5.637000000000000000e+04 8.760000000000000000e+02 1.988999962806701660e+00
6.700000000000000000e+03 5.638400000000000000e+04 4.080000000000000000e+02 2.161999940872192383e+00
1.158000000000000000e+03 5.266800000000000000e+04 3.950000000000000000e+02 2.049999952316284180e+00
7.761000000000000000e+03 5.807100000000000000e+04 3.330000000000000000e+02 2.066768884658813477e+00
9.174000000000000000e+03 5.807000000000000000e+04 8.640000000000000000e+02 2.225519895553588867e+00
5.188000000000000000e+03 5.580300000000000000e+04 8.700000000000000000e+01 2.003000020980834961e+00
1.211000000000000000e+03 5.296400000000000000e+04 4.500000000000000000e+01 1.937000036239624023e+00
1.215000000000000000e+03 5.272500000000000000e+04 3.750000000000000000e+02 2.058000087738037109e+00
7.298000000000000000e+03 5.666100000000000000e+04 7.660000000000000000e+02 2.119999885559082031e+00
4.634000000000000000e+03 5.562600000000000000e+04 9.000000000000000000e+01 2.394999980926513672e+00
1.128100000000000000e+04 5.842400000000000000e+04 1.020000000000000000e+02 2.012389898300170898e+00
4.558000000000000000e+03 5.556900000000000000e+04 8.000000000000000000e+01 2.151999950408935547e+00
4.974000000000000000e+03 5.603800000000000000e+04 8.020000000000000000e+02 2.213000059127807617e+00
7.850000000000000000e+03 5.695600000000000000e+04 1.800000000000000000e+02 2.385060071945190430e+00
5.813000000000000000e+03 5.636300000000000000e+04 7.360000000000000000e+02 2.278000116348266602e+00
3.853000000000000000e+03 5.526800000000000000e+04 4.550000000000000000e+02 1.955999970436096191e+00
4.568000000000000000e+03 5.560000000000000000e+04 7.800000000000000000e+01 2.394999980926513672e+00
7.679000000000000000e+03 5.736700000000000000e+04 3.420000000000000000e+02 1.911615729331970215e+00
4.079000000000000000e+03 5.536300000000000000e+04 6.520000000000000000e+02 2.198999881744384766e+00
7.611000000000000000e+03 5.694600000000000000e+04 5.920000000000000000e+02 1.975682020187377930e+00
5.174000000000000000e+03 5.604700000000000000e+04 1.000000000000000000e+00 2.095000028610229492e+00
6.686000000000000000e+03 5.638900000000000000e+04 6.960000000000000000e+02 2.269000053405761719e+00
4.688000000000000000e+03 5.600800000000000000e+04 7.200000000000000000e+02 1.962000012397766113e+00
8.163000000000000000e+03 5.704900000000000000e+04 8.820000000000000000e+02 2.130973100662231445e+00
1.045100000000000000e+04 5.814100000000000000e+04 9.980000000000000000e+02 2.114852905273437500e+00
6.745000000000000000e+03 5.642500000000000000e+04 8.200000000000000000e+01 2.232000112533569336e+00
7.421000000000000000e+03 5.715900000000000000e+04 7.200000000000000000e+02 2.018728017807006836e+00
5.715000000000000000e+03 5.665700000000000000e+04 6.800000000000000000e+01 2.229000091552734375e+00
1.129600000000000000e+04 5.842500000000000000e+04 8.330000000000000000e+02 2.015531063079833984e+00
7.607000000000000000e+03 5.690200000000000000e+04 1.400000000000000000e+02 2.099436998367309570e+00
7.100000000000000000e+03 5.663600000000000000e+04 1.440000000000000000e+02 2.312000036239624023e+00
1.276000000000000000e+03 5.303500000000000000e+04 6.310000000000000000e+02 2.109999895095825195e+00
7.587000000000000000e+03 5.729700000000000000e+04 2.020000000000000000e+02 1.922621965408325195e+00
6.503000000000000000e+03 5.656400000000000000e+04 4.120000000000000000e+02 2.299999952316284180e+00
3.754000000000000000e+03 5.548800000000000000e+04 5.200000000000000000e+02 2.141999959945678711e+00
7.648000000000000000e+03 5.732900000000000000e+04 9.340000000000000000e+02 2.383102416992187500e+00
4.404000000000000000e+03 5.551300000000000000e+04 6.320000000000000000e+02 2.265000104904174805e+00
1.026800000000000000e+04 5.848700000000000000e+04 7.880000000000000000e+02 1.961017012596130371e+00
9.172000000000000000e+03 5.801500000000000000e+04 1.100000000000000000e+02 2.231029987335205078e+00
7.652000000000000000e+03 5.757900000000000000e+04 1.760000000000000000e+02 1.958935022354125977e+00
7.634000000000000000e+03 5.693500000000000000e+04 9.400000000000000000e+01 2.016302108764648438e+00
7.607000000000000000e+03 5.690200000000000000e+04 4.240000000000000000e+02 1.996147990226745605e+00
7.756000000000000000e+03 5.839200000000000000e+04 4.860000000000000000e+02 1.921242952346801758e+00
9.309000000000000000e+03 5.807400000000000000e+04 8.600000000000000000e+02 2.229820013046264648e+00
7.616000000000000000e+03 5.690200000000000000e+04 3.640000000000000000e+02 1.907873988151550293e+00
4.228000000000000000e+03 5.548400000000000000e+04 6.800000000000000000e+01 2.278000116348266602e+00
5.712000000000000000e+03 5.660200000000000000e+04 2.640000000000000000e+02 2.003999948501586914e+00
8.300000000000000000e+02 5.229300000000000000e+04 4.100000000000000000e+02 2.386600017547607422e+00
7.311000000000000000e+03 5.703800000000000000e+04 1.000000000000000000e+02 2.128431081771850586e+00
7.051000000000000000e+03 5.657400000000000000e+04 6.320000000000000000e+02 2.214999914169311523e+00
7.741000000000000000e+03 5.807800000000000000e+04 6.150000000000000000e+02 1.995533943176269531e+00
9.363000000000000000e+03 5.774200000000000000e+04 5.700000000000000000e+01 1.928681969642639160e+00
