6.786000000000000000e+03 5.644800000000000000e+04 9.520000000000000000e+02 1.536999940872192383e+00
6.045000000000000000e+03 5.607200000000000000e+04 6.740000000000000000e+02 1.629999995231628418e+00
1.319000000000000000e+03 5.279100000000000000e+04 2.590000000000000000e+02 1.628999948501586914e+00
7.878000000000000000e+03 5.734000000000000000e+04 9.760000000000000000e+02 1.604020953178405762e+00
6.751000000000000000e+03 5.636800000000000000e+04 2.120000000000000000e+02 1.554999947547912598e+00
5.172000000000000000e+03 5.607100000000000000e+04 9.620000000000000000e+02 1.531999945640563965e+00
8.424000000000000000e+03 5.824800000000000000e+04 1.540000000000000000e+02 1.667297005653381348e+00
7.400000000000000000e+03 5.713400000000000000e+04 2.490000000000000000e+02 1.665066003799438477e+00
8.411000000000000000e+03 5.787500000000000000e+04 6.060000000000000000e+02 1.607347011566162109e+00
2.101000000000000000e+03 5.385800000000000000e+04 2.000000000000000000e+02 1.593000054359436035e+00
4.960000000000000000e+03 5.574700000000000000e+04 4.440000000000000000e+02 1.516000032424926758e+00
8.538000000000000000e+03 5.754900000000000000e+04 3.180000000000000000e+02 1.625033974647521973e+00
8.720000000000000000e+02 5.233900000000000000e+04 2.440000000000000000e+02 1.658100008964538574e+00
1.056000000000000000e+03 5.276400000000000000e+04 6.200000000000000000e+02 1.531999945640563965e+00
1.042000000000000000e+03 5.272500000000000000e+04 3.920000000000000000e+02 1.559000015258789062e+00
1.291000000000000000e+03 5.273800000000000000e+04 1.900000000000000000e+01 1.578999996185302734e+00
8.068000000000000000e+03 5.718500000000000000e+04 7.860000000000000000e+02 1.545228958129882812e+00
9.510000000000000000e+02 5.239800000000000000e+04 1.530000000000000000e+02 1.598999977111816406e+00
1.160000000000000000e+03 5.267400000000000000e+04 1.560000000000000000e+02 1.652999997138977051e+00
7.920000000000000000e+02 5.235300000000000000e+04 6.350000000000000000e+02 1.681499958038330078e+00
6.056000000000000000e+03 5.609200000000000000e+04 6.820000000000000000e+02 1.557000041007995605e+00
1.399000000000000000e+03 5.317200000000000000e+04 2.060000000000000000e+02 1.503000020980834961e+00
6.160000000000000000e+02 5.244200000000000000e+04 4.170000000000000000e+02 1.646000027656555176e+00
1.024900000000000000e+04 5.822900000000000000e+04 5.020000000000000000e+02 1.563138008117675781e+00
6.160000000000000000e+02 5.244200000000000000e+04 6.000000000000000000e+00 1.661999940872192383e+00
8.529000000000000000e+03 5.801300000000000000e+04 6.960000000000000000e+02 1.518219947814941406e+00
6.150000000000000000e+02 5.234700000000000000e+04 5.030000000000000000e+02 1.524999976158142090e+00
8.067000000000000000e+03 5.825300000000000000e+04 7.810000000000000000e+02 1.558807015419006348e+00
6.795000000000000000e+03 5.642500000000000000e+04 8.600000000000000000e+02 1.560999989509582520e+00
8.179000000000000000e+03 5.742900000000000000e+04 9.700000000000000000e+02 1.638553977012634277e+00
6.714000000000000000e+03 5.644700000000000000e+04 7.960000000000000000e+02 1.613000035285949707e+00
9.720000000000000000e+02 5.243500000000000000e+04 3.440000000000000000e+02 1.636999964714050293e+00
1.461000000000000000e+03 5.306200000000000000e+04 5.620000000000000000e+02 1.554000020027160645e+00
6.040000000000000000e+03 5.610100000000000000e+04 3.600000000000000000e+01 1.669000029563903809e+00
1.075300000000000000e+04 5.824200000000000000e+04 8.720000000000000000e+02 1.624408960342407227e+00
7.658000000000000000e+03 5.731200000000000000e+04 2.540000000000000000e+02 1.597450971603393555e+00
1.072500000000000000e+04 5.825000000000000000e+04 7.110000000000000000e+02 1.602447986602783203e+00
8.524000000000000000e+03 5.765600000000000000e+04 3.500000000000000000e+02 1.603700041770935059e+00
6.321000000000000000e+03 5.644900000000000000e+04 3.600000000000000000e+01 1.519999980926513672e+00
6.658000000000000000e+03 5.660600000000000000e+04 4.840000000000000000e+02 1.570999979972839355e+00
6.626000000000000000e+03 5.633000000000000000e+04 6.470000000000000000e+02 1.575999975204467773e+00
6.803000000000000000e+03 5.640200000000000000e+04 3.840000000000000000e+02 1.519000053405761719e+00
1.052000000000000000e+03 5.246600000000000000e+04 3.100000000000000000e+02 1.506000041961669922e+00
7.680000000000000000e+02 5.228100000000000000e+04 5.000000000000000000e+00 1.646000027656555176e+00
6.723000000000000000e+03 5.642800000000000000e+04 6.520000000000000000e+02 1.574000000953674316e+00
1.007000000000000000e+03 5.270600000000000000e+04 2.600000000000000000e+01 1.561200022697448730e+00
1.977000000000000000e+03 5.347500000000000000e+04 3.580000000000000000e+02 1.562000036239624023e+00
1.164900000000000000e+04 5.851400000000000000e+04 5.100000000000000000e+02 1.593749046325683594e+00
1.999000000000000000e+03 5.350300000000000000e+04 2.890000000000000000e+02 1.595399975776672363e+00
8.415000000000000000e+03 5.789300000000000000e+04 7.950000000000000000e+02 1.612007021903991699e+00
1.668000000000000000e+03 5.343300000000000000e+04 7.600000000000000000e+01 1.659999966621398926e+00
6.719000000000000000e+03 5.639000000000000000e+04 5.600000000000000000e+01 1.695999979972839355e+00
3.395000000000000000e+03 5.500400000000000000e+04 4.440000000000000000e+02 1.598000049591064453e+00
9.760000000000000000e+02 5.241300000000000000e+04 2.450000000000000000e+02 1.693199992179870605e+00
7.680000000000000000e+02 5.228100000000000000e+04 3.150000000000000000e+02 1.547700047492980957e+00
1.277000000000000000e+03 5.276500000000000000e+04 1.020000000000000000e+02 1.519999980926513672e+00
1.158000000000000000e+03 5.266800000000000000e+04 6.500000000000000000e+01 1.524999976158142090e+00
1.015000000000000000e+03 5.273400000000000000e+04 2.720000000000000000e+02 1.624300003051757812e+00
8.537000000000000000e+03 5.801400000000000000e+04 5.160000000000000000e+02 1.527529954910278320e+00
1.667000000000000000e+03 5.343000000000000000e+04 1.970000000000000000e+02 1.547999978065490723e+00
1.992000000000000000e+03 5.346600000000000000e+04 2.190000000000000000e+02 1.516999959945678711e+00
8.507000000000000000e+03 5.787800000000000000e+04 2.780000000000000000e+02 1.582856059074401855e+00
1.039000000000000000e+03 5.270700000000000000e+04 5.610000000000000000e+02 1.594243049621582031e+00
2.237000000000000000e+03 5.382800000000000000e+04 4.540000000000000000e+02 1.647199988365173340e+00
7.403000000000000000e+03 5.707100000000000000e+04 7.660000000000000000e+02 1.669322967529296875e+00
8.203000000000000000e+03 5.742800000000000000e+04 4.160000000000000000e+02 1.598018407821655273e+00
1.167000000000000000e+03 5.273800000000000000e+04 2.590000000000000000e+02 1.506100058555603027e+00
1.024600000000000000e+04 5.817100000000000000e+04 2.990000000000000000e+02 1.628800034523010254e+00
1.317000000000000000e+03 5.276500000000000000e+04 3.420000000000000000e+02 1.649099946022033691e+00
4.565000000000000000e+03 5.559100000000000000e+04 6.600000000000000000e+01 1.664000034332275391e+00
1.022900000000000000e+04 5.844100000000000000e+04 9.410000000000000000e+02 1.549818992614746094e+00
7.425000000000000000e+03 5.677700000000000000e+04 8.320000000000000000e+02 1.679046273231506348e+00
8.402000000000000000e+03 5.784300000000000000e+04 5.760000000000000000e+02 1.591490030288696289e+00
8.536000000000000000e+03 5.801500000000000000e+04 8.940000000000000000e+02 1.536180973052978516e+00
6.669000000000000000e+03 5.641300000000000000e+04 1.180000000000000000e+02 1.661000013351440430e+00
1.669000000000000000e+03 5.343300000000000000e+04 1.610000000000000000e+02 1.570000052452087402e+00
1.074700000000000000e+04 5.822000000000000000e+04 9.010000000000000000e+02 1.628772020339965820e+00
7.910000000000000000e+02 5.243500000000000000e+04 1.260000000000000000e+02 1.536499977111816406e+00
9.430000000000000000e+02 5.237600000000000000e+04 4.650000000000000000e+02 1.588600039482116699e+00
1.418000000000000000e+03 5.314200000000000000e+04 2.920000000000000000e+02 1.654000043869018555e+00
7.102000000000000000e+03 5.666600000000000000e+04 9.080000000000000000e+02 1.656000018119812012e+00
9.460000000000000000e+02 5.240700000000000000e+04 4.300000000000000000e+02 1.671000003814697266e+00
1.090200000000000000e+04 5.839600000000000000e+04 8.680000000000000000e+02 1.671247959136962891e+00
1.327000000000000000e+03 5.278100000000000000e+04 4.430000000000000000e+02 1.515900015830993652e+00
5.167000000000000000e+03 5.606600000000000000e+04 3.780000000000000000e+02 1.616000056266784668e+00
6.190000000000000000e+02 5.205600000000000000e+04 2.950000000000000000e+02 1.616999983787536621e+00
1.073200000000000000e+04 5.825300000000000000e+04 1.730000000000000000e+02 1.648282051086425781e+00
9.590000000000000000e+02 5.241100000000000000e+04 5.300000000000000000e+02 1.618999958038330078e+00
8.426000000000000000e+03 5.822400000000000000e+04 9.700000000000000000e+02 1.660869956016540527e+00
1.382000000000000000e+03 5.311500000000000000e+04 4.180000000000000000e+02 1.610900044441223145e+00
8.855000000000000000e+03 5.778000000000000000e+04 2.760000000000000000e+02 1.561579942703247070e+00
6.791000000000000000e+03 5.642900000000000000e+04 6.040000000000000000e+02 1.567999958992004395e+00
8.499000000000000000e+03 5.743100000000000000e+04 2.840000000000000000e+02 1.520161986351013184e+00
1.349000000000000000e+03 5.279700000000000000e+04 3.510000000000000000e+02 1.628999948501586914e+00
1.994000000000000000e+03 5.384500000000000000e+04 3.510000000000000000e+02 1.547199964523315430e+00
1.430000000000000000e+03 5.300200000000000000e+04 4.870000000000000000e+02 1.633399963378906250e+00
5.741000000000000000e+03 5.598000000000000000e+04 4.040000000000000000e+02 1.509999990463256836e+00
4.564000000000000000e+03 5.557000000000000000e+04 2.760000000000000000e+02 1.587481975555419922e+00
1.453000000000000000e+03 5.308400000000000000e+04 1.170000000000000000e+02 1.531399965286254883e+00
1.684000000000000000e+03 5.323900000000000000e+04 6.310000000000000000e+02 1.503000020980834961e+00
1.024900000000000000e+04 5.822900000000000000e+04 8.750000000000000000e+02 1.696581959724426270e+00
2.030000000000000000e+03 5.349900000000000000e+04 2.970000000000000000e+02 1.550300002098083496e+00
8.868000000000000000e+03 5.778100000000000000e+04 4.300000000000000000e+02 1.558030009269714355e+00
1.461000000000000000e+03 5.306200000000000000e+04 2.400000000000000000e+01 1.608399987220764160e+00
8.826000000000000000e+03 5.745200000000000000e+04 7.530000000000000000e+02 1.577006816864013672e+00
1.072600000000000000e+04 5.819900000000000000e+04 2.120000000000000000e+02 1.676550030708312988e+00
8.841000000000000000e+03 5.742500000000000000e+04 2.060000000000000000e+02 1.661965012550354004e+00
6.130000000000000000e+02 5.234500000000000000e+04 1.200000000000000000e+02 1.544000029563903809e+00
1.075700000000000000e+04 5.822300000000000000e+04 8.370000000000000000e+02 1.647920966148376465e+00
8.059000000000000000e+03 5.789500000000000000e+04 6.010000000000000000e+02 1.526559948921203613e+00
1.130700000000000000e+04 5.843000000000000000e+04 4.910000000000000000e+02 1.575659990310668945e+00
1.072200000000000000e+04 5.828100000000000000e+04 3.860000000000000000e+02 1.572029948234558105e+00
8.432000000000000000e+03 5.783400000000000000e+04 1.120000000000000000e+02 1.608559966087341309e+00
1.284000000000000000e+03 5.273600000000000000e+04 5.400000000000000000e+02 1.565000057220458984e+00
1.075700000000000000e+04 5.822300000000000000e+04 1.800000000000000000e+01 1.696130037307739258e+00
1.992000000000000000e+03 5.346600000000000000e+04 2.020000000000000000e+02 1.546700000762939453e+00
8.058000000000000000e+03 5.719600000000000000e+04 8.710000000000000000e+02 1.503978967666625977e+00
6.743000000000000000e+03 5.638500000000000000e+04 4.570000000000000000e+02 1.536000013351440430e+00
9.650000000000000000e+02 5.243800000000000000e+04 4.300000000000000000e+02 1.506800055503845215e+00
1.076200000000000000e+04 5.839000000000000000e+04 7.040000000000000000e+02 1.613098025321960449e+00
8.511000000000000000e+03 5.790100000000000000e+04 2.990000000000000000e+02 1.588400006294250488e+00
4.459000000000000000e+03 5.553300000000000000e+04 3.840000000000000000e+02 1.592000007629394531e+00
8.526000000000000000e+03 5.789800000000000000e+04 5.620000000000000000e+02 1.534180045127868652e+00
8.360000000000000000e+03 5.745200000000000000e+04 6.570000000000000000e+02 1.606750011444091797e+00
6.734000000000000000e+03 5.638600000000000000e+04 6.900000000000000000e+01 1.516999959945678711e+00
1.971000000000000000e+03 5.347200000000000000e+04 4.900000000000000000e+01 1.616999983787536621e+00
1.279000000000000000e+03 5.273600000000000000e+04 5.520000000000000000e+02 1.631000041961669922e+00
5.137000000000000000e+03 5.583300000000000000e+04 4.100000000000000000e+02 1.623000025749206543e+00
7.710000000000000000e+03 5.828400000000000000e+04 4.460000000000000000e+02 1.646937966346740723e+00
1.373000000000000000e+03 5.306300000000000000e+04 7.400000000000000000e+01 1.519999980926513672e+00
2.027000000000000000e+03 5.343300000000000000e+04 7.200000000000000000e+01 1.552199959754943848e+00
8.865000000000000000e+03 5.742600000000000000e+04 4.900000000000000000e+02 1.587124943733215332e+00
1.134500000000000000e+04 5.842800000000000000e+04 8.460000000000000000e+02 1.573310017585754395e+00
1.072100000000000000e+04 5.828800000000000000e+04 4.800000000000000000e+02 1.560639977455139160e+00
7.613000000000000000e+03 5.698800000000000000e+04 8.640000000000000000e+02 1.592517971992492676e+00
1.026700000000000000e+04 5.822300000000000000e+04 3.980000000000000000e+02 1.589552998542785645e+00
1.426000000000000000e+03 5.299300000000000000e+04 1.500000000000000000e+01 1.677800059318542480e+00
1.954000000000000000e+03 5.335700000000000000e+04 5.730000000000000000e+02 1.677000045776367188e+00
8.511000000000000000e+03 5.790100000000000000e+04 6.300000000000000000e+02 1.537379980087280273e+00
1.274000000000000000e+03 5.299500000000000000e+04 3.230000000000000000e+02 1.662600040435791016e+00
4.530000000000000000e+02 5.191500000000000000e+04 4.800000000000000000e+02 1.611999988555908203e+00
6.746000000000000000e+03 5.638600000000000000e+04 8.620000000000000000e+02 1.550999999046325684e+00
9.040000000000000000e+02 5.238100000000000000e+04 4.810000000000000000e+02 1.523000001907348633e+00
4.574000000000000000e+03 5.562100000000000000e+04 7.380000000000000000e+02 1.677999973297119141e+00
1.951000000000000000e+03 5.338900000000000000e+04 1.670000000000000000e+02 1.503000020980834961e+00
1.684000000000000000e+03 5.323900000000000000e+04 4.320000000000000000e+02 1.582000017166137695e+00
1.075400000000000000e+04 5.822400000000000000e+04 2.620000000000000000e+02 1.698832035064697266e+00
1.043000000000000000e+04 5.815500000000000000e+04 6.750000000000000000e+02 1.666000008583068848e+00
1.209000000000000000e+03 5.267400000000000000e+04 5.140000000000000000e+02 1.684399962425231934e+00
2.091000000000000000e+03 5.344700000000000000e+04 4.150000000000000000e+02 1.504299998283386230e+00
1.026100000000000000e+04 5.846200000000000000e+04 2.630000000000000000e+02 1.507889986038208008e+00
9.710000000000000000e+02 5.264400000000000000e+04 1.560000000000000000e+02 1.600000023841857910e+00
7.885000000000000000e+03 5.733600000000000000e+04 9.540000000000000000e+02 1.573616981506347656e+00
8.754000000000000000e+03 5.842500000000000000e+04 1.130000000000000000e+02 1.556393980979919434e+00
1.273000000000000000e+03 5.299300000000000000e+04 2.120000000000000000e+02 1.664100050926208496e+00
7.704000000000000000e+03 5.757200000000000000e+04 3.020000000000000000e+02 1.659322023391723633e+00
1.073800000000000000e+04 5.825100000000000000e+04 7.500000000000000000e+02 1.560472965240478516e+00
9.460000000000000000e+02 5.240700000000000000e+04 5.030000000000000000e+02 1.509199976921081543e+00
1.166000000000000000e+03 5.275100000000000000e+04 2.100000000000000000e+02 1.623800039291381836e+00
2.083000000000000000e+03 5.335900000000000000e+04 3.340000000000000000e+02 1.537600040435791016e+00
7.669000000000000000e+03 5.732900000000000000e+04 6.870000000000000000e+02 1.618636965751647949e+00
6.674000000000000000e+03 5.641600000000000000e+04 6.300000000000000000e+02 1.656000018119812012e+00
1.207000000000000000e+03 5.267200000000000000e+04 5.000000000000000000e+01 1.674000024795532227e+00
6.940000000000000000e+02 5.220900000000000000e+04 2.650000000000000000e+02 1.644999980926513672e+00
8.195000000000000000e+03 5.739100000000000000e+04 2.620000000000000000e+02 1.527426958084106445e+00
6.696000000000000000e+03 5.639800000000000000e+04 3.880000000000000000e+02 1.618999958038330078e+00
9.611000000000000000e+03 5.810700000000000000e+04 6.430000000000000000e+02 1.508000016212463379e+00
7.703000000000000000e+03 5.733300000000000000e+04 3.480000000000000000e+02 1.697702050209045410e+00
9.387000000000000000e+03 5.810100000000000000e+04 4.440000000000000000e+02 1.650457978248596191e+00
8.340000000000000000e+02 5.231600000000000000e+04 8.100000000000000000e+01 1.625800013542175293e+00
4.410000000000000000e+02 5.186800000000000000e+04 1.000000000000000000e+00 1.643000006675720215e+00
7.416000000000000000e+03 5.681000000000000000e+04 4.660000000000000000e+02 1.639000058174133301e+00
7.846000000000000000e+03 5.698400000000000000e+04 4.000000000000000000e+00 1.661723017692565918e+00
7.390000000000000000e+03 5.713000000000000000e+04 7.200000000000000000e+02 1.528352975845336914e+00
8.173000000000000000e+03 5.737500000000000000e+04 9.810000000000000000e+02 1.502797961235046387e+00
8.840000000000000000e+03 5.742500000000000000e+04 1.830000000000000000e+02 1.603014945983886719e+00
7.717000000000000000e+03 5.810000000000000000e+04 6.840000000000000000e+02 1.598847985267639160e+00
1.951000000000000000e+03 5.338900000000000000e+04 6.360000000000000000e+02 1.679000020027160645e+00
1.989000000000000000e+03 5.377200000000000000e+04 4.820000000000000000e+02 1.509500026702880859e+00
7.420000000000000000e+03 5.675300000000000000e+04 9.860000000000000000e+02 1.592939972877502441e+00
1.038000000000000000e+03 5.267300000000000000e+04 4.260000000000000000e+02 1.554999947547912598e+00
8.284000000000000000e+03 5.741900000000000000e+04 9.600000000000000000e+01 1.503239989280700684e+00
8.756000000000000000e+03 5.768700000000000000e+04 3.800000000000000000e+02 1.629173040390014648e+00
1.047700000000000000e+04 5.813600000000000000e+04 2.390000000000000000e+02 1.685999989509582520e+00
1.354000000000000000e+03 5.281400000000000000e+04 1.510000000000000000e+02 1.672999978065490723e+00
1.128500000000000000e+04 5.840200000000000000e+04 7.780000000000000000e+02 1.568562984466552734e+00
1.011000000000000000e+03 5.265200000000000000e+04 4.770000000000000000e+02 1.538100004196166992e+00
8.219000000000000000e+03 5.742900000000000000e+04 5.040000000000000000e+02 1.539528012275695801e+00
9.384000000000000000e+03 5.808000000000000000e+04 6.760000000000000000e+02 1.557739973068237305e+00
4.365000000000000000e+03 5.553900000000000000e+04 9.150000000000000000e+02 1.620000004768371582e+00
1.130800000000000000e+04 5.842600000000000000e+04 3.600000000000000000e+01 1.545634031295776367e+00
7.295000000000000000e+03 5.706700000000000000e+04 7.200000000000000000e+02 1.564370036125183105e+00
7.095000000000000000e+03 5.662500000000000000e+04 7.000000000000000000e+01 1.656000018119812012e+00
1.076000000000000000e+04 5.822400000000000000e+04 5.280000000000000000e+02 1.542600035667419434e+00
6.157000000000000000e+03 5.623800000000000000e+04 6.880000000000000000e+02 1.501999974250793457e+00
4.199000000000000000e+03 5.548100000000000000e+04 7.260000000000000000e+02 1.646217942237854004e+00
2.092000000000000000e+03 5.346000000000000000e+04 2.100000000000000000e+02 1.521800041198730469e+00
7.845000000000000000e+03 5.698000000000000000e+04 7.000000000000000000e+00 1.640115976333618164e+00
1.684000000000000000e+03 5.323900000000000000e+04 1.880000000000000000e+02 1.697999954223632812e+00
1.029100000000000000e+04 5.810100000000000000e+04 7.540000000000000000e+02 1.643967986106872559e+00
7.577000000000000000e+03 5.694400000000000000e+04 6.770000000000000000e+02 1.570182323455810547e+00
1.870000000000000000e+03 5.338300000000000000e+04 3.830000000000000000e+02 1.651999950408935547e+00
2.107000000000000000e+03 5.378600000000000000e+04 6.370000000000000000e+02 1.503200054168701172e+00
1.979000000000000000e+03 5.343100000000000000e+04 1.850000000000000000e+02 1.616899967193603516e+00
1.592000000000000000e+03 5.299000000000000000e+04 5.780000000000000000e+02 1.597300052642822266e+00
8.285000000000000000e+03 5.704800000000000000e+04 6.020000000000000000e+02 1.582124948501586914e+00
7.902000000000000000e+03 5.736200000000000000e+04 6.360000000000000000e+02 1.662693023681640625e+00
8.220000000000000000e+03 5.743200000000000000e+04 7.060000000000000000e+02 1.606920003890991211e+00
9.080000000000000000e+02 5.237300000000000000e+04 5.000000000000000000e+02 1.615499973297119141e+00
1.784000000000000000e+03 5.442500000000000000e+04 4.950000000000000000e+02 1.534000039100646973e+00
8.754000000000000000e+03 5.842500000000000000e+04 5.160000000000000000e+02 1.573919057846069336e+00
8.750000000000000000e+03 5.840100000000000000e+04 2.930000000000000000e+02 1.503566980361938477e+00
2.092000000000000000e+03 5.346000000000000000e+04 3.050000000000000000e+02 1.636999964714050293e+00
1.023400000000000000e+04 5.815300000000000000e+04 5.260000000000000000e+02 1.690621018409729004e+00
7.706000000000000000e+03 5.757500000000000000e+04 2.330000000000000000e+02 1.519000053405761719e+00
8.506000000000000000e+03 5.789300000000000000e+04 9.850000000000000000e+02 1.558840036392211914e+00
7.732000000000000000e+03 5.810800000000000000e+04 9.060000000000000000e+02 1.689350008964538574e+00
7.852000000000000000e+03 5.698700000000000000e+04 2.980000000000000000e+02 1.690055012702941895e+00
1.026400000000000000e+04 5.816200000000000000e+04 4.400000000000000000e+01 1.543490052223205566e+00
7.885000000000000000e+03 5.733600000000000000e+04 5.980000000000000000e+02 1.528576016426086426e+00
7.846000000000000000e+03 5.698400000000000000e+04 8.120000000000000000e+02 1.531654953956604004e+00
7.770000000000000000e+03 5.804400000000000000e+04 1.820000000000000000e+02 1.679738044738769531e+00
8.384000000000000000e+03 5.751300000000000000e+04 5.220000000000000000e+02 1.566689014434814453e+00
4.250000000000000000e+02 5.189800000000000000e+04 3.480000000000000000e+02 1.626999974250793457e+00
8.850000000000000000e+03 5.778200000000000000e+04 8.640000000000000000e+02 1.651090025901794434e+00
7.654000000000000000e+03 5.733000000000000000e+04 1.320000000000000000e+02 1.565502047538757324e+00
1.782000000000000000e+03 5.329900000000000000e+04 6.380000000000000000e+02 1.667222023010253906e+00
8.874000000000000000e+03 5.742600000000000000e+04 3.500000000000000000e+02 1.631608009338378906e+00
1.217000000000000000e+03 5.267200000000000000e+04 1.160000000000000000e+02 1.592300057411193848e+00
7.582000000000000000e+03 5.696000000000000000e+04 9.120000000000000000e+02 1.695099949836730957e+00
7.726000000000000000e+03 5.815400000000000000e+04 6.920000000000000000e+02 1.657663941383361816e+00
1.092500000000000000e+04 5.827100000000000000e+04 9.000000000000000000e+01 1.677521944046020508e+00
1.107300000000000000e+04 5.845100000000000000e+04 1.710000000000000000e+02 1.667590022087097168e+00
4.704000000000000000e+03 5.568100000000000000e+04 7.900000000000000000e+02 1.569000005722045898e+00
4.238000000000000000e+03 5.545500000000000000e+04 9.980000000000000000e+02 1.598999977111816406e+00
7.674000000000000000e+03 5.735900000000000000e+04 1.860000000000000000e+02 1.682806015014648438e+00
7.679000000000000000e+03 5.736700000000000000e+04 6.600000000000000000e+01 1.589214563369750977e+00
1.138600000000000000e+04 5.851400000000000000e+04 8.030000000000000000e+02 1.523954987525939941e+00
