2.000000000000000000e+03 5.349500000000000000e+04 2.030000000000000000e+02 -1.268100313609465957e-04
6.920000000000000000e+02 5.220100000000000000e+04 4.700000000000000000e+01 -3.488114089122973382e-05
2.031000000000000000e+03 5.384800000000000000e+04 7.100000000000000000e+01 -1.588235027156770229e-04
8.500000000000000000e+03 5.743200000000000000e+04 4.060000000000000000e+02 -1.098295688279904425e-04
8.823000000000000000e+03 5.744600000000000000e+04 4.080000000000000000e+02 1.537594653200358152e-04
7.752000000000000000e+03 5.807200000000000000e+04 9.900000000000000000e+02 -8.389120921492576599e-05
8.181000000000000000e+03 5.707300000000000000e+04 7.540000000000000000e+02 -6.301793619059026241e-04
7.860000000000000000e+03 5.700600000000000000e+04 4.890000000000000000e+02 -2.414800474070943892e-05
1.027100000000000000e+04 5.849700000000000000e+04 3.040000000000000000e+02 -7.114637992344796658e-05
7.724000000000000000e+03 5.843400000000000000e+04 2.320000000000000000e+02 -6.196237791300518438e-06
1.131700000000000000e+04 5.839800000000000000e+04 1.860000000000000000e+02 -1.075580003089271486e-04
8.533000000000000000e+03 5.801700000000000000e+04 9.200000000000000000e+02 -2.262117923237383366e-04
1.127700000000000000e+04 5.845000000000000000e+04 3.420000000000000000e+02 -8.446122228633612394e-05
7.723000000000000000e+03 5.843000000000000000e+04 7.570000000000000000e+02 -1.045770986820571125e-04
7.757000000000000000e+03 5.839200000000000000e+04 2.640000000000000000e+02 2.880465035559609532e-05
1.074000000000000000e+04 5.822300000000000000e+04 6.590000000000000000e+02 -5.712766142096370459e-05
1.028900000000000000e+04 5.813300000000000000e+04 3.260000000000000000e+02 9.113163105212152004e-05
9.178000000000000000e+03 5.808100000000000000e+04 2.080000000000000000e+02 -2.979597411467693746e-05
7.589000000000000000e+03 5.694600000000000000e+04 2.340000000000000000e+02 -7.583863771287724376e-05
7.856000000000000000e+03 5.726000000000000000e+04 3.500000000000000000e+02 8.734677976462990046e-05
7.913000000000000000e+03 5.733300000000000000e+04 4.320000000000000000e+02 5.419344961410388350e-05
7.725000000000000000e+03 5.815800000000000000e+04 7.250000000000000000e+02 -6.423528975574299693e-05
7.289000000000000000e+03 5.703900000000000000e+04 1.840000000000000000e+02 1.243191036337520927e-05
1.107700000000000000e+04 5.843300000000000000e+04 8.170000000000000000e+02 1.480871674175432418e-06
7.736000000000000000e+03 5.772800000000000000e+04 3.500000000000000000e+01 -2.742029610089957714e-04
1.134000000000000000e+04 5.843300000000000000e+04 7.660000000000000000e+02 -1.038890986819751561e-04
