6.290000000000000000e+02 5.205100000000000000e+04 4.720000000000000000e+02 3.680000007152557373e-01
8.175000000000000000e+03 5.703900000000000000e+04 2.830000000000000000e+02 2.119999974966049194e-01
8.066000000000000000e+03 5.754400000000000000e+04 4.780000000000000000e+02 2.269999980926513672e-01
1.398000000000000000e+03 5.314600000000000000e+04 5.140000000000000000e+02 3.420000076293945312e-01
1.435000000000000000e+03 5.299600000000000000e+04 1.580000000000000000e+02 1.199271976947784424e-01
6.735000000000000000e+03 5.639700000000000000e+04 3.280000000000000000e+02 3.109999895095825195e-01
1.644000000000000000e+03 5.314400000000000000e+04 3.490000000000000000e+02 2.119999974966049194e-01
1.024700000000000000e+04 5.816200000000000000e+04 2.180000000000000000e+02 4.481790065765380859e-01
8.068000000000000000e+03 5.718500000000000000e+04 5.300000000000000000e+01 2.640615701675415039e-01
8.368000000000000000e+03 5.743100000000000000e+04 3.280000000000000000e+02 1.969999969005584717e-01
7.425000000000000000e+03 5.677700000000000000e+04 1.580000000000000000e+02 1.988243013620376587e-01
2.031000000000000000e+03 5.384800000000000000e+04 1.900000000000000000e+02 2.261606007814407349e-01
1.351000000000000000e+03 5.279000000000000000e+04 1.030000000000000000e+02 2.049999982118606567e-01
6.790000000000000000e+03 5.643000000000000000e+04 7.830000000000000000e+02 2.860000133514404297e-01
7.282000000000000000e+03 5.666000000000000000e+04 7.070000000000000000e+02 1.430000066757202148e-01
1.349000000000000000e+03 5.279700000000000000e+04 4.910000000000000000e+02 1.410000026226043701e-01
1.457000000000000000e+03 5.311600000000000000e+04 9.900000000000000000e+01 3.420000076293945312e-01
9.480000000000000000e+02 5.242800000000000000e+04 2.200000000000000000e+02 1.689999997615814209e-01
8.542000000000000000e+03 5.793300000000000000e+04 8.560000000000000000e+02 2.660000026226043701e-01
8.330000000000000000e+02 5.231400000000000000e+04 2.640000000000000000e+02 1.739999949932098389e-01
5.153000000000000000e+03 5.657700000000000000e+04 3.720000000000000000e+02 2.407678961753845215e-01
1.051000000000000000e+03 5.246800000000000000e+04 2.650000000000000000e+02 2.380000054836273193e-01
7.324000000000000000e+03 5.693500000000000000e+04 8.330000000000000000e+02 3.700000047683715820e-01
8.535000000000000000e+03 5.801900000000000000e+04 9.500000000000000000e+01 2.946281135082244873e-01
1.290000000000000000e+03 5.273400000000000000e+04 2.640000000000000000e+02 2.630000114440917969e-01
7.844000000000000000e+03 5.698200000000000000e+04 5.700000000000000000e+01 2.403851747512817383e-01
3.850000000000000000e+02 5.178300000000000000e+04 4.870000000000000000e+02 2.770000100135803223e-01
8.297000000000000000e+03 5.741600000000000000e+04 1.380000000000000000e+02 4.415268599987030029e-01
2.931000000000000000e+03 5.459000000000000000e+04 4.960000000000000000e+02 4.499999880790710449e-01
8.541000000000000000e+03 5.825700000000000000e+04 3.850000000000000000e+02 3.619999885559082031e-01
7.852000000000000000e+03 5.698700000000000000e+04 9.590000000000000000e+02 3.000995516777038574e-01
1.667000000000000000e+03 5.343000000000000000e+04 1.090000000000000000e+02 3.429999947547912598e-01
7.676000000000000000e+03 5.732900000000000000e+04 3.520000000000000000e+02 1.510009616613388062e-01
7.706000000000000000e+03 5.757500000000000000e+04 6.070000000000000000e+02 2.886317968368530273e-01
4.370000000000000000e+02 5.187600000000000000e+04 5.380000000000000000e+02 4.487498104572296143e-01
9.030000000000000000e+02 5.240000000000000000e+04 1.410000000000000000e+02 2.300000041723251343e-01
2.015000000000000000e+03 5.381900000000000000e+04 4.270000000000000000e+02 3.447999954223632812e-01
1.073100000000000000e+04 5.824700000000000000e+04 9.590000000000000000e+02 3.943451046943664551e-01
1.214000000000000000e+03 5.273100000000000000e+04 1.070000000000000000e+02 2.514950037002563477e-01
1.465000000000000000e+03 5.308200000000000000e+04 2.800000000000000000e+02 3.170000016689300537e-01
1.023200000000000000e+04 5.822300000000000000e+04 2.060000000000000000e+02 3.007516860961914062e-01
1.054000000000000000e+03 5.251600000000000000e+04 3.090000000000000000e+02 4.970000088214874268e-01
3.736000000000000000e+03 5.521400000000000000e+04 9.980000000000000000e+02 2.388903945684432983e-01
7.885000000000000000e+03 5.733600000000000000e+04 8.740000000000000000e+02 1.681067049503326416e-01
6.061000000000000000e+03 5.607600000000000000e+04 5.570000000000000000e+02 4.469999969005584717e-01
1.164000000000000000e+03 5.267400000000000000e+04 2.390000000000000000e+02 2.099999934434890747e-01
6.220000000000000000e+02 5.205400000000000000e+04 3.310000000000000000e+02 2.460000067949295044e-01
1.057000000000000000e+03 5.252200000000000000e+04 6.150000000000000000e+02 2.910000085830688477e-01
7.744000000000000000e+03 5.839600000000000000e+04 1.300000000000000000e+02 8.155085146427154541e-02
9.030000000000000000e+02 5.240000000000000000e+04 8.800000000000000000e+01 4.313780963420867920e-01
8.496000000000000000e+03 5.815900000000000000e+04 1.680000000000000000e+02 4.148418009281158447e-01
1.310000000000000000e+03 5.303300000000000000e+04 1.000000000000000000e+00 3.000000119209289551e-01
7.409000000000000000e+03 5.680900000000000000e+04 2.040000000000000000e+02 3.749282956123352051e-01
4.400000000000000000e+02 5.188500000000000000e+04 6.100000000000000000e+02 1.402578055858612061e-01
1.128700000000000000e+04 5.842900000000000000e+04 7.260000000000000000e+02 4.012641906738281250e-01
1.038000000000000000e+03 5.267300000000000000e+04 4.610000000000000000e+02 8.299999684095382690e-02
1.130400000000000000e+04 5.844800000000000000e+04 3.960000000000000000e+02 2.381021976470947266e-01
7.382000000000000000e+03 5.699100000000000000e+04 4.010000000000000000e+02 3.319999873638153076e-01
8.396000000000000000e+03 5.783700000000000000e+04 2.830000000000000000e+02 3.121260106563568115e-01
8.870000000000000000e+02 5.237600000000000000e+04 4.600000000000000000e+02 4.650000035762786865e-01
1.452000000000000000e+03 5.311200000000000000e+04 5.760000000000000000e+02 2.579999864101409912e-01
7.866000000000000000e+03 5.700200000000000000e+04 6.080000000000000000e+02 3.950000107288360596e-01
7.310000000000000000e+03 5.669300000000000000e+04 7.040000000000000000e+02 3.549999892711639404e-01
1.011000000000000000e+03 5.265200000000000000e+04 3.250000000000000000e+02 3.100000023841857910e-01
1.074900000000000000e+04 5.848500000000000000e+04 4.730000000000000000e+02 3.479999899864196777e-01
1.106100000000000000e+04 5.842800000000000000e+04 1.930000000000000000e+02 1.904267966747283936e-01
1.049000000000000000e+03 5.275100000000000000e+04 7.100000000000000000e+01 2.610000073909759521e-01
1.280000000000000000e+03 5.273800000000000000e+04 3.540000000000000000e+02 2.450000047683715820e-01
2.097000000000000000e+03 5.349100000000000000e+04 1.760000000000000000e+02 1.350000053644180298e-01
4.450000000000000000e+02 5.187300000000000000e+04 7.500000000000000000e+01 3.230000138282775879e-01
1.038000000000000000e+03 5.267300000000000000e+04 2.470000000000000000e+02 4.959999918937683105e-01
9.730000000000000000e+02 5.242600000000000000e+04 2.790000000000000000e+02 9.499999880790710449e-02
9.310000000000000000e+02 5.261900000000000000e+04 2.430000000000000000e+02 2.599999904632568359e-01
7.719000000000000000e+03 5.808200000000000000e+04 7.060000000000000000e+02 1.816881000995635986e-01
4.627000000000000000e+03 5.562600000000000000e+04 3.370000000000000000e+02 4.930000007152557373e-01
2.085000000000000000e+03 5.337900000000000000e+04 2.690000000000000000e+02 3.528707921504974365e-01
1.276000000000000000e+03 5.303500000000000000e+04 4.480000000000000000e+02 1.459999978542327881e-01
3.238000000000000000e+03 5.488500000000000000e+04 4.660000000000000000e+02 3.179999887943267822e-01
1.111400000000000000e+04 5.843700000000000000e+04 5.770000000000000000e+02 1.980789005756378174e-01
8.740000000000000000e+02 5.233800000000000000e+04 1.860000000000000000e+02 2.310000061988830566e-01
1.294000000000000000e+03 5.275300000000000000e+04 2.890000000000000000e+02 1.580000072717666626e-01
1.419000000000000000e+03 5.314400000000000000e+04 6.360000000000000000e+02 3.829999864101409912e-01
7.582000000000000000e+03 5.696000000000000000e+04 3.630000000000000000e+02 2.119915932416915894e-01
8.878000000000000000e+03 5.778500000000000000e+04 4.590000000000000000e+02 2.567309141159057617e-01
7.516000000000000000e+03 5.678200000000000000e+04 5.810000000000000000e+02 4.230000078678131104e-01
9.155000000000000000e+03 5.804300000000000000e+04 3.710000000000000000e+02 3.138656914234161377e-01
1.072200000000000000e+04 5.828100000000000000e+04 4.860000000000000000e+02 4.869872033596038818e-01
1.076300000000000000e+04 5.839500000000000000e+04 7.970000000000000000e+02 2.059372067451477051e-01
7.836000000000000000e+03 5.727800000000000000e+04 5.510000000000000000e+02 2.326640039682388306e-01
1.049000000000000000e+03 5.275100000000000000e+04 2.700000000000000000e+01 2.919999957084655762e-01
1.983000000000000000e+03 5.344200000000000000e+04 1.410000000000000000e+02 2.649999856948852539e-01
1.735000000000000000e+03 5.303500000000000000e+04 5.570000000000000000e+02 3.899999856948852539e-01
7.631000000000000000e+03 5.727900000000000000e+04 1.080000000000000000e+02 2.022202014923095703e-01
4.500000000000000000e+02 5.190800000000000000e+04 5.750000000000000000e+02 1.110000014305114746e-01
1.427000000000000000e+03 5.299600000000000000e+04 3.140000000000000000e+02 4.253999888896942139e-01
4.558000000000000000e+03 5.556900000000000000e+04 2.070000000000000000e+02 3.622198998928070068e-01
7.606000000000000000e+03 5.697700000000000000e+04 7.990000000000000000e+02 2.920893132686614990e-01
9.163000000000000000e+03 5.804300000000000000e+04 8.420000000000000000e+02 1.827066987752914429e-01
7.846000000000000000e+03 5.698400000000000000e+04 9.220000000000000000e+02 2.529916465282440186e-01
8.167000000000000000e+03 5.707100000000000000e+04 9.440000000000000000e+02 4.530203938484191895e-01
7.699000000000000000e+03 5.757400000000000000e+04 5.660000000000000000e+02 5.942552909255027771e-02
8.810000000000000000e+02 5.236800000000000000e+04 1.600000000000000000e+02 2.890000045299530029e-01
6.373000000000000000e+03 5.629800000000000000e+04 2.100000000000000000e+02 4.289999902248382568e-01
1.127900000000000000e+04 5.844900000000000000e+04 8.040000000000000000e+02 3.403958082199096680e-01
7.650000000000000000e+03 5.757500000000000000e+04 3.180000000000000000e+02 4.824309945106506348e-01
7.835000000000000000e+03 5.698600000000000000e+04 3.190000000000000000e+02 4.346461892127990723e-01
7.601000000000000000e+03 5.695900000000000000e+04 8.650000000000000000e+02 1.914166957139968872e-01
7.752000000000000000e+03 5.807200000000000000e+04 7.700000000000000000e+01 2.826527059078216553e-01
1.780000000000000000e+03 5.309000000000000000e+04 8.000000000000000000e+00 3.219999969005584717e-01
7.594000000000000000e+03 5.694700000000000000e+04 4.250000000000000000e+02 3.391627371311187744e-01
7.749000000000000000e+03 5.807300000000000000e+04 6.910000000000000000e+02 2.863084971904754639e-01
9.153000000000000000e+03 5.802200000000000000e+04 1.740000000000000000e+02 2.028491050004959106e-01
9.370000000000000000e+02 5.270700000000000000e+04 8.600000000000000000e+01 2.680000066757202148e-01
7.735000000000000000e+03 5.813600000000000000e+04 9.310000000000000000e+02 3.207652866840362549e-01
1.134300000000000000e+04 5.843000000000000000e+04 6.850000000000000000e+02 3.007447123527526855e-01
