4.709000000000000000e+03 5.572000000000000000e+04 4.980000000000000000e+02 1.714549958705902100e-01
2.972000000000000000e+03 5.458600000000000000e+04 2.040000000000000000e+02 7.971689850091934204e-02
1.075600000000000000e+04 5.822600000000000000e+04 7.760000000000000000e+02 1.632701009511947632e-01
5.530000000000000000e+02 5.199900000000000000e+04 5.780000000000000000e+02 1.899999976158142090e-01
8.740000000000000000e+02 5.233800000000000000e+04 4.370000000000000000e+02 1.424348950386047363e-01
1.435000000000000000e+03 5.299600000000000000e+04 1.580000000000000000e+02 1.199271976947784424e-01
7.841000000000000000e+03 5.696000000000000000e+04 7.500000000000000000e+01 1.978430300951004028e-01
7.718000000000000000e+03 5.736200000000000000e+04 4.660000000000000000e+02 7.168996334075927734e-02
6.270000000000000000e+02 5.214400000000000000e+04 1.840000000000000000e+02 1.920000016689300537e-01
8.368000000000000000e+03 5.743100000000000000e+04 3.280000000000000000e+02 1.969999969005584717e-01
7.425000000000000000e+03 5.677700000000000000e+04 1.580000000000000000e+02 1.988243013620376587e-01
9.148000000000000000e+03 5.803900000000000000e+04 4.130000000000000000e+02 9.013330191373825073e-02
8.399000000000000000e+03 5.784300000000000000e+04 6.060000000000000000e+02 1.389137953519821167e-01
7.282000000000000000e+03 5.666000000000000000e+04 7.070000000000000000e+02 1.430000066757202148e-01
1.025400000000000000e+04 5.851400000000000000e+04 2.260000000000000000e+02 1.797868013381958008e-01
1.349000000000000000e+03 5.279700000000000000e+04 4.910000000000000000e+02 1.410000026226043701e-01
7.879000000000000000e+03 5.735900000000000000e+04 7.060000000000000000e+02 1.909656524658203125e-01
9.480000000000000000e+02 5.242800000000000000e+04 2.200000000000000000e+02 1.689999997615814209e-01
7.748000000000000000e+03 5.839600000000000000e+04 1.380000000000000000e+02 8.136322349309921265e-02
8.402000000000000000e+03 5.784300000000000000e+04 9.100000000000000000e+02 1.328213959932327271e-01
8.330000000000000000e+02 5.231400000000000000e+04 2.640000000000000000e+02 1.739999949932098389e-01
6.724000000000000000e+03 5.641600000000000000e+04 3.640000000000000000e+02 1.913502067327499390e-01
8.168000000000000000e+03 5.699200000000000000e+04 7.260000000000000000e+02 1.676940023899078369e-01
5.648000000000000000e+03 5.592300000000000000e+04 5.140000000000000000e+02 1.750259995460510254e-01
1.110200000000000000e+04 5.842500000000000000e+04 5.100000000000000000e+02 9.548132866621017456e-02
1.353000000000000000e+03 5.308300000000000000e+04 3.750000000000000000e+02 1.645922064781188965e-01
1.870000000000000000e+03 5.338300000000000000e+04 4.410000000000000000e+02 1.041271984577178955e-01
7.698000000000000000e+03 5.801300000000000000e+04 9.490000000000000000e+02 1.524838507175445557e-01
7.676000000000000000e+03 5.732900000000000000e+04 3.520000000000000000e+02 1.510009616613388062e-01
9.142000000000000000e+03 5.766400000000000000e+04 6.110000000000000000e+02 1.217800006270408630e-01
6.300000000000000000e+02 5.205000000000000000e+04 6.390000000000000000e+02 1.560249030590057373e-01
6.300000000000000000e+02 5.205000000000000000e+04 6.370000000000000000e+02 1.502270996570587158e-01
1.338000000000000000e+03 5.276500000000000000e+04 3.660000000000000000e+02 1.991811990737915039e-01
7.885000000000000000e+03 5.733600000000000000e+04 8.740000000000000000e+02 1.681067049503326416e-01
4.390000000000000000e+02 5.187700000000000000e+04 3.290000000000000000e+02 1.390673071146011353e-01
2.006000000000000000e+03 5.347600000000000000e+04 1.790000000000000000e+02 1.862937062978744507e-01
7.744000000000000000e+03 5.839600000000000000e+04 1.300000000000000000e+02 8.155085146427154541e-02
1.460000000000000000e+03 5.313800000000000000e+04 5.730000000000000000e+02 1.978397071361541748e-01
4.400000000000000000e+02 5.188500000000000000e+04 6.100000000000000000e+02 1.402578055858612061e-01
7.856000000000000000e+03 5.726000000000000000e+04 4.960000000000000000e+02 8.053953945636749268e-02
1.336000000000000000e+03 5.275900000000000000e+04 2.300000000000000000e+02 1.857860982418060303e-01
7.604000000000000000e+03 5.694700000000000000e+04 9.190000000000000000e+02 1.605398952960968018e-01
1.038000000000000000e+03 5.267300000000000000e+04 4.610000000000000000e+02 8.299999684095382690e-02
9.480000000000000000e+02 5.242800000000000000e+04 5.410000000000000000e+02 1.155126988887786865e-01
1.314000000000000000e+03 5.305000000000000000e+04 3.850000000000000000e+02 1.060001030564308167e-01
7.818000000000000000e+03 5.698900000000000000e+04 2.420000000000000000e+02 1.721297018229961395e-02
7.723000000000000000e+03 5.843000000000000000e+04 1.700000000000000000e+02 1.155669987201690674e-01
1.066600000000000000e+04 5.844000000000000000e+04 1.880000000000000000e+02 8.474107831716537476e-02
3.970000000000000000e+02 5.179400000000000000e+04 1.310000000000000000e+02 1.793875992298126221e-01
8.055000000000000000e+03 5.718700000000000000e+04 1.330000000000000000e+02 1.525999307632446289e-01
1.279000000000000000e+03 5.273600000000000000e+04 5.720000000000000000e+02 1.217261031270027161e-01
1.160000000000000000e+03 5.267400000000000000e+04 4.570000000000000000e+02 1.610254943370819092e-01
7.915000000000000000e+03 5.730900000000000000e+04 7.080000000000000000e+02 1.916951984167098999e-01
7.100000000000000000e+03 5.663600000000000000e+04 3.980000000000000000e+02 1.818183958530426025e-01
2.342000000000000000e+03 5.374200000000000000e+04 3.670000000000000000e+02 1.158661991357803345e-01
1.073000000000000000e+04 5.824400000000000000e+04 4.580000000000000000e+02 1.790584027767181396e-01
9.355000000000000000e+03 5.781400000000000000e+04 9.200000000000000000e+02 8.330058306455612183e-02
1.106100000000000000e+04 5.842800000000000000e+04 1.930000000000000000e+02 1.904267966747283936e-01
1.736000000000000000e+03 5.305200000000000000e+04 4.670000000000000000e+02 1.352360993623733521e-01
6.120000000000000000e+02 5.207900000000000000e+04 3.150000000000000000e+02 1.480955928564071655e-01
2.097000000000000000e+03 5.349100000000000000e+04 1.760000000000000000e+02 1.350000053644180298e-01
8.235000000000000000e+03 5.819100000000000000e+04 9.300000000000000000e+02 1.494653970003128052e-01
9.550000000000000000e+02 5.240900000000000000e+04 1.670000000000000000e+02 6.086535006761550903e-02
9.730000000000000000e+02 5.242600000000000000e+04 2.790000000000000000e+02 9.499999880790710449e-02
7.719000000000000000e+03 5.808200000000000000e+04 7.060000000000000000e+02 1.816881000995635986e-01
1.319000000000000000e+03 5.279100000000000000e+04 5.390000000000000000e+02 1.928835958242416382e-01
4.983000000000000000e+03 5.583600000000000000e+04 9.580000000000000000e+02 1.274089962244033813e-01
8.174000000000000000e+03 5.737400000000000000e+04 2.070000000000000000e+02 1.395909339189529419e-01
1.276000000000000000e+03 5.303500000000000000e+04 4.480000000000000000e+02 1.459999978542327881e-01
3.930000000000000000e+02 5.179400000000000000e+04 9.500000000000000000e+01 1.099779978394508362e-01
8.505000000000000000e+03 5.783400000000000000e+04 9.570000000000000000e+02 9.050069004297256470e-02
1.111400000000000000e+04 5.843700000000000000e+04 5.770000000000000000e+02 1.980789005756378174e-01
1.294000000000000000e+03 5.275300000000000000e+04 2.890000000000000000e+02 1.580000072717666626e-01
1.644000000000000000e+03 5.314400000000000000e+04 3.510000000000000000e+02 1.720198988914489746e-01
6.193000000000000000e+03 5.623700000000000000e+04 2.720000000000000000e+02 1.446513980627059937e-01
1.091700000000000000e+04 5.825200000000000000e+04 1.800000000000000000e+02 1.592026948928833008e-01
8.398000000000000000e+03 5.787000000000000000e+04 6.120000000000000000e+02 1.091020032763481140e-01
7.618000000000000000e+03 5.689800000000000000e+04 4.910000000000000000e+02 1.539984047412872314e-01
9.161000000000000000e+03 5.769100000000000000e+04 2.340000000000000000e+02 1.370023041963577271e-01
1.074800000000000000e+04 5.822400000000000000e+04 9.700000000000000000e+02 1.929972022771835327e-01
8.910000000000000000e+02 5.258400000000000000e+04 3.370000000000000000e+02 1.574161946773529053e-01
9.430000000000000000e+02 5.237600000000000000e+04 5.920000000000000000e+02 1.593226045370101929e-01
1.677000000000000000e+03 5.314800000000000000e+04 5.430000000000000000e+02 1.350909024477005005e-01
1.131200000000000000e+04 5.843300000000000000e+04 9.600000000000000000e+01 1.847926974296569824e-01
8.064000000000000000e+03 5.825500000000000000e+04 2.070000000000000000e+02 1.324364989995956421e-01
1.042000000000000000e+03 5.272500000000000000e+04 4.140000000000000000e+02 1.644560992717742920e-01
7.318000000000000000e+03 5.699000000000000000e+04 6.840000000000000000e+02 1.337078064680099487e-01
6.874000000000000000e+03 5.655000000000000000e+04 9.400000000000000000e+02 1.575947999954223633e-01
4.500000000000000000e+02 5.190800000000000000e+04 5.750000000000000000e+02 1.110000014305114746e-01
7.394000000000000000e+03 5.713100000000000000e+04 2.360000000000000000e+02 1.127789989113807678e-01
1.130400000000000000e+04 5.844800000000000000e+04 5.360000000000000000e+02 1.588356941938400269e-01
1.427000000000000000e+03 5.299600000000000000e+04 5.270000000000000000e+02 1.547829955816268921e-01
2.000000000000000000e+03 5.349500000000000000e+04 4.850000000000000000e+02 1.911702007055282593e-01
6.289000000000000000e+03 5.655900000000000000e+04 2.060000000000000000e+02 1.125895008444786072e-01
1.400000000000000000e+03 5.347000000000000000e+04 1.530000000000000000e+02 1.960638016462326050e-01
1.358000000000000000e+03 5.299400000000000000e+04 1.320000000000000000e+02 1.353178024291992188e-01
7.629000000000000000e+03 5.698800000000000000e+04 6.080000000000000000e+02 1.766639947891235352e-01
7.285000000000000000e+03 5.699100000000000000e+04 7.700000000000000000e+01 1.280281990766525269e-01
9.163000000000000000e+03 5.804300000000000000e+04 8.420000000000000000e+02 1.827066987752914429e-01
1.985000000000000000e+03 5.343100000000000000e+04 4.410000000000000000e+02 1.553280949592590332e-01
7.868000000000000000e+03 5.700600000000000000e+04 6.340000000000000000e+02 1.947952061891555786e-01
7.667000000000000000e+03 5.758000000000000000e+04 6.840000000000000000e+02 1.739311069250106812e-01
7.379000000000000000e+03 5.671300000000000000e+04 3.730000000000000000e+02 1.533146053552627563e-01
1.065900000000000000e+04 5.816100000000000000e+04 1.370000000000000000e+02 8.626568317413330078e-02
4.297000000000000000e+03 5.580600000000000000e+04 3.400000000000000000e+01 1.956616044044494629e-01
6.516000000000000000e+03 5.657100000000000000e+04 3.360000000000000000e+02 1.738796979188919067e-01
7.699000000000000000e+03 5.757400000000000000e+04 5.660000000000000000e+02 5.942552909255027771e-02
5.520000000000000000e+02 5.199200000000000000e+04 6.350000000000000000e+02 1.899815052747726440e-01
8.743000000000000000e+03 5.766300000000000000e+04 6.360000000000000000e+02 9.562429785728454590e-02
7.326000000000000000e+03 5.671000000000000000e+04 5.860000000000000000e+02 1.811088025569915771e-01
7.700000000000000000e+03 5.801600000000000000e+04 5.880000000000000000e+02 1.175715029239654541e-01
9.352000000000000000e+03 5.780500000000000000e+04 6.000000000000000000e+02 1.391375958919525146e-01
4.390000000000000000e+02 5.187700000000000000e+04 3.590000000000000000e+02 1.573989987373352051e-01
7.706000000000000000e+03 5.757500000000000000e+04 7.000000000000000000e+00 1.225780025124549866e-01
7.881000000000000000e+03 5.728200000000000000e+04 5.280000000000000000e+02 1.414349973201751709e-01
4.290000000000000000e+02 5.182000000000000000e+04 2.860000000000000000e+02 1.986031979322433472e-01
1.129400000000000000e+04 5.845100000000000000e+04 2.940000000000000000e+02 1.201751977205276489e-01
5.430000000000000000e+02 5.201700000000000000e+04 3.750000000000000000e+02 7.636108994483947754e-02
4.289000000000000000e+03 5.585600000000000000e+04 6.870000000000000000e+02 1.783864051103591919e-01
7.601000000000000000e+03 5.695900000000000000e+04 8.650000000000000000e+02 1.914166957139968872e-01
1.065700000000000000e+04 5.815700000000000000e+04 7.120000000000000000e+02 1.681690067052841187e-01
5.961000000000000000e+03 5.646000000000000000e+04 3.170000000000000000e+02 1.997337043285369873e-01
3.900000000000000000e+02 5.190000000000000000e+04 1.890000000000000000e+02 1.674675047397613525e-01
6.595000000000000000e+03 5.656900000000000000e+04 9.920000000000000000e+02 1.569256931543350220e-01
1.361000000000000000e+03 5.304700000000000000e+04 3.800000000000000000e+02 1.662802994251251221e-01
7.724000000000000000e+03 5.843400000000000000e+04 5.800000000000000000e+02 1.209148988127708435e-01
4.387000000000000000e+03 5.553400000000000000e+04 7.820000000000000000e+02 1.406762003898620605e-01
3.790000000000000000e+02 5.178900000000000000e+04 7.400000000000000000e+01 1.102717965841293335e-01
3.900000000000000000e+02 5.190000000000000000e+04 5.010000000000000000e+02 1.585032045841217041e-01
7.722000000000000000e+03 5.842500000000000000e+04 8.370000000000000000e+02 1.119100004434585571e-01
4.320000000000000000e+03 5.589400000000000000e+04 1.740000000000000000e+02 1.662545949220657349e-01
