3.287000000000000000e+03 5.494100000000000000e+04 2.640000000000000000e+02 3.650000095367431641e-01
6.290000000000000000e+02 5.205100000000000000e+04 4.720000000000000000e+02 3.680000007152557373e-01
1.398000000000000000e+03 5.314600000000000000e+04 5.140000000000000000e+02 3.420000076293945312e-01
6.735000000000000000e+03 5.639700000000000000e+04 3.280000000000000000e+02 3.109999895095825195e-01
1.024700000000000000e+04 5.816200000000000000e+04 2.180000000000000000e+02 4.481790065765380859e-01
1.140100000000000000e+04 5.849100000000000000e+04 7.670000000000000000e+02 3.140550851821899414e-01
6.295000000000000000e+03 5.653600000000000000e+04 5.380000000000000000e+02 3.038555085659027100e-01
2.015000000000000000e+03 5.381900000000000000e+04 5.030000000000000000e+02 3.337773084640502930e-01
1.337000000000000000e+03 5.276700000000000000e+04 5.500000000000000000e+01 3.509969115257263184e-01
1.457000000000000000e+03 5.311600000000000000e+04 9.900000000000000000e+01 3.420000076293945312e-01
4.716000000000000000e+03 5.573800000000000000e+04 6.500000000000000000e+02 3.799259960651397705e-01
2.021000000000000000e+03 5.347500000000000000e+04 1.100000000000000000e+01 3.759999871253967285e-01
7.324000000000000000e+03 5.693500000000000000e+04 8.330000000000000000e+02 3.700000047683715820e-01
7.099000000000000000e+03 5.666600000000000000e+04 6.400000000000000000e+01 3.220592141151428223e-01
1.426000000000000000e+03 5.299300000000000000e+04 3.930000000000000000e+02 4.402926862239837646e-01
8.297000000000000000e+03 5.741600000000000000e+04 1.380000000000000000e+02 4.415268599987030029e-01
2.931000000000000000e+03 5.459000000000000000e+04 4.960000000000000000e+02 4.499999880790710449e-01
8.541000000000000000e+03 5.825700000000000000e+04 3.850000000000000000e+02 3.619999885559082031e-01
7.852000000000000000e+03 5.698700000000000000e+04 9.590000000000000000e+02 3.000995516777038574e-01
1.667000000000000000e+03 5.343000000000000000e+04 1.090000000000000000e+02 3.429999947547912598e-01
4.370000000000000000e+02 5.187600000000000000e+04 5.380000000000000000e+02 4.487498104572296143e-01
2.015000000000000000e+03 5.381900000000000000e+04 4.270000000000000000e+02 3.447999954223632812e-01
1.073100000000000000e+04 5.824700000000000000e+04 9.590000000000000000e+02 3.943451046943664551e-01
1.465000000000000000e+03 5.308200000000000000e+04 2.800000000000000000e+02 3.170000016689300537e-01
1.023200000000000000e+04 5.822300000000000000e+04 2.060000000000000000e+02 3.007516860961914062e-01
1.054000000000000000e+03 5.251600000000000000e+04 3.090000000000000000e+02 4.970000088214874268e-01
6.061000000000000000e+03 5.607600000000000000e+04 5.570000000000000000e+02 4.469999969005584717e-01
1.938000000000000000e+03 5.337900000000000000e+04 1.580000000000000000e+02 3.040707111358642578e-01
8.400000000000000000e+03 5.783700000000000000e+04 6.820000000000000000e+02 4.504421055316925049e-01
1.366000000000000000e+03 5.306300000000000000e+04 2.910000000000000000e+02 3.676724135875701904e-01
7.904000000000000000e+03 5.735800000000000000e+04 7.600000000000000000e+02 3.171960413455963135e-01
8.498000000000000000e+03 5.710500000000000000e+04 8.640000000000000000e+02 3.368105888366699219e-01
9.030000000000000000e+02 5.240000000000000000e+04 8.800000000000000000e+01 4.313780963420867920e-01
6.694000000000000000e+03 5.638600000000000000e+04 9.430000000000000000e+02 4.699400961399078369e-01
8.496000000000000000e+03 5.815900000000000000e+04 1.680000000000000000e+02 4.148418009281158447e-01
2.101000000000000000e+03 5.385800000000000000e+04 3.240000000000000000e+02 3.049393892288208008e-01
1.352000000000000000e+03 5.281900000000000000e+04 1.670000000000000000e+02 3.324207961559295654e-01
7.409000000000000000e+03 5.680900000000000000e+04 2.040000000000000000e+02 3.749282956123352051e-01
1.676000000000000000e+03 5.314700000000000000e+04 3.680000000000000000e+02 3.809699118137359619e-01
1.128700000000000000e+04 5.842900000000000000e+04 7.260000000000000000e+02 4.012641906738281250e-01
4.559000000000000000e+03 5.559700000000000000e+04 1.240000000000000000e+02 4.476419091224670410e-01
7.920000000000000000e+02 5.235300000000000000e+04 3.210000000000000000e+02 4.024234116077423096e-01
8.827000000000000000e+03 5.744400000000000000e+04 6.200000000000000000e+02 4.060964286327362061e-01
1.977000000000000000e+03 5.347500000000000000e+04 2.150000000000000000e+02 4.225755035877227783e-01
7.382000000000000000e+03 5.699100000000000000e+04 4.010000000000000000e+02 3.319999873638153076e-01
8.396000000000000000e+03 5.783700000000000000e+04 2.830000000000000000e+02 3.121260106563568115e-01
9.070000000000000000e+02 5.237300000000000000e+04 1.970000000000000000e+02 4.676235020160675049e-01
1.014000000000000000e+03 5.270700000000000000e+04 1.850000000000000000e+02 3.473925888538360596e-01
7.853000000000000000e+03 5.698800000000000000e+04 7.750000000000000000e+02 3.389025032520294189e-01
7.725000000000000000e+03 5.815800000000000000e+04 5.570000000000000000e+02 3.327512145042419434e-01
8.870000000000000000e+02 5.237600000000000000e+04 4.600000000000000000e+02 4.650000035762786865e-01
7.287000000000000000e+03 5.704200000000000000e+04 4.640000000000000000e+02 3.418960869312286377e-01
7.866000000000000000e+03 5.700200000000000000e+04 6.080000000000000000e+02 3.950000107288360596e-01
7.310000000000000000e+03 5.669300000000000000e+04 7.040000000000000000e+02 3.549999892711639404e-01
1.011000000000000000e+03 5.265200000000000000e+04 3.250000000000000000e+02 3.100000023841857910e-01
6.315000000000000000e+03 5.618100000000000000e+04 5.400000000000000000e+01 3.740068078041076660e-01
1.394000000000000000e+03 5.310800000000000000e+04 3.560000000000000000e+02 3.063935041427612305e-01
1.292000000000000000e+03 5.273600000000000000e+04 3.460000000000000000e+02 4.681462943553924561e-01
1.074900000000000000e+04 5.848500000000000000e+04 4.730000000000000000e+02 3.479999899864196777e-01
1.345000000000000000e+03 5.281400000000000000e+04 2.570000000000000000e+02 4.178684055805206299e-01
7.764000000000000000e+03 5.804200000000000000e+04 3.560000000000000000e+02 3.853687047958374023e-01
6.796000000000000000e+03 5.645300000000000000e+04 9.150000000000000000e+02 4.951854944229125977e-01
4.303000000000000000e+03 5.550800000000000000e+04 3.440000000000000000e+02 3.796156048774719238e-01
9.060000000000000000e+02 5.236800000000000000e+04 3.540000000000000000e+02 3.238196074962615967e-01
4.450000000000000000e+02 5.187300000000000000e+04 7.500000000000000000e+01 3.230000138282775879e-01
1.038000000000000000e+03 5.267300000000000000e+04 2.470000000000000000e+02 4.959999918937683105e-01
7.818000000000000000e+03 5.698900000000000000e+04 8.490000000000000000e+02 3.790096938610076904e-01
1.355000000000000000e+03 5.282300000000000000e+04 3.960000000000000000e+02 3.351863026618957520e-01
4.551000000000000000e+03 5.556900000000000000e+04 1.350000000000000000e+02 4.854500889778137207e-01
4.702000000000000000e+03 5.561800000000000000e+04 7.920000000000000000e+02 4.073902070522308350e-01
1.971000000000000000e+03 5.347200000000000000e+04 1.000000000000000000e+00 3.068568110466003418e-01
8.545000000000000000e+03 5.804100000000000000e+04 5.250000000000000000e+02 3.719918131828308105e-01
6.230000000000000000e+02 5.205100000000000000e+04 2.950000000000000000e+02 3.928528130054473877e-01
1.345000000000000000e+03 5.281400000000000000e+04 2.910000000000000000e+02 3.591229915618896484e-01
1.042000000000000000e+03 5.272500000000000000e+04 4.700000000000000000e+01 3.298231959342956543e-01
1.460000000000000000e+03 5.313800000000000000e+04 2.790000000000000000e+02 3.780053853988647461e-01
1.995000000000000000e+03 5.341500000000000000e+04 1.220000000000000000e+02 3.395467996597290039e-01
6.813000000000000000e+03 5.641900000000000000e+04 3.800000000000000000e+02 4.073243141174316406e-01
4.627000000000000000e+03 5.562600000000000000e+04 3.370000000000000000e+02 4.930000007152557373e-01
2.085000000000000000e+03 5.337900000000000000e+04 2.690000000000000000e+02 3.528707921504974365e-01
6.281000000000000000e+03 5.629500000000000000e+04 7.140000000000000000e+02 3.645894527435302734e-01
4.974000000000000000e+03 5.603800000000000000e+04 8.600000000000000000e+02 3.323023021221160889e-01
7.746000000000000000e+03 5.807400000000000000e+04 2.130000000000000000e+02 3.293957114219665527e-01
3.238000000000000000e+03 5.488500000000000000e+04 4.660000000000000000e+02 3.179999887943267822e-01
1.351000000000000000e+03 5.279000000000000000e+04 5.230000000000000000e+02 3.433013856410980225e-01
7.910000000000000000e+02 5.243500000000000000e+04 6.330000000000000000e+02 4.825505912303924561e-01
7.415000000000000000e+03 5.709700000000000000e+04 3.560000000000000000e+02 3.756881058216094971e-01
1.072000000000000000e+04 5.825000000000000000e+04 7.760000000000000000e+02 4.100469946861267090e-01
1.269000000000000000e+03 5.293700000000000000e+04 6.600000000000000000e+01 3.932138085365295410e-01
7.662000000000000000e+03 5.735800000000000000e+04 3.440000000000000000e+02 3.699879944324493408e-01
7.767000000000000000e+03 5.804900000000000000e+04 7.880000000000000000e+02 3.178589940071105957e-01
1.419000000000000000e+03 5.314400000000000000e+04 6.360000000000000000e+02 3.829999864101409912e-01
1.028900000000000000e+04 5.813300000000000000e+04 7.550000000000000000e+02 3.749389946460723877e-01
9.570000000000000000e+02 5.239800000000000000e+04 5.470000000000000000e+02 3.455932140350341797e-01
7.516000000000000000e+03 5.678200000000000000e+04 5.810000000000000000e+02 4.230000078678131104e-01
6.751000000000000000e+03 5.636800000000000000e+04 1.290000000000000000e+02 4.391958117485046387e-01
1.129500000000000000e+04 5.845600000000000000e+04 3.640000000000000000e+02 3.077375888824462891e-01
6.638000000000000000e+03 5.637000000000000000e+04 6.690000000000000000e+02 4.924944937229156494e-01
9.155000000000000000e+03 5.804300000000000000e+04 3.710000000000000000e+02 3.138656914234161377e-01
2.027000000000000000e+03 5.343300000000000000e+04 4.320000000000000000e+02 4.099999964237213135e-01
1.072200000000000000e+04 5.828100000000000000e+04 4.860000000000000000e+02 4.869872033596038818e-01
4.288000000000000000e+03 5.550100000000000000e+04 3.360000000000000000e+02 3.881697952747344971e-01
8.202000000000000000e+03 5.815800000000000000e+04 5.500000000000000000e+02 3.012323975563049316e-01
7.756000000000000000e+03 5.839200000000000000e+04 7.260000000000000000e+02 4.229520857334136963e-01
6.300000000000000000e+02 5.205000000000000000e+04 5.300000000000000000e+02 3.383846879005432129e-01
6.054000000000000000e+03 5.608900000000000000e+04 2.500000000000000000e+02 3.425424098968505859e-01
4.301000000000000000e+03 5.581000000000000000e+04 2.240000000000000000e+02 3.653225004673004150e-01
3.855000000000000000e+03 5.526800000000000000e+04 9.430000000000000000e+02 3.262835144996643066e-01
1.272000000000000000e+03 5.298900000000000000e+04 2.110000000000000000e+02 3.534575104713439941e-01
3.586000000000000000e+03 5.518100000000000000e+04 7.910000000000000000e+02 3.899427056312561035e-01
4.302000000000000000e+03 5.553100000000000000e+04 8.770000000000000000e+02 4.696384072303771973e-01
1.735000000000000000e+03 5.303500000000000000e+04 5.570000000000000000e+02 3.899999856948852539e-01
6.468000000000000000e+03 5.631100000000000000e+04 7.660000000000000000e+02 4.185064136981964111e-01
1.735000000000000000e+03 5.303500000000000000e+04 5.830000000000000000e+02 3.955723941326141357e-01
4.562000000000000000e+03 5.557000000000000000e+04 8.260000000000000000e+02 4.370935857295989990e-01
4.975000000000000000e+03 5.603700000000000000e+04 7.920000000000000000e+02 3.409495949745178223e-01
1.427000000000000000e+03 5.299600000000000000e+04 3.140000000000000000e+02 4.253999888896942139e-01
5.793000000000000000e+03 5.633700000000000000e+04 5.100000000000000000e+02 3.598110079765319824e-01
1.309000000000000000e+03 5.276200000000000000e+04 2.890000000000000000e+02 4.426108896732330322e-01
1.340000000000000000e+03 5.278100000000000000e+04 3.730000000000000000e+02 3.659288883209228516e-01
4.558000000000000000e+03 5.556900000000000000e+04 2.070000000000000000e+02 3.622198998928070068e-01
4.250000000000000000e+02 5.189800000000000000e+04 2.510000000000000000e+02 3.339225947856903076e-01
6.165000000000000000e+03 5.620800000000000000e+04 4.340000000000000000e+02 3.625654876232147217e-01
4.298000000000000000e+03 5.551100000000000000e+04 4.760000000000000000e+02 3.667176961898803711e-01
6.299000000000000000e+03 5.647800000000000000e+04 8.010000000000000000e+02 3.209725916385650635e-01
2.001000000000000000e+03 5.349300000000000000e+04 5.050000000000000000e+02 3.673543035984039307e-01
7.702000000000000000e+03 5.801700000000000000e+04 7.700000000000000000e+02 4.030880033969879150e-01
1.201000000000000000e+03 5.267400000000000000e+04 4.380000000000000000e+02 3.633066117763519287e-01
4.708000000000000000e+03 5.570400000000000000e+04 4.800000000000000000e+01 3.006500005722045898e-01
2.113000000000000000e+03 5.346800000000000000e+04 1.730000000000000000e+02 4.023176133632659912e-01
1.461000000000000000e+03 5.306200000000000000e+04 3.550000000000000000e+02 4.544922113418579102e-01
1.029000000000000000e+04 5.809900000000000000e+04 3.590000000000000000e+02 3.134590089321136475e-01
5.500000000000000000e+02 5.195900000000000000e+04 1.530000000000000000e+02 3.817155957221984863e-01
1.975000000000000000e+03 5.373400000000000000e+04 5.990000000000000000e+02 4.209103882312774658e-01
8.167000000000000000e+03 5.707100000000000000e+04 9.440000000000000000e+02 4.530203938484191895e-01
9.162000000000000000e+03 5.804000000000000000e+04 7.980000000000000000e+02 3.890899121761322021e-01
2.351000000000000000e+03 5.378600000000000000e+04 5.970000000000000000e+02 3.163442015647888184e-01
2.031000000000000000e+03 5.384800000000000000e+04 3.110000000000000000e+02 4.229325056076049805e-01
2.106000000000000000e+03 5.371400000000000000e+04 8.900000000000000000e+01 4.379029870033264160e-01
8.756000000000000000e+03 5.768700000000000000e+04 3.200000000000000000e+01 3.958809971809387207e-01
1.935000000000000000e+03 5.338700000000000000e+04 2.300000000000000000e+02 3.040975928306579590e-01
6.373000000000000000e+03 5.629800000000000000e+04 2.100000000000000000e+02 4.289999902248382568e-01
2.012000000000000000e+03 5.349300000000000000e+04 3.190000000000000000e+02 3.169156014919281006e-01
9.650000000000000000e+02 5.243800000000000000e+04 3.620000000000000000e+02 3.114883899688720703e-01
1.050000000000000000e+03 5.272100000000000000e+04 4.050000000000000000e+02 4.514890909194946289e-01
8.761000000000000000e+03 5.843000000000000000e+04 3.830000000000000000e+02 4.809540510177612305e-01
1.127900000000000000e+04 5.844900000000000000e+04 8.040000000000000000e+02 3.403958082199096680e-01
7.127000000000000000e+03 5.656600000000000000e+04 8.510000000000000000e+02 4.754432141780853271e-01
7.650000000000000000e+03 5.757500000000000000e+04 3.180000000000000000e+02 4.824309945106506348e-01
7.835000000000000000e+03 5.698600000000000000e+04 3.190000000000000000e+02 4.346461892127990723e-01
1.075000000000000000e+04 5.819900000000000000e+04 3.300000000000000000e+01 3.642936944961547852e-01
2.091000000000000000e+03 5.344700000000000000e+04 3.250000000000000000e+02 3.756375014781951904e-01
4.648000000000000000e+03 5.567300000000000000e+04 6.490000000000000000e+02 4.975807964801788330e-01
5.450000000000000000e+02 5.220200000000000000e+04 6.230000000000000000e+02 3.714618086814880371e-01
7.433000000000000000e+03 5.716600000000000000e+04 1.700000000000000000e+01 3.397612869739532471e-01
2.090000000000000000e+03 5.346300000000000000e+04 1.620000000000000000e+02 3.224175870418548584e-01
7.038000000000000000e+03 5.657100000000000000e+04 7.210000000000000000e+02 4.950653910636901855e-01
6.513000000000000000e+03 5.654300000000000000e+04 9.540000000000000000e+02 3.854567110538482666e-01
4.417000000000000000e+03 5.582900000000000000e+04 4.730000000000000000e+02 4.667753875255584717e-01
7.912000000000000000e+03 5.731000000000000000e+04 2.100000000000000000e+02 3.875047862529754639e-01
8.738000000000000000e+03 5.740200000000000000e+04 1.740000000000000000e+02 4.205648303031921387e-01
1.273000000000000000e+03 5.299300000000000000e+04 1.230000000000000000e+02 3.429198861122131348e-01
1.780000000000000000e+03 5.309000000000000000e+04 8.000000000000000000e+00 3.219999969005584717e-01
7.594000000000000000e+03 5.694700000000000000e+04 4.250000000000000000e+02 3.391627371311187744e-01
6.257000000000000000e+03 5.627400000000000000e+04 8.050000000000000000e+02 4.613296985626220703e-01
1.935000000000000000e+03 5.338700000000000000e+04 3.870000000000000000e+02 4.897089898586273193e-01
2.956000000000000000e+03 5.452500000000000000e+04 6.200000000000000000e+02 3.900381922721862793e-01
1.447000000000000000e+03 5.312000000000000000e+04 4.590000000000000000e+02 3.878368139266967773e-01
1.400000000000000000e+03 5.347000000000000000e+04 5.720000000000000000e+02 3.331044018268585205e-01
7.735000000000000000e+03 5.813600000000000000e+04 9.310000000000000000e+02 3.207652866840362549e-01
3.830000000000000000e+02 5.181800000000000000e+04 6.000000000000000000e+00 3.007163107395172119e-01
5.124000000000000000e+03 5.589400000000000000e+04 6.050000000000000000e+02 3.582192063331604004e-01
6.880000000000000000e+03 5.654300000000000000e+04 4.100000000000000000e+01 3.802615106105804443e-01
1.130300000000000000e+04 5.842800000000000000e+04 7.700000000000000000e+02 3.140990138053894043e-01
4.548000000000000000e+03 5.556500000000000000e+04 7.340000000000000000e+02 4.139680862426757812e-01
1.134300000000000000e+04 5.843000000000000000e+04 6.850000000000000000e+02 3.007447123527526855e-01
7.584000000000000000e+03 5.695700000000000000e+04 7.550000000000000000e+02 3.889406025409698486e-01
4.537000000000000000e+03 5.580600000000000000e+04 4.500000000000000000e+02 4.099538922309875488e-01
7.620000000000000000e+02 5.223200000000000000e+04 2.190000000000000000e+02 3.054277896881103516e-01
6.760000000000000000e+02 5.217800000000000000e+04 2.860000000000000000e+02 3.399150073528289795e-01
