8.302000000000000000e+03 5.738900000000000000e+04 4.890000000000000000e+02 1.731039047241210938e+00
8.436000000000000000e+03 5.789500000000000000e+04 9.670000000000000000e+02 1.730425953865051270e+00
6.045000000000000000e+03 5.607200000000000000e+04 6.740000000000000000e+02 1.629999995231628418e+00
1.319000000000000000e+03 5.279100000000000000e+04 2.590000000000000000e+02 1.628999948501586914e+00
7.878000000000000000e+03 5.734000000000000000e+04 9.760000000000000000e+02 1.604020953178405762e+00
9.060000000000000000e+02 5.236800000000000000e+04 5.830000000000000000e+02 1.766999959945678711e+00
7.841000000000000000e+03 5.696000000000000000e+04 8.100000000000000000e+02 1.777870059013366699e+00
9.410000000000000000e+02 5.270900000000000000e+04 5.580000000000000000e+02 1.771999955177307129e+00
8.424000000000000000e+03 5.824800000000000000e+04 1.540000000000000000e+02 1.667297005653381348e+00
7.400000000000000000e+03 5.713400000000000000e+04 2.490000000000000000e+02 1.665066003799438477e+00
8.411000000000000000e+03 5.787500000000000000e+04 6.060000000000000000e+02 1.607347011566162109e+00
6.790000000000000000e+03 5.643000000000000000e+04 9.860000000000000000e+02 1.720999956130981445e+00
8.538000000000000000e+03 5.754900000000000000e+04 3.180000000000000000e+02 1.625033974647521973e+00
8.720000000000000000e+02 5.233900000000000000e+04 2.440000000000000000e+02 1.658100008964538574e+00
6.170000000000000000e+02 5.207200000000000000e+04 1.240000000000000000e+02 1.745000004768371582e+00
1.350000000000000000e+03 5.278600000000000000e+04 6.140000000000000000e+02 1.764999985694885254e+00
1.160000000000000000e+03 5.267400000000000000e+04 1.560000000000000000e+02 1.652999997138977051e+00
7.722000000000000000e+03 5.842500000000000000e+04 1.200000000000000000e+01 1.709712028503417969e+00
7.920000000000000000e+02 5.235300000000000000e+04 6.350000000000000000e+02 1.681499958038330078e+00
6.110000000000000000e+02 5.205500000000000000e+04 4.300000000000000000e+01 1.720499992370605469e+00
1.329000000000000000e+03 5.276700000000000000e+04 5.550000000000000000e+02 1.787999987602233887e+00
6.160000000000000000e+02 5.244200000000000000e+04 4.170000000000000000e+02 1.646000027656555176e+00
1.383000000000000000e+03 5.311600000000000000e+04 2.780000000000000000e+02 1.723000049591064453e+00
6.160000000000000000e+02 5.244200000000000000e+04 6.000000000000000000e+00 1.661999940872192383e+00
8.179000000000000000e+03 5.742900000000000000e+04 9.700000000000000000e+02 1.638553977012634277e+00
6.714000000000000000e+03 5.644700000000000000e+04 7.960000000000000000e+02 1.613000035285949707e+00
5.600000000000000000e+02 5.229600000000000000e+04 4.990000000000000000e+02 1.724200010299682617e+00
6.160000000000000000e+02 5.244200000000000000e+04 3.110000000000000000e+02 1.799149990081787109e+00
9.720000000000000000e+02 5.243500000000000000e+04 3.440000000000000000e+02 1.636999964714050293e+00
6.180000000000000000e+02 5.204900000000000000e+04 2.840000000000000000e+02 1.754999995231628418e+00
6.040000000000000000e+03 5.610100000000000000e+04 3.600000000000000000e+01 1.669000029563903809e+00
1.283000000000000000e+03 5.276200000000000000e+04 4.580000000000000000e+02 1.713099956512451172e+00
1.075300000000000000e+04 5.824200000000000000e+04 8.720000000000000000e+02 1.624408960342407227e+00
4.461000000000000000e+03 5.588800000000000000e+04 2.750000000000000000e+02 1.738999962806701660e+00
1.072500000000000000e+04 5.825000000000000000e+04 7.110000000000000000e+02 1.602447986602783203e+00
8.524000000000000000e+03 5.765600000000000000e+04 3.500000000000000000e+02 1.603700041770935059e+00
4.624000000000000000e+03 5.565400000000000000e+04 2.090000000000000000e+02 1.743999958038330078e+00
1.397000000000000000e+03 5.311900000000000000e+04 4.730000000000000000e+02 1.752400040626525879e+00
1.384000000000000000e+03 5.312100000000000000e+04 4.130000000000000000e+02 1.784999966621398926e+00
7.680000000000000000e+02 5.228100000000000000e+04 5.000000000000000000e+00 1.646000027656555176e+00
8.426000000000000000e+03 5.822400000000000000e+04 5.330000000000000000e+02 1.760606050491333008e+00
8.415000000000000000e+03 5.789300000000000000e+04 7.950000000000000000e+02 1.612007021903991699e+00
1.668000000000000000e+03 5.343300000000000000e+04 7.600000000000000000e+01 1.659999966621398926e+00
6.719000000000000000e+03 5.639000000000000000e+04 5.600000000000000000e+01 1.695999979972839355e+00
1.977000000000000000e+03 5.347500000000000000e+04 5.000000000000000000e+01 1.720600008964538574e+00
9.760000000000000000e+02 5.241300000000000000e+04 2.450000000000000000e+02 1.693199992179870605e+00
2.008000000000000000e+03 5.347300000000000000e+04 5.650000000000000000e+02 1.756000041961669922e+00
1.015000000000000000e+03 5.273400000000000000e+04 2.720000000000000000e+02 1.624300003051757812e+00
2.234000000000000000e+03 5.382300000000000000e+04 5.290000000000000000e+02 1.705600023269653320e+00
1.048000000000000000e+03 5.273600000000000000e+04 1.640000000000000000e+02 1.730999946594238281e+00
2.237000000000000000e+03 5.382800000000000000e+04 4.540000000000000000e+02 1.647199988365173340e+00
7.403000000000000000e+03 5.707100000000000000e+04 7.660000000000000000e+02 1.669322967529296875e+00
1.378000000000000000e+03 5.306100000000000000e+04 1.630000000000000000e+02 1.774999976158142090e+00
1.024600000000000000e+04 5.817100000000000000e+04 2.990000000000000000e+02 1.628800034523010254e+00
9.410000000000000000e+02 5.270900000000000000e+04 4.890000000000000000e+02 1.700999975204467773e+00
1.644000000000000000e+03 5.314400000000000000e+04 6.400000000000000000e+01 1.758499979972839355e+00
3.980000000000000000e+03 5.533100000000000000e+04 4.920000000000000000e+02 1.792999982833862305e+00
1.352000000000000000e+03 5.281900000000000000e+04 8.000000000000000000e+01 1.759699940681457520e+00
1.317000000000000000e+03 5.276500000000000000e+04 3.420000000000000000e+02 1.649099946022033691e+00
4.565000000000000000e+03 5.559100000000000000e+04 6.600000000000000000e+01 1.664000034332275391e+00
7.425000000000000000e+03 5.677700000000000000e+04 8.320000000000000000e+02 1.679046273231506348e+00
6.669000000000000000e+03 5.641300000000000000e+04 1.180000000000000000e+02 1.661000013351440430e+00
1.074700000000000000e+04 5.822000000000000000e+04 9.010000000000000000e+02 1.628772020339965820e+00
7.292000000000000000e+03 5.670900000000000000e+04 8.100000000000000000e+02 1.709610939025878906e+00
1.418000000000000000e+03 5.314200000000000000e+04 5.680000000000000000e+02 1.775200009346008301e+00
8.510000000000000000e+03 5.784600000000000000e+04 4.870000000000000000e+02 1.704290032386779785e+00
1.418000000000000000e+03 5.314200000000000000e+04 2.920000000000000000e+02 1.654000043869018555e+00
7.102000000000000000e+03 5.666600000000000000e+04 9.080000000000000000e+02 1.656000018119812012e+00
9.460000000000000000e+02 5.240700000000000000e+04 4.300000000000000000e+02 1.671000003814697266e+00
1.090200000000000000e+04 5.839600000000000000e+04 8.680000000000000000e+02 1.671247959136962891e+00
5.167000000000000000e+03 5.606600000000000000e+04 3.780000000000000000e+02 1.616000056266784668e+00
6.190000000000000000e+02 5.205600000000000000e+04 2.950000000000000000e+02 1.616999983787536621e+00
1.073200000000000000e+04 5.825300000000000000e+04 1.730000000000000000e+02 1.648282051086425781e+00
9.590000000000000000e+02 5.241100000000000000e+04 5.300000000000000000e+02 1.618999958038330078e+00
8.426000000000000000e+03 5.822400000000000000e+04 9.700000000000000000e+02 1.660869956016540527e+00
1.644000000000000000e+03 5.314400000000000000e+04 6.400000000000000000e+01 1.758499979972839355e+00
1.382000000000000000e+03 5.311500000000000000e+04 4.180000000000000000e+02 1.610900044441223145e+00
2.088000000000000000e+03 5.349300000000000000e+04 4.400000000000000000e+01 1.794999957084655762e+00
1.056000000000000000e+03 5.276400000000000000e+04 2.130000000000000000e+02 1.759500026702880859e+00
1.349000000000000000e+03 5.279700000000000000e+04 3.510000000000000000e+02 1.628999948501586914e+00
1.430000000000000000e+03 5.300200000000000000e+04 4.870000000000000000e+02 1.633399963378906250e+00
1.287000000000000000e+03 5.272800000000000000e+04 5.670000000000000000e+02 1.779000043869018555e+00
6.755000000000000000e+03 5.641300000000000000e+04 2.000000000000000000e+00 1.781999945640563965e+00
9.345000000000000000e+03 5.771300000000000000e+04 8.790000000000000000e+02 1.715692996978759766e+00
1.024900000000000000e+04 5.822900000000000000e+04 8.750000000000000000e+02 1.696581959724426270e+00
1.165000000000000000e+03 5.270300000000000000e+04 2.270000000000000000e+02 1.771900057792663574e+00
8.426000000000000000e+03 5.822400000000000000e+04 8.780000000000000000e+02 1.733682036399841309e+00
1.461000000000000000e+03 5.306200000000000000e+04 2.400000000000000000e+01 1.608399987220764160e+00
1.286000000000000000e+03 5.272500000000000000e+04 4.210000000000000000e+02 1.719900012016296387e+00
1.072600000000000000e+04 5.819900000000000000e+04 2.120000000000000000e+02 1.676550030708312988e+00
9.040000000000000000e+02 5.238100000000000000e+04 1.490000000000000000e+02 1.778100013732910156e+00
9.610000000000000000e+02 5.261500000000000000e+04 4.510000000000000000e+02 1.751000046730041504e+00
8.841000000000000000e+03 5.742500000000000000e+04 2.060000000000000000e+02 1.661965012550354004e+00
1.075700000000000000e+04 5.822300000000000000e+04 8.370000000000000000e+02 1.647920966148376465e+00
8.432000000000000000e+03 5.783400000000000000e+04 1.120000000000000000e+02 1.608559966087341309e+00
4.707000000000000000e+03 5.565300000000000000e+04 8.940000000000000000e+02 1.735000014305114746e+00
1.075700000000000000e+04 5.822300000000000000e+04 1.800000000000000000e+01 1.696130037307739258e+00
9.600000000000000000e+02 5.242500000000000000e+04 2.040000000000000000e+02 1.774299979209899902e+00
5.802000000000000000e+03 5.630900000000000000e+04 3.600000000000000000e+01 1.771000027656555176e+00
1.076200000000000000e+04 5.839000000000000000e+04 7.040000000000000000e+02 1.613098025321960449e+00
7.915000000000000000e+03 5.730900000000000000e+04 6.910000000000000000e+02 1.725368261337280273e+00
6.795000000000000000e+03 5.642500000000000000e+04 7.440000000000000000e+02 1.705000042915344238e+00
8.360000000000000000e+03 5.745200000000000000e+04 6.570000000000000000e+02 1.606750011444091797e+00
9.030000000000000000e+02 5.240000000000000000e+04 6.030000000000000000e+02 1.729699969291687012e+00
9.365000000000000000e+03 5.774900000000000000e+04 9.550000000000000000e+02 1.782912969589233398e+00
1.347000000000000000e+03 5.282300000000000000e+04 6.390000000000000000e+02 1.700999975204467773e+00
1.971000000000000000e+03 5.347200000000000000e+04 4.900000000000000000e+01 1.616999983787536621e+00
1.279000000000000000e+03 5.273600000000000000e+04 5.520000000000000000e+02 1.631000041961669922e+00
5.137000000000000000e+03 5.583300000000000000e+04 4.100000000000000000e+02 1.623000025749206543e+00
7.710000000000000000e+03 5.828400000000000000e+04 4.460000000000000000e+02 1.646937966346740723e+00
6.210000000000000000e+02 5.205500000000000000e+04 2.840000000000000000e+02 1.769600033760070801e+00
8.165000000000000000e+03 5.737400000000000000e+04 6.680000000000000000e+02 1.767994523048400879e+00
1.042000000000000000e+03 5.272500000000000000e+04 3.830000000000000000e+02 1.725100040435791016e+00
7.288000000000000000e+03 5.703900000000000000e+04 6.900000000000000000e+01 1.791532993316650391e+00
1.426000000000000000e+03 5.299300000000000000e+04 1.500000000000000000e+01 1.677800059318542480e+00
1.954000000000000000e+03 5.335700000000000000e+04 5.730000000000000000e+02 1.677000045776367188e+00
1.945000000000000000e+03 5.338700000000000000e+04 1.570000000000000000e+02 1.747699975967407227e+00
1.274000000000000000e+03 5.299500000000000000e+04 3.230000000000000000e+02 1.662600040435791016e+00
6.661000000000000000e+03 5.636600000000000000e+04 8.060000000000000000e+02 1.776000022888183594e+00
4.530000000000000000e+02 5.191500000000000000e+04 4.800000000000000000e+02 1.611999988555908203e+00
7.620000000000000000e+03 5.690400000000000000e+04 4.700000000000000000e+02 1.726035952568054199e+00
4.574000000000000000e+03 5.562100000000000000e+04 7.380000000000000000e+02 1.677999973297119141e+00
1.075400000000000000e+04 5.822400000000000000e+04 2.620000000000000000e+02 1.698832035064697266e+00
1.043000000000000000e+04 5.815500000000000000e+04 6.750000000000000000e+02 1.666000008583068848e+00
6.679000000000000000e+03 5.640100000000000000e+04 7.600000000000000000e+01 1.792999982833862305e+00
5.500000000000000000e+02 5.195900000000000000e+04 4.260000000000000000e+02 1.710000038146972656e+00
1.209000000000000000e+03 5.267400000000000000e+04 5.140000000000000000e+02 1.684399962425231934e+00
1.273000000000000000e+03 5.299300000000000000e+04 2.120000000000000000e+02 1.664100050926208496e+00
8.536000000000000000e+03 5.801500000000000000e+04 2.460000000000000000e+02 1.778972029685974121e+00
7.704000000000000000e+03 5.757200000000000000e+04 3.020000000000000000e+02 1.659322023391723633e+00
1.166000000000000000e+03 5.275100000000000000e+04 2.100000000000000000e+02 1.623800039291381836e+00
8.159000000000000000e+03 5.706400000000000000e+04 6.480000000000000000e+02 1.724103331565856934e+00
7.669000000000000000e+03 5.732900000000000000e+04 6.870000000000000000e+02 1.618636965751647949e+00
2.036000000000000000e+03 5.344600000000000000e+04 4.680000000000000000e+02 1.741000056266784668e+00
2.021000000000000000e+03 5.347500000000000000e+04 1.660000000000000000e+02 1.732599973678588867e+00
6.674000000000000000e+03 5.641600000000000000e+04 6.300000000000000000e+02 1.656000018119812012e+00
1.207000000000000000e+03 5.267200000000000000e+04 5.000000000000000000e+01 1.674000024795532227e+00
6.634000000000000000e+03 5.636700000000000000e+04 1.810000000000000000e+02 1.733999967575073242e+00
6.940000000000000000e+02 5.220900000000000000e+04 2.650000000000000000e+02 1.644999980926513672e+00
2.021000000000000000e+03 5.347500000000000000e+04 2.210000000000000000e+02 1.758999943733215332e+00
6.696000000000000000e+03 5.639800000000000000e+04 3.880000000000000000e+02 1.618999958038330078e+00
8.880000000000000000e+02 5.233900000000000000e+04 2.910000000000000000e+02 1.720100045204162598e+00
7.880000000000000000e+02 5.233800000000000000e+04 7.500000000000000000e+01 1.776000022888183594e+00
8.192000000000000000e+03 5.734800000000000000e+04 9.110000000000000000e+02 1.761766672134399414e+00
7.703000000000000000e+03 5.733300000000000000e+04 3.480000000000000000e+02 1.697702050209045410e+00
9.387000000000000000e+03 5.810100000000000000e+04 4.440000000000000000e+02 1.650457978248596191e+00
8.340000000000000000e+02 5.231600000000000000e+04 8.100000000000000000e+01 1.625800013542175293e+00
4.410000000000000000e+02 5.186800000000000000e+04 1.000000000000000000e+00 1.643000006675720215e+00
7.416000000000000000e+03 5.681000000000000000e+04 4.660000000000000000e+02 1.639000058174133301e+00
7.846000000000000000e+03 5.698400000000000000e+04 4.000000000000000000e+00 1.661723017692565918e+00
7.670000000000000000e+03 5.732800000000000000e+04 2.490000000000000000e+02 1.790848970413208008e+00
8.847000000000000000e+03 5.742900000000000000e+04 4.540000000000000000e+02 1.754361987113952637e+00
8.840000000000000000e+03 5.742500000000000000e+04 1.830000000000000000e+02 1.603014945983886719e+00
7.391000000000000000e+03 5.678100000000000000e+04 6.740000000000000000e+02 1.792999982833862305e+00
9.610000000000000000e+02 5.261500000000000000e+04 3.700000000000000000e+01 1.724599957466125488e+00
1.951000000000000000e+03 5.338900000000000000e+04 6.360000000000000000e+02 1.679000020027160645e+00
8.164000000000000000e+03 5.712700000000000000e+04 3.400000000000000000e+01 1.763447046279907227e+00
7.869000000000000000e+03 5.701200000000000000e+04 3.690000000000000000e+02 1.778897047042846680e+00
8.835000000000000000e+03 5.742700000000000000e+04 3.610000000000000000e+02 1.704326033592224121e+00
8.756000000000000000e+03 5.768700000000000000e+04 3.800000000000000000e+02 1.629173040390014648e+00
1.047700000000000000e+04 5.813600000000000000e+04 2.390000000000000000e+02 1.685999989509582520e+00
1.354000000000000000e+03 5.281400000000000000e+04 1.510000000000000000e+02 1.672999978065490723e+00
4.365000000000000000e+03 5.553900000000000000e+04 9.150000000000000000e+02 1.620000004768371582e+00
7.095000000000000000e+03 5.662500000000000000e+04 7.000000000000000000e+01 1.656000018119812012e+00
1.018000000000000000e+03 5.267200000000000000e+04 8.000000000000000000e+01 1.745000004768371582e+00
2.002000000000000000e+03 5.347100000000000000e+04 5.100000000000000000e+02 1.724799990653991699e+00
1.108300000000000000e+04 5.851500000000000000e+04 1.200000000000000000e+02 1.764976978302001953e+00
1.111200000000000000e+04 5.842800000000000000e+04 9.340000000000000000e+02 1.744094967842102051e+00
4.199000000000000000e+03 5.548100000000000000e+04 7.260000000000000000e+02 1.646217942237854004e+00
7.280000000000000000e+03 5.670900000000000000e+04 7.640000000000000000e+02 1.766000032424926758e+00
7.845000000000000000e+03 5.698000000000000000e+04 7.000000000000000000e+00 1.640115976333618164e+00
7.583000000000000000e+03 5.695800000000000000e+04 4.540000000000000000e+02 1.792202949523925781e+00
1.684000000000000000e+03 5.323900000000000000e+04 1.880000000000000000e+02 1.697999954223632812e+00
1.029100000000000000e+04 5.810100000000000000e+04 7.540000000000000000e+02 1.643967986106872559e+00
6.700000000000000000e+03 5.638400000000000000e+04 7.120000000000000000e+02 1.751000046730041504e+00
8.760000000000000000e+03 5.767200000000000000e+04 4.370000000000000000e+02 1.739091992378234863e+00
1.870000000000000000e+03 5.338300000000000000e+04 3.830000000000000000e+02 1.651999950408935547e+00
1.107100000000000000e+04 5.842900000000000000e+04 9.250000000000000000e+02 1.774358034133911133e+00
1.979000000000000000e+03 5.343100000000000000e+04 1.850000000000000000e+02 1.616899967193603516e+00
7.902000000000000000e+03 5.736200000000000000e+04 6.360000000000000000e+02 1.662693023681640625e+00
1.870000000000000000e+03 5.338300000000000000e+04 2.300000000000000000e+02 1.731099963188171387e+00
8.220000000000000000e+03 5.743200000000000000e+04 7.060000000000000000e+02 1.606920003890991211e+00
9.362000000000000000e+03 5.780100000000000000e+04 5.600000000000000000e+01 1.760234951972961426e+00
9.080000000000000000e+02 5.237300000000000000e+04 5.000000000000000000e+02 1.615499973297119141e+00
9.376000000000000000e+03 5.807200000000000000e+04 5.070000000000000000e+02 1.704187989234924316e+00
7.297000000000000000e+03 5.704000000000000000e+04 5.940000000000000000e+02 1.715227007865905762e+00
2.092000000000000000e+03 5.346000000000000000e+04 3.050000000000000000e+02 1.636999964714050293e+00
8.877000000000000000e+03 5.778200000000000000e+04 7.780000000000000000e+02 1.792490005493164062e+00
1.023400000000000000e+04 5.815300000000000000e+04 5.260000000000000000e+02 1.690621018409729004e+00
7.732000000000000000e+03 5.810800000000000000e+04 9.060000000000000000e+02 1.689350008964538574e+00
8.745000000000000000e+03 5.739100000000000000e+04 3.600000000000000000e+01 1.769390940666198730e+00
7.852000000000000000e+03 5.698700000000000000e+04 2.980000000000000000e+02 1.690055012702941895e+00
9.169000000000000000e+03 5.806900000000000000e+04 6.980000000000000000e+02 1.739483952522277832e+00
9.396000000000000000e+03 5.810100000000000000e+04 5.250000000000000000e+02 1.721562027931213379e+00
1.132900000000000000e+04 5.842600000000000000e+04 8.080000000000000000e+02 1.790210008621215820e+00
7.770000000000000000e+03 5.804400000000000000e+04 1.820000000000000000e+02 1.679738044738769531e+00
7.859000000000000000e+03 5.728200000000000000e+04 4.700000000000000000e+02 1.794155955314636230e+00
7.577000000000000000e+03 5.694400000000000000e+04 7.470000000000000000e+02 1.783310055732727051e+00
7.841000000000000000e+03 5.696000000000000000e+04 9.850000000000000000e+02 1.737890005111694336e+00
4.250000000000000000e+02 5.189800000000000000e+04 3.480000000000000000e+02 1.626999974250793457e+00
8.850000000000000000e+03 5.778200000000000000e+04 8.640000000000000000e+02 1.651090025901794434e+00
9.330000000000000000e+02 5.264200000000000000e+04 3.630000000000000000e+02 1.756800055503845215e+00
6.672000000000000000e+03 5.638600000000000000e+04 3.080000000000000000e+02 1.779000043869018555e+00
1.782000000000000000e+03 5.329900000000000000e+04 6.380000000000000000e+02 1.667222023010253906e+00
8.874000000000000000e+03 5.742600000000000000e+04 3.500000000000000000e+02 1.631608009338378906e+00
7.582000000000000000e+03 5.696000000000000000e+04 9.120000000000000000e+02 1.695099949836730957e+00
7.726000000000000000e+03 5.815400000000000000e+04 6.920000000000000000e+02 1.657663941383361816e+00
7.578000000000000000e+03 5.695600000000000000e+04 8.100000000000000000e+02 1.788844943046569824e+00
1.092500000000000000e+04 5.827100000000000000e+04 9.000000000000000000e+01 1.677521944046020508e+00
1.107300000000000000e+04 5.845100000000000000e+04 1.710000000000000000e+02 1.667590022087097168e+00
7.674000000000000000e+03 5.735900000000000000e+04 1.860000000000000000e+02 1.682806015014648438e+00
7.833000000000000000e+03 5.728600000000000000e+04 2.280000000000000000e+02 1.723912000656127930e+00
9.166000000000000000e+03 5.805100000000000000e+04 4.400000000000000000e+01 1.781859993934631348e+00
