8.150000000000000000e+02 5.237400000000000000e+04 6.140000000000000000e+02 1.047999978065490723e+00
2.101000000000000000e+03 5.385800000000000000e+04 5.110000000000000000e+02 1.102399945259094238e+00
9.160000000000000000e+03 5.765600000000000000e+04 9.100000000000000000e+02 1.165359973907470703e+00
7.283000000000000000e+03 5.706300000000000000e+04 7.600000000000000000e+01 1.037134051322937012e+00
1.010000000000000000e+03 5.264900000000000000e+04 4.710000000000000000e+02 1.057999968528747559e+00
6.631000000000000000e+03 5.636400000000000000e+04 8.340000000000000000e+02 1.115000009536743164e+00
6.471000000000000000e+03 5.630900000000000000e+04 6.940000000000000000e+02 1.131999969482421875e+00
1.046000000000000000e+03 5.246000000000000000e+04 4.400000000000000000e+02 1.013000011444091797e+00
9.490000000000000000e+02 5.242700000000000000e+04 2.920000000000000000e+02 1.026000022888183594e+00
8.170000000000000000e+02 5.238100000000000000e+04 3.010000000000000000e+02 1.024000048637390137e+00
8.413000000000000000e+03 5.789700000000000000e+04 7.000000000000000000e+01 1.079429984092712402e+00
1.024600000000000000e+04 5.817100000000000000e+04 2.250000000000000000e+02 1.042140007019042969e+00
9.450000000000000000e+02 5.265200000000000000e+04 3.300000000000000000e+02 1.034000039100646973e+00
3.990000000000000000e+02 5.181700000000000000e+04 1.500000000000000000e+02 1.074540019035339355e+00
8.399000000000000000e+03 5.784300000000000000e+04 9.190000000000000000e+02 1.127107977867126465e+00
6.754000000000000000e+03 5.641400000000000000e+04 8.380000000000000000e+02 1.055999994277954102e+00
2.023000000000000000e+03 5.385100000000000000e+04 1.370000000000000000e+02 1.054999947547912598e+00
8.399000000000000000e+03 5.784300000000000000e+04 9.100000000000000000e+02 1.127732992172241211e+00
9.050000000000000000e+02 5.264300000000000000e+04 1.220000000000000000e+02 1.197000026702880859e+00
1.337000000000000000e+03 5.276700000000000000e+04 4.500000000000000000e+02 1.195000052452087402e+00
8.418000000000000000e+03 5.819900000000000000e+04 8.580000000000000000e+02 1.074090003967285156e+00
7.102000000000000000e+03 5.666600000000000000e+04 1.020000000000000000e+02 1.101999998092651367e+00
9.500000000000000000e+02 5.237800000000000000e+04 4.980000000000000000e+02 1.052000045776367188e+00
6.640000000000000000e+03 5.638500000000000000e+04 1.160000000000000000e+02 1.011999964714050293e+00
1.164000000000000000e+03 5.267400000000000000e+04 1.540000000000000000e+02 1.152999997138977051e+00
2.020000000000000000e+03 5.343100000000000000e+04 4.590000000000000000e+02 1.199000000953674316e+00
2.883000000000000000e+03 5.452500000000000000e+04 2.460000000000000000e+02 1.053500056266784668e+00
6.320000000000000000e+02 5.207100000000000000e+04 5.820000000000000000e+02 1.111999988555908203e+00
3.194000000000000000e+03 5.483300000000000000e+04 4.820000000000000000e+02 1.067000031471252441e+00
7.767000000000000000e+03 5.804900000000000000e+04 2.290000000000000000e+02 1.017549991607666016e+00
8.418000000000000000e+03 5.819900000000000000e+04 4.040000000000000000e+02 1.058462977409362793e+00
8.538000000000000000e+03 5.754900000000000000e+04 4.360000000000000000e+02 1.147073030471801758e+00
8.539000000000000000e+03 5.802100000000000000e+04 9.340000000000000000e+02 1.090819954872131348e+00
1.435000000000000000e+03 5.299600000000000000e+04 5.930000000000000000e+02 1.019000053405761719e+00
7.433000000000000000e+03 5.716600000000000000e+04 1.780000000000000000e+02 1.167766690254211426e+00
6.140000000000000000e+02 5.343700000000000000e+04 2.800000000000000000e+01 1.075000047683715820e+00
1.165000000000000000e+03 5.270300000000000000e+04 5.320000000000000000e+02 1.133399963378906250e+00
6.300000000000000000e+02 5.205000000000000000e+04 3.100000000000000000e+02 1.088600039482116699e+00
6.712000000000000000e+03 5.642100000000000000e+04 7.460000000000000000e+02 1.157999992370605469e+00
6.190000000000000000e+02 5.205600000000000000e+04 4.780000000000000000e+02 1.003000020980834961e+00
5.802000000000000000e+03 5.630900000000000000e+04 2.400000000000000000e+01 1.172000050544738770e+00
3.321000000000000000e+03 5.492400000000000000e+04 6.360000000000000000e+02 1.136744022369384766e+00
8.064000000000000000e+03 5.825500000000000000e+04 5.960000000000000000e+02 1.024649024009704590e+00
8.408000000000000000e+03 5.787400000000000000e+04 6.890000000000000000e+02 1.141909956932067871e+00
8.418000000000000000e+03 5.819900000000000000e+04 3.600000000000000000e+01 1.164190053939819336e+00
1.073000000000000000e+04 5.824400000000000000e+04 5.880000000000000000e+02 1.192798018455505371e+00
8.411000000000000000e+03 5.787500000000000000e+04 3.230000000000000000e+02 1.040814995765686035e+00
2.102000000000000000e+03 5.411500000000000000e+04 1.260000000000000000e+02 1.088000059127807617e+00
8.538000000000000000e+03 5.754900000000000000e+04 8.340000000000000000e+02 1.105316042900085449e+00
2.032000000000000000e+03 5.381500000000000000e+04 5.990000000000000000e+02 1.086599946022033691e+00
1.048000000000000000e+03 5.273600000000000000e+04 2.150000000000000000e+02 1.157999992370605469e+00
1.005000000000000000e+03 5.270300000000000000e+04 4.450000000000000000e+02 1.118999958038330078e+00
5.188000000000000000e+03 5.580300000000000000e+04 6.580000000000000000e+02 1.080000042915344238e+00
8.067000000000000000e+03 5.825300000000000000e+04 3.200000000000000000e+01 1.064324021339416504e+00
1.460000000000000000e+03 5.313800000000000000e+04 4.340000000000000000e+02 1.103000044822692871e+00
1.046000000000000000e+03 5.246000000000000000e+04 1.670000000000000000e+02 1.050799965858459473e+00
2.102000000000000000e+03 5.411500000000000000e+04 5.240000000000000000e+02 1.081699967384338379e+00
9.500000000000000000e+02 5.237800000000000000e+04 3.790000000000000000e+02 1.047999978065490723e+00
8.770000000000000000e+02 5.235300000000000000e+04 1.060000000000000000e+02 1.156999945640563965e+00
1.172000000000000000e+03 5.275900000000000000e+04 2.710000000000000000e+02 1.116000056266784668e+00
9.470000000000000000e+02 5.241100000000000000e+04 7.700000000000000000e+01 1.057999968528747559e+00
9.730000000000000000e+02 5.242600000000000000e+04 6.000000000000000000e+00 1.070000052452087402e+00
4.706000000000000000e+03 5.570500000000000000e+04 8.900000000000000000e+02 1.049000024795532227e+00
6.701000000000000000e+03 5.636700000000000000e+04 4.660000000000000000e+02 1.111999988555908203e+00
6.755000000000000000e+03 5.641300000000000000e+04 1.400000000000000000e+01 1.136000037193298340e+00
1.430000000000000000e+03 5.300200000000000000e+04 6.300000000000000000e+02 1.013000011444091797e+00
8.064000000000000000e+03 5.825500000000000000e+04 4.070000000000000000e+02 1.025830030441284180e+00
8.538000000000000000e+03 5.754900000000000000e+04 6.040000000000000000e+02 1.045629024505615234e+00
1.322000000000000000e+03 5.279100000000000000e+04 4.750000000000000000e+02 1.169000029563903809e+00
8.495000000000000000e+03 5.748100000000000000e+04 6.910000000000000000e+02 1.122249960899353027e+00
6.280000000000000000e+02 5.208300000000000000e+04 5.210000000000000000e+02 1.067999958992004395e+00
5.743000000000000000e+03 5.601100000000000000e+04 2.200000000000000000e+01 1.085999965667724609e+00
8.392000000000000000e+03 5.748300000000000000e+04 7.760000000000000000e+02 1.058887958526611328e+00
1.286000000000000000e+03 5.272500000000000000e+04 4.980000000000000000e+02 1.163100004196166992e+00
9.600000000000000000e+03 5.810600000000000000e+04 2.480000000000000000e+02 1.189759969711303711e+00
1.023200000000000000e+04 5.822300000000000000e+04 1.230000000000000000e+02 1.026000022888183594e+00
6.789000000000000000e+03 5.640100000000000000e+04 8.260000000000000000e+02 1.036000013351440430e+00
2.004000000000000000e+03 5.373700000000000000e+04 6.120000000000000000e+02 1.063599944114685059e+00
6.703000000000000000e+03 5.663600000000000000e+04 6.430000000000000000e+02 1.011000037193298340e+00
1.319000000000000000e+03 5.279100000000000000e+04 5.360000000000000000e+02 1.054999947547912598e+00
1.461000000000000000e+03 5.306200000000000000e+04 6.200000000000000000e+01 1.090999960899353027e+00
1.042900000000000000e+04 5.814500000000000000e+04 8.320000000000000000e+02 1.149999976158142090e+00
6.190000000000000000e+02 5.205600000000000000e+04 1.220000000000000000e+02 1.076599955558776855e+00
3.375000000000000000e+03 5.500300000000000000e+04 6.800000000000000000e+01 1.172790050506591797e+00
6.180000000000000000e+02 5.204900000000000000e+04 2.380000000000000000e+02 1.133399963378906250e+00
5.171000000000000000e+03 5.603800000000000000e+04 1.480000000000000000e+02 1.080999970436096191e+00
1.074600000000000000e+04 5.825700000000000000e+04 9.980000000000000000e+02 1.151811003684997559e+00
8.539000000000000000e+03 5.802100000000000000e+04 7.280000000000000000e+02 1.114639997482299805e+00
1.382000000000000000e+03 5.311500000000000000e+04 2.470000000000000000e+02 1.110999941825866699e+00
9.159000000000000000e+03 5.766600000000000000e+04 2.120000000000000000e+02 1.041458010673522949e+00
1.322000000000000000e+03 5.279100000000000000e+04 2.620000000000000000e+02 1.098999977111816406e+00
1.464000000000000000e+03 5.309100000000000000e+04 4.000000000000000000e+01 1.039999961853027344e+00
1.291000000000000000e+03 5.273800000000000000e+04 1.200000000000000000e+02 1.116999983787536621e+00
6.716000000000000000e+03 5.640100000000000000e+04 5.940000000000000000e+02 1.085000038146972656e+00
9.070000000000000000e+02 5.237300000000000000e+04 5.400000000000000000e+01 1.131999969482421875e+00
8.543000000000000000e+03 5.754200000000000000e+04 9.920000000000000000e+02 1.072582006454467773e+00
5.580000000000000000e+02 5.231700000000000000e+04 5.860000000000000000e+02 1.070999979972839355e+00
6.260000000000000000e+02 5.205700000000000000e+04 4.560000000000000000e+02 1.172000050544738770e+00
8.542000000000000000e+03 5.793300000000000000e+04 2.050000000000000000e+02 1.154909014701843262e+00
9.440000000000000000e+02 5.261400000000000000e+04 6.100000000000000000e+01 1.062999963760375977e+00
6.488000000000000000e+03 5.636400000000000000e+04 1.000000000000000000e+01 1.003000020980834961e+00
7.930000000000000000e+02 5.237000000000000000e+04 2.400000000000000000e+02 1.065000057220458984e+00
1.171000000000000000e+03 5.275300000000000000e+04 5.710000000000000000e+02 1.148900032043457031e+00
7.422000000000000000e+03 5.679900000000000000e+04 3.540000000000000000e+02 1.015377998352050781e+00
7.950000000000000000e+02 5.237800000000000000e+04 2.040000000000000000e+02 1.167999982833862305e+00
8.747000000000000000e+03 5.740100000000000000e+04 2.640000000000000000e+02 1.080814003944396973e+00
1.049000000000000000e+03 5.275100000000000000e+04 4.180000000000000000e+02 1.027999997138977051e+00
8.422000000000000000e+03 5.821900000000000000e+04 4.480000000000000000e+02 1.190000057220458984e+00
8.399000000000000000e+03 5.784300000000000000e+04 9.140000000000000000e+02 1.005620002746582031e+00
3.977000000000000000e+03 5.533500000000000000e+04 8.920000000000000000e+02 1.053765058517456055e+00
2.103000000000000000e+03 5.346700000000000000e+04 4.500000000000000000e+02 1.190000057220458984e+00
5.610000000000000000e+02 5.229500000000000000e+04 2.900000000000000000e+01 1.045500040054321289e+00
6.160000000000000000e+02 5.244200000000000000e+04 3.970000000000000000e+02 1.093412041664123535e+00
1.072900000000000000e+04 5.824800000000000000e+04 6.230000000000000000e+02 1.171257019042968750e+00
1.669000000000000000e+03 5.343300000000000000e+04 8.500000000000000000e+01 1.131999969482421875e+00
6.270000000000000000e+02 5.214400000000000000e+04 1.500000000000000000e+01 1.128000020980834961e+00
3.987000000000000000e+03 5.559000000000000000e+04 3.220000000000000000e+02 1.074000000953674316e+00
6.710000000000000000e+03 5.641600000000000000e+04 2.200000000000000000e+01 1.059000015258789062e+00
1.038000000000000000e+03 5.267300000000000000e+04 6.800000000000000000e+01 1.065999984741210938e+00
6.270000000000000000e+02 5.214400000000000000e+04 2.470000000000000000e+02 1.148900032043457031e+00
7.408000000000000000e+03 5.678000000000000000e+04 7.540000000000000000e+02 1.016999959945678711e+00
6.710000000000000000e+03 5.641600000000000000e+04 8.000000000000000000e+01 1.088000059127807617e+00
1.383000000000000000e+03 5.311600000000000000e+04 2.700000000000000000e+01 1.024000048637390137e+00
6.080000000000000000e+02 5.208100000000000000e+04 3.810000000000000000e+02 1.126999974250793457e+00
9.490000000000000000e+02 5.242700000000000000e+04 5.920000000000000000e+02 1.110999941825866699e+00
1.012000000000000000e+03 5.264900000000000000e+04 1.350000000000000000e+02 1.103000044822692871e+00
7.836000000000000000e+03 5.727800000000000000e+04 1.900000000000000000e+02 1.161870002746582031e+00
6.795000000000000000e+03 5.642500000000000000e+04 3.140000000000000000e+02 1.010689973831176758e+00
8.528000000000000000e+03 5.789600000000000000e+04 5.620000000000000000e+02 1.126500010490417480e+00
8.067000000000000000e+03 5.825300000000000000e+04 1.360000000000000000e+02 1.156927943229675293e+00
8.418000000000000000e+03 5.819900000000000000e+04 8.640000000000000000e+02 1.119699954986572266e+00
1.314000000000000000e+03 5.305000000000000000e+04 4.190000000000000000e+02 1.071164965629577637e+00
1.594000000000000000e+03 5.299200000000000000e+04 3.470000000000000000e+02 1.118999958038330078e+00
1.074900000000000000e+04 5.848500000000000000e+04 2.160000000000000000e+02 1.116490006446838379e+00
8.211000000000000000e+03 5.742300000000000000e+04 4.920000000000000000e+02 1.011999964714050293e+00
8.404000000000000000e+03 5.748100000000000000e+04 7.820000000000000000e+02 1.134891986846923828e+00
6.625000000000000000e+03 5.638600000000000000e+04 5.460000000000000000e+02 1.083999991416931152e+00
6.190000000000000000e+02 5.205600000000000000e+04 4.330000000000000000e+02 1.081699967384338379e+00
8.204000000000000000e+03 5.814600000000000000e+04 7.480000000000000000e+02 1.188644051551818848e+00
1.350000000000000000e+03 5.278600000000000000e+04 4.220000000000000000e+02 1.083699941635131836e+00
1.072500000000000000e+04 5.825000000000000000e+04 1.970000000000000000e+02 1.098618984222412109e+00
8.502000000000000000e+03 5.751200000000000000e+04 9.530000000000000000e+02 1.003000020980834961e+00
1.275000000000000000e+03 5.299600000000000000e+04 9.500000000000000000e+01 1.097000002861022949e+00
1.945000000000000000e+03 5.338700000000000000e+04 6.200000000000000000e+01 1.008999943733215332e+00
6.677000000000000000e+03 5.638500000000000000e+04 8.750000000000000000e+02 1.159000039100646973e+00
6.150000000000000000e+02 5.234700000000000000e+04 3.980000000000000000e+02 1.074000000953674316e+00
7.088000000000000000e+03 5.665700000000000000e+04 8.780000000000000000e+02 1.008000016212463379e+00
4.694000000000000000e+03 5.564900000000000000e+04 5.740000000000000000e+02 1.039000034332275391e+00
6.697000000000000000e+03 5.641900000000000000e+04 5.600000000000000000e+01 1.100000023841857910e+00
1.329000000000000000e+03 5.276700000000000000e+04 5.590000000000000000e+02 1.185999989509582520e+00
5.735000000000000000e+03 5.598000000000000000e+04 1.700000000000000000e+01 1.039000034332275391e+00
1.025800000000000000e+04 5.849200000000000000e+04 6.780000000000000000e+02 1.146329998970031738e+00
1.671000000000000000e+03 5.344600000000000000e+04 1.720000000000000000e+02 1.093999981880187988e+00
1.419000000000000000e+03 5.314400000000000000e+04 5.780000000000000000e+02 1.159999966621398926e+00
8.390000000000000000e+03 5.748500000000000000e+04 2.710000000000000000e+02 1.133126974105834961e+00
8.211000000000000000e+03 5.742300000000000000e+04 6.730000000000000000e+02 1.075000047683715820e+00
1.347000000000000000e+03 5.282300000000000000e+04 2.150000000000000000e+02 1.161999940872192383e+00
7.713000000000000000e+03 5.809600000000000000e+04 9.950000000000000000e+02 1.173977017402648926e+00
8.790000000000000000e+02 5.236500000000000000e+04 2.300000000000000000e+02 1.197000026702880859e+00
1.349000000000000000e+03 5.279700000000000000e+04 5.500000000000000000e+02 1.066100001335144043e+00
8.820000000000000000e+03 5.744900000000000000e+04 5.180000000000000000e+02 1.192991018295288086e+00
1.323000000000000000e+03 5.279700000000000000e+04 2.900000000000000000e+02 1.140100002288818359e+00
7.880000000000000000e+02 5.233800000000000000e+04 4.810000000000000000e+02 1.103199958801269531e+00
1.217000000000000000e+03 5.267200000000000000e+04 5.240000000000000000e+02 1.024000048637390137e+00
6.732000000000000000e+03 5.637000000000000000e+04 8.900000000000000000e+02 1.129999995231628418e+00
1.670000000000000000e+03 5.455300000000000000e+04 2.330000000000000000e+02 1.060861945152282715e+00
8.501000000000000000e+03 5.751900000000000000e+04 6.600000000000000000e+02 1.117220997810363770e+00
8.067000000000000000e+03 5.825300000000000000e+04 9.700000000000000000e+02 1.016708970069885254e+00
8.545000000000000000e+03 5.804100000000000000e+04 2.780000000000000000e+02 1.031849980354309082e+00
1.395000000000000000e+03 5.282500000000000000e+04 1.860000000000000000e+02 1.103000044822692871e+00
4.558000000000000000e+03 5.556900000000000000e+04 5.400000000000000000e+01 1.128000020980834961e+00
8.166000000000000000e+03 5.713000000000000000e+04 7.140000000000000000e+02 1.057615280151367188e+00
8.517000000000000000e+03 5.789900000000000000e+04 9.030000000000000000e+02 1.170788049697875977e+00
8.538000000000000000e+03 5.754900000000000000e+04 8.410000000000000000e+02 1.061980009078979492e+00
8.536000000000000000e+03 5.801500000000000000e+04 5.730000000000000000e+02 1.016360044479370117e+00
7.726000000000000000e+03 5.815400000000000000e+04 1.750000000000000000e+02 1.049649953842163086e+00
8.537000000000000000e+03 5.801400000000000000e+04 2.110000000000000000e+02 1.086333036422729492e+00
2.006000000000000000e+03 5.347600000000000000e+04 1.920000000000000000e+02 1.064000010490417480e+00
8.543000000000000000e+03 5.754200000000000000e+04 3.800000000000000000e+02 1.146870017051696777e+00
8.507000000000000000e+03 5.787800000000000000e+04 3.900000000000000000e+02 1.046452045440673828e+00
8.387000000000000000e+03 5.748300000000000000e+04 9.030000000000000000e+02 1.080999970436096191e+00
9.020000000000000000e+02 5.240900000000000000e+04 1.600000000000000000e+02 1.179000020027160645e+00
3.386000000000000000e+03 5.495200000000000000e+04 6.400000000000000000e+01 1.185999989509582520e+00
4.635000000000000000e+03 5.561500000000000000e+04 2.060000000000000000e+02 1.195999979972839355e+00
6.788000000000000000e+03 5.642800000000000000e+04 8.340000000000000000e+02 1.192000031471252441e+00
1.332000000000000000e+03 5.278100000000000000e+04 3.060000000000000000e+02 1.135699987411499023e+00
6.713000000000000000e+03 5.640200000000000000e+04 3.000000000000000000e+01 1.032999992370605469e+00
1.383000000000000000e+03 5.311600000000000000e+04 2.190000000000000000e+02 1.194000005722045898e+00
1.074300000000000000e+04 5.822200000000000000e+04 7.800000000000000000e+02 1.007159948348999023e+00
6.803000000000000000e+03 5.640200000000000000e+04 7.740000000000000000e+02 1.067000031471252441e+00
2.237000000000000000e+03 5.382800000000000000e+04 5.310000000000000000e+02 1.159000039100646973e+00
8.531000000000000000e+03 5.790500000000000000e+04 8.920000000000000000e+02 1.184692978858947754e+00
9.380000000000000000e+02 5.270800000000000000e+04 2.840000000000000000e+02 1.055999994277954102e+00
8.780000000000000000e+02 5.235300000000000000e+04 4.700000000000000000e+01 1.144000053405761719e+00
8.380000000000000000e+03 5.752000000000000000e+04 4.580000000000000000e+02 1.163057804107666016e+00
8.398000000000000000e+03 5.787000000000000000e+04 8.140000000000000000e+02 1.114150047302246094e+00
9.490000000000000000e+02 5.242700000000000000e+04 4.530000000000000000e+02 1.177800059318542480e+00
8.531000000000000000e+03 5.790500000000000000e+04 4.520000000000000000e+02 1.080420017242431641e+00
2.093000000000000000e+03 5.381800000000000000e+04 3.840000000000000000e+02 1.190299987792968750e+00
1.165000000000000000e+03 5.270300000000000000e+04 2.540000000000000000e+02 1.017400026321411133e+00
1.458000000000000000e+03 5.311900000000000000e+04 2.640000000000000000e+02 1.067999958992004395e+00
1.384000000000000000e+03 5.312100000000000000e+04 5.370000000000000000e+02 1.133999943733215332e+00
8.493000000000000000e+03 5.816200000000000000e+04 1.540000000000000000e+02 1.046599984169006348e+00
6.792000000000000000e+03 5.643200000000000000e+04 6.420000000000000000e+02 1.095000028610229492e+00
8.365000000000000000e+03 5.745000000000000000e+04 3.980000000000000000e+02 1.128293991088867188e+00
6.829000000000000000e+03 5.645300000000000000e+04 4.980000000000000000e+02 1.111999988555908203e+00
2.237000000000000000e+03 5.382800000000000000e+04 5.670000000000000000e+02 1.164600014686584473e+00
8.061000000000000000e+03 5.825300000000000000e+04 7.200000000000000000e+02 1.145818948745727539e+00
1.682000000000000000e+03 5.317300000000000000e+04 1.440000000000000000e+02 1.040099978446960449e+00
8.862000000000000000e+03 5.746100000000000000e+04 4.520000000000000000e+02 1.118934988975524902e+00
1.072900000000000000e+04 5.824800000000000000e+04 7.640000000000000000e+02 1.100180029869079590e+00
1.344000000000000000e+03 5.279200000000000000e+04 4.510000000000000000e+02 1.172000050544738770e+00
8.185000000000000000e+03 5.743100000000000000e+04 4.680000000000000000e+02 1.160970687866210938e+00
1.987000000000000000e+03 5.376500000000000000e+04 3.780000000000000000e+02 1.026200056076049805e+00
8.538000000000000000e+03 5.754900000000000000e+04 6.900000000000000000e+01 1.179530024528503418e+00
1.165000000000000000e+03 5.270300000000000000e+04 2.210000000000000000e+02 1.003999948501586914e+00
2.018000000000000000e+03 5.380000000000000000e+04 2.480000000000000000e+02 1.067199945449829102e+00
8.280000000000000000e+02 5.231700000000000000e+04 3.510000000000000000e+02 1.002900004386901855e+00
1.993000000000000000e+03 5.376200000000000000e+04 2.400000000000000000e+01 1.088199973106384277e+00
6.724000000000000000e+03 5.641600000000000000e+04 3.520000000000000000e+02 1.057000041007995605e+00
3.478000000000000000e+03 5.500800000000000000e+04 5.900000000000000000e+01 1.156999945640563965e+00
1.057000000000000000e+03 5.252200000000000000e+04 5.680000000000000000e+02 1.135100007057189941e+00
5.460000000000000000e+02 5.220500000000000000e+04 4.240000000000000000e+02 1.184000015258789062e+00
2.884000000000000000e+03 5.452600000000000000e+04 4.460000000000000000e+02 1.177600026130676270e+00
8.180000000000000000e+02 5.239500000000000000e+04 5.580000000000000000e+02 1.117900013923645020e+00
6.270000000000000000e+02 5.214400000000000000e+04 3.140000000000000000e+02 1.081599950790405273e+00
8.535000000000000000e+03 5.801900000000000000e+04 1.460000000000000000e+02 1.114428043365478516e+00
1.987000000000000000e+03 5.376500000000000000e+04 1.580000000000000000e+02 1.132300019264221191e+00
1.290000000000000000e+03 5.273400000000000000e+04 3.050000000000000000e+02 1.098700046539306641e+00
4.310000000000000000e+03 5.550800000000000000e+04 5.940000000000000000e+02 1.023000001907348633e+00
1.372000000000000000e+03 5.306200000000000000e+04 1.900000000000000000e+02 1.102900028228759766e+00
6.665000000000000000e+03 5.639000000000000000e+04 7.720000000000000000e+02 1.182000041007995605e+00
1.024600000000000000e+04 5.817100000000000000e+04 4.500000000000000000e+02 1.025979995727539062e+00
8.415000000000000000e+03 5.789300000000000000e+04 7.240000000000000000e+02 1.129215955734252930e+00
8.379000000000000000e+03 5.778700000000000000e+04 1.340000000000000000e+02 1.179286956787109375e+00
1.027200000000000000e+04 5.817200000000000000e+04 5.780000000000000000e+02 1.193649053573608398e+00
1.011000000000000000e+03 5.265200000000000000e+04 1.510000000000000000e+02 1.131999969482421875e+00
1.463000000000000000e+03 5.306300000000000000e+04 6.350000000000000000e+02 1.087000012397766113e+00
7.670000000000000000e+02 5.225200000000000000e+04 3.150000000000000000e+02 1.108999967575073242e+00
1.595000000000000000e+03 5.299900000000000000e+04 3.400000000000000000e+01 1.009500026702880859e+00
6.828000000000000000e+03 5.643000000000000000e+04 8.980000000000000000e+02 1.141999959945678711e+00
9.599000000000000000e+03 5.813100000000000000e+04 7.100000000000000000e+02 1.182000041007995605e+00
1.399000000000000000e+03 5.317200000000000000e+04 1.820000000000000000e+02 1.049000024795532227e+00
1.453000000000000000e+03 5.308400000000000000e+04 3.910000000000000000e+02 1.055999994277954102e+00
1.074600000000000000e+04 5.825700000000000000e+04 6.640000000000000000e+02 1.086094021797180176e+00
1.294000000000000000e+03 5.275300000000000000e+04 5.340000000000000000e+02 1.062000036239624023e+00
1.348000000000000000e+03 5.308400000000000000e+04 5.500000000000000000e+02 1.036700010299682617e+00
8.856000000000000000e+03 5.745300000000000000e+04 3.990000000000000000e+02 1.168099045753479004e+00
1.046000000000000000e+03 5.246000000000000000e+04 1.000000000000000000e+01 1.133000016212463379e+00
9.480000000000000000e+02 5.242800000000000000e+04 3.700000000000000000e+01 1.111899971961975098e+00
8.495000000000000000e+03 5.748100000000000000e+04 9.100000000000000000e+01 1.091706991195678711e+00
1.454000000000000000e+03 5.309000000000000000e+04 4.850000000000000000e+02 1.126999974250793457e+00
8.874000000000000000e+03 5.742600000000000000e+04 2.780000000000000000e+02 1.097831964492797852e+00
1.011000000000000000e+03 5.265200000000000000e+04 2.130000000000000000e+02 1.161900043487548828e+00
8.180000000000000000e+02 5.239500000000000000e+04 1.520000000000000000e+02 1.156000018119812012e+00
6.200000000000000000e+02 5.237500000000000000e+04 2.920000000000000000e+02 1.164600014686584473e+00
1.045100000000000000e+04 5.814100000000000000e+04 9.480000000000000000e+02 1.128999948501586914e+00
1.371000000000000000e+03 5.282100000000000000e+04 6.230000000000000000e+02 1.130900025367736816e+00
8.415000000000000000e+03 5.789300000000000000e+04 6.560000000000000000e+02 1.046756029129028320e+00
7.670000000000000000e+03 5.732800000000000000e+04 2.460000000000000000e+02 1.081045985221862793e+00
1.426000000000000000e+03 5.299300000000000000e+04 8.700000000000000000e+01 1.043900012969970703e+00
6.250000000000000000e+02 5.214500000000000000e+04 2.400000000000000000e+01 1.016899943351745605e+00
6.479000000000000000e+03 5.636400000000000000e+04 8.390000000000000000e+02 1.098000049591064453e+00
1.138300000000000000e+04 5.848500000000000000e+04 7.850000000000000000e+02 1.047387003898620605e+00
1.043200000000000000e+04 5.813600000000000000e+04 8.090000000000000000e+02 1.077000021934509277e+00
7.387000000000000000e+03 5.703800000000000000e+04 4.330000000000000000e+02 1.117164969444274902e+00
1.217000000000000000e+03 5.267200000000000000e+04 1.230000000000000000e+02 1.065999984741210938e+00
7.339000000000000000e+03 5.672200000000000000e+04 3.080000000000000000e+02 1.172000050544738770e+00
8.536000000000000000e+03 5.801500000000000000e+04 4.780000000000000000e+02 1.058984041213989258e+00
1.436000000000000000e+03 5.305400000000000000e+04 9.600000000000000000e+01 1.011999964714050293e+00
8.436000000000000000e+03 5.789500000000000000e+04 7.260000000000000000e+02 1.069309949874877930e+00
7.680000000000000000e+02 5.228100000000000000e+04 4.090000000000000000e+02 1.090000033378601074e+00
4.390000000000000000e+02 5.187700000000000000e+04 4.690000000000000000e+02 1.039999961853027344e+00
9.780000000000000000e+02 5.244100000000000000e+04 3.840000000000000000e+02 1.011999964714050293e+00
9.680000000000000000e+02 5.241200000000000000e+04 2.630000000000000000e+02 1.093000054359436035e+00
1.057000000000000000e+03 5.252200000000000000e+04 8.800000000000000000e+01 1.149000048637390137e+00
6.290000000000000000e+02 5.205100000000000000e+04 2.150000000000000000e+02 1.126000046730041504e+00
1.376000000000000000e+03 5.308900000000000000e+04 1.690000000000000000e+02 1.090000033378601074e+00
1.076300000000000000e+04 5.839500000000000000e+04 8.610000000000000000e+02 1.013293027877807617e+00
1.998000000000000000e+03 5.343300000000000000e+04 5.790000000000000000e+02 1.154000043869018555e+00
1.360000000000000000e+03 5.303300000000000000e+04 2.270000000000000000e+02 1.159999966621398926e+00
1.786000000000000000e+03 5.445000000000000000e+04 2.460000000000000000e+02 1.167500019073486328e+00
1.107200000000000000e+04 5.843600000000000000e+04 5.890000000000000000e+02 1.011870026588439941e+00
1.734000000000000000e+03 5.303400000000000000e+04 4.700000000000000000e+02 1.161000013351440430e+00
6.741000000000000000e+03 5.639400000000000000e+04 4.340000000000000000e+02 1.161000013351440430e+00
1.971000000000000000e+03 5.347200000000000000e+04 1.300000000000000000e+02 1.075999975204467773e+00
1.324000000000000000e+03 5.308800000000000000e+04 4.820000000000000000e+02 1.026900053024291992e+00
6.049000000000000000e+03 5.609100000000000000e+04 1.820000000000000000e+02 1.077000021934509277e+00
6.682000000000000000e+03 5.639000000000000000e+04 7.000000000000000000e+01 1.049000024795532227e+00
1.027200000000000000e+04 5.817200000000000000e+04 4.280000000000000000e+02 1.123110055923461914e+00
9.430000000000000000e+02 5.237600000000000000e+04 4.400000000000000000e+02 1.187000036239624023e+00
6.662000000000000000e+03 5.636400000000000000e+04 3.000000000000000000e+02 1.116999983787536621e+00
6.831000000000000000e+03 5.642600000000000000e+04 8.680000000000000000e+02 1.083999991416931152e+00
3.367000000000000000e+03 5.499800000000000000e+04 5.000000000000000000e+00 1.188578963279724121e+00
5.590000000000000000e+02 5.231600000000000000e+04 2.430000000000000000e+02 1.024000048637390137e+00
1.351000000000000000e+03 5.279000000000000000e+04 2.470000000000000000e+02 1.155400037765502930e+00
2.023000000000000000e+03 5.385100000000000000e+04 3.940000000000000000e+02 1.157400012016296387e+00
6.220000000000000000e+02 5.205400000000000000e+04 4.170000000000000000e+02 1.008100032806396484e+00
1.075000000000000000e+04 5.819900000000000000e+04 6.600000000000000000e+02 1.102550029754638672e+00
8.503000000000000000e+03 5.751900000000000000e+04 6.680000000000000000e+02 1.087051987648010254e+00
1.046500000000000000e+04 5.814400000000000000e+04 5.460000000000000000e+02 1.184999942779541016e+00
2.108000000000000000e+03 5.347300000000000000e+04 5.940000000000000000e+02 1.070000052452087402e+00
3.223000000000000000e+03 5.486500000000000000e+04 2.000000000000000000e+00 1.126999974250793457e+00
8.539000000000000000e+03 5.802100000000000000e+04 1.970000000000000000e+02 1.182186961174011230e+00
1.982000000000000000e+03 5.343600000000000000e+04 3.940000000000000000e+02 1.046000003814697266e+00
1.164900000000000000e+04 5.851400000000000000e+04 2.400000000000000000e+01 1.199408054351806641e+00
8.184000000000000000e+03 5.742600000000000000e+04 3.170000000000000000e+02 1.147014975547790527e+00
6.489000000000000000e+03 5.632900000000000000e+04 7.360000000000000000e+02 1.143000006675720215e+00
1.074900000000000000e+04 5.848500000000000000e+04 5.940000000000000000e+02 1.139269948005676270e+00
8.407000000000000000e+03 5.783900000000000000e+04 1.940000000000000000e+02 1.074190020561218262e+00
8.545000000000000000e+03 5.804100000000000000e+04 4.240000000000000000e+02 1.114645004272460938e+00
1.106100000000000000e+04 5.842800000000000000e+04 8.340000000000000000e+02 1.047185420989990234e+00
9.720000000000000000e+02 5.243500000000000000e+04 4.170000000000000000e+02 1.013599991798400879e+00
9.420000000000000000e+02 5.270300000000000000e+04 3.500000000000000000e+01 1.093700051307678223e+00
8.161000000000000000e+03 5.712700000000000000e+04 8.370000000000000000e+02 1.060853600502014160e+00
8.860000000000000000e+02 5.238100000000000000e+04 3.740000000000000000e+02 1.014999985694885254e+00
4.697000000000000000e+03 5.566000000000000000e+04 6.420000000000000000e+02 1.162999987602233887e+00
2.088000000000000000e+03 5.349300000000000000e+04 5.150000000000000000e+02 1.075899958610534668e+00
1.354000000000000000e+03 5.281400000000000000e+04 5.300000000000000000e+02 1.026999950408935547e+00
6.617000000000000000e+03 5.636500000000000000e+04 8.960000000000000000e+02 1.151000022888183594e+00
1.371000000000000000e+03 5.282100000000000000e+04 1.820000000000000000e+02 1.014600038528442383e+00
6.732000000000000000e+03 5.637000000000000000e+04 9.720000000000000000e+02 1.110000014305114746e+00
8.217000000000000000e+03 5.817200000000000000e+04 9.480000000000000000e+02 1.109159946441650391e+00
7.905000000000000000e+03 5.766600000000000000e+04 8.500000000000000000e+01 1.135010004043579102e+00
8.388000000000000000e+03 5.748800000000000000e+04 3.390000000000000000e+02 1.093530058860778809e+00
5.811000000000000000e+03 5.633400000000000000e+04 9.280000000000000000e+02 1.059000015258789062e+00
1.947000000000000000e+03 5.343100000000000000e+04 4.430000000000000000e+02 1.195000052452087402e+00
6.730000000000000000e+03 5.642500000000000000e+04 5.300000000000000000e+02 1.041000008583068848e+00
1.328000000000000000e+03 5.278600000000000000e+04 2.040000000000000000e+02 1.074000000953674316e+00
1.920000000000000000e+03 5.331400000000000000e+04 2.280000000000000000e+02 1.087000012397766113e+00
1.370000000000000000e+03 5.309000000000000000e+04 5.470000000000000000e+02 1.161000013351440430e+00
6.719000000000000000e+03 5.639000000000000000e+04 8.760000000000000000e+02 1.026000022888183594e+00
1.106400000000000000e+04 5.843000000000000000e+04 9.850000000000000000e+02 1.157727003097534180e+00
1.328000000000000000e+03 5.278600000000000000e+04 6.040000000000000000e+02 1.070000052452087402e+00
1.091100000000000000e+04 5.825600000000000000e+04 7.450000000000000000e+02 1.182150006294250488e+00
7.445000000000000000e+03 5.672000000000000000e+04 8.030000000000000000e+02 1.154999971389770508e+00
7.102000000000000000e+03 5.666600000000000000e+04 7.860000000000000000e+02 1.164000034332275391e+00
6.628000000000000000e+03 5.636600000000000000e+04 2.380000000000000000e+02 1.029999971389770508e+00
6.827000000000000000e+03 5.642800000000000000e+04 7.330000000000000000e+02 1.052999973297119141e+00
7.430000000000000000e+03 5.710500000000000000e+04 2.580000000000000000e+02 1.180282950401306152e+00
9.740000000000000000e+02 5.242700000000000000e+04 4.810000000000000000e+02 1.133299946784973145e+00
1.043900000000000000e+04 5.815700000000000000e+04 2.880000000000000000e+02 1.137465953826904297e+00
8.538000000000000000e+03 5.754900000000000000e+04 4.080000000000000000e+02 1.186305046081542969e+00
1.076300000000000000e+04 5.839500000000000000e+04 4.990000000000000000e+02 1.184483051300048828e+00
1.678000000000000000e+03 5.343300000000000000e+04 6.300000000000000000e+01 1.195000052452087402e+00
7.742000000000000000e+03 5.807600000000000000e+04 6.070000000000000000e+02 1.050693035125732422e+00
8.412000000000000000e+03 5.817200000000000000e+04 1.520000000000000000e+02 1.097309947013854980e+00
1.093800000000000000e+04 5.851400000000000000e+04 6.400000000000000000e+02 1.015840053558349609e+00
8.437000000000000000e+03 5.789400000000000000e+04 7.100000000000000000e+02 1.107489943504333496e+00
7.765000000000000000e+03 5.804700000000000000e+04 7.210000000000000000e+02 1.151929974555969238e+00
8.195000000000000000e+03 5.739100000000000000e+04 2.630000000000000000e+02 1.182850956916809082e+00
1.091300000000000000e+04 5.825600000000000000e+04 9.100000000000000000e+01 1.138224959373474121e+00
8.750000000000000000e+02 5.235400000000000000e+04 7.700000000000000000e+01 1.014700055122375488e+00
6.660000000000000000e+03 5.637000000000000000e+04 9.420000000000000000e+02 1.077999949455261230e+00
1.952000000000000000e+03 5.337800000000000000e+04 5.370000000000000000e+02 1.190000057220458984e+00
8.846000000000000000e+03 5.742800000000000000e+04 1.310000000000000000e+02 1.131059050559997559e+00
1.025600000000000000e+04 5.819300000000000000e+04 2.840000000000000000e+02 1.005637049674987793e+00
2.004000000000000000e+03 5.373700000000000000e+04 6.100000000000000000e+02 1.001000046730041504e+00
9.520000000000000000e+02 5.240900000000000000e+04 3.180000000000000000e+02 1.101799964904785156e+00
6.450000000000000000e+03 5.633100000000000000e+04 8.700000000000000000e+02 1.006999969482421875e+00
6.661000000000000000e+03 5.636600000000000000e+04 8.960000000000000000e+02 1.018000006675720215e+00
5.420000000000000000e+02 5.199300000000000000e+04 3.000000000000000000e+02 1.088000059127807617e+00
3.758000000000000000e+03 5.550600000000000000e+04 7.400000000000000000e+01 1.111999988555908203e+00
8.201000000000000000e+03 5.814600000000000000e+04 7.240000000000000000e+02 1.186779975891113281e+00
8.491000000000000000e+03 5.748800000000000000e+04 7.620000000000000000e+02 1.181121945381164551e+00
7.574000000000000000e+03 5.694500000000000000e+04 7.500000000000000000e+02 1.090808987617492676e+00
4.310000000000000000e+02 5.187700000000000000e+04 1.860000000000000000e+02 1.139999985694885254e+00
1.042000000000000000e+03 5.272500000000000000e+04 2.960000000000000000e+02 1.072000026702880859e+00
7.651000000000000000e+03 5.765400000000000000e+04 4.450000000000000000e+02 1.043432950973510742e+00
1.287000000000000000e+03 5.272800000000000000e+04 3.000000000000000000e+00 1.161200046539306641e+00
8.850000000000000000e+02 5.237900000000000000e+04 3.780000000000000000e+02 1.078999996185302734e+00
1.971000000000000000e+03 5.347200000000000000e+04 2.030000000000000000e+02 1.047000050544738770e+00
1.072300000000000000e+04 5.828700000000000000e+04 5.740000000000000000e+02 1.192754030227661133e+00
8.414000000000000000e+03 5.784600000000000000e+04 3.440000000000000000e+02 1.023581981658935547e+00
8.498000000000000000e+03 5.710500000000000000e+04 1.340000000000000000e+02 1.150143980979919434e+00
2.962000000000000000e+03 5.477400000000000000e+04 1.300000000000000000e+02 1.070297002792358398e+00
1.596000000000000000e+03 5.299800000000000000e+04 4.450000000000000000e+02 1.092000007629394531e+00
8.514000000000000000e+03 5.817400000000000000e+04 2.670000000000000000e+02 1.010869979858398438e+00
1.273000000000000000e+03 5.299300000000000000e+04 2.610000000000000000e+02 1.190999984741210938e+00
8.357000000000000000e+03 5.815700000000000000e+04 1.160000000000000000e+02 1.043818950653076172e+00
1.458000000000000000e+03 5.311900000000000000e+04 2.630000000000000000e+02 1.075000047683715820e+00
1.431000000000000000e+03 5.299200000000000000e+04 4.100000000000000000e+02 1.060999989509582520e+00
8.836000000000000000e+03 5.742400000000000000e+04 1.360000000000000000e+02 1.007843971252441406e+00
8.890000000000000000e+02 5.266300000000000000e+04 1.930000000000000000e+02 1.183400034904479980e+00
1.075200000000000000e+04 5.848800000000000000e+04 8.980000000000000000e+02 1.086859941482543945e+00
8.181000000000000000e+03 5.707300000000000000e+04 5.120000000000000000e+02 1.002392649650573730e+00
8.366000000000000000e+03 5.743200000000000000e+04 3.740000000000000000e+02 1.155948996543884277e+00
1.130700000000000000e+04 5.843000000000000000e+04 4.950000000000000000e+02 1.056306004524230957e+00
1.277000000000000000e+03 5.276500000000000000e+04 4.190000000000000000e+02 1.160799980163574219e+00
8.378000000000000000e+03 5.778500000000000000e+04 7.190000000000000000e+02 1.009179949760437012e+00
1.170400000000000000e+04 5.851400000000000000e+04 6.640000000000000000e+02 1.102906942367553711e+00
8.532000000000000000e+03 5.802200000000000000e+04 2.900000000000000000e+02 1.108242034912109375e+00
8.504000000000000000e+03 5.751800000000000000e+04 5.580000000000000000e+02 1.035457968711853027e+00
4.231000000000000000e+03 5.544400000000000000e+04 1.200000000000000000e+02 1.034000039100646973e+00
2.032000000000000000e+03 5.381500000000000000e+04 1.360000000000000000e+02 1.071499943733215332e+00
8.745000000000000000e+03 5.739100000000000000e+04 7.080000000000000000e+02 1.065905928611755371e+00
1.139700000000000000e+04 5.852200000000000000e+04 1.700000000000000000e+02 1.003893017768859863e+00
7.719000000000000000e+03 5.808200000000000000e+04 5.100000000000000000e+01 1.189730048179626465e+00
9.410000000000000000e+03 5.806900000000000000e+04 1.930000000000000000e+02 1.006899952888488770e+00
2.016000000000000000e+03 5.379900000000000000e+04 6.340000000000000000e+02 1.102100014686584473e+00
1.370000000000000000e+03 5.309000000000000000e+04 4.820000000000000000e+02 1.133900046348571777e+00
6.838000000000000000e+03 5.642900000000000000e+04 4.600000000000000000e+01 1.070000052452087402e+00
7.856000000000000000e+03 5.726000000000000000e+04 2.700000000000000000e+02 1.023451685905456543e+00
8.864000000000000000e+03 5.742800000000000000e+04 2.530000000000000000e+02 1.137825965881347656e+00
8.283000000000000000e+03 5.706400000000000000e+04 4.750000000000000000e+02 1.140212059020996094e+00
1.945000000000000000e+03 5.338700000000000000e+04 2.420000000000000000e+02 1.169999957084655762e+00
8.498000000000000000e+03 5.710500000000000000e+04 1.210000000000000000e+02 1.085669994354248047e+00
6.681000000000000000e+03 5.641900000000000000e+04 7.760000000000000000e+02 1.006000041961669922e+00
1.042000000000000000e+03 5.272500000000000000e+04 4.600000000000000000e+02 1.027799963951110840e+00
1.135000000000000000e+04 5.845500000000000000e+04 3.450000000000000000e+02 1.024827003479003906e+00
9.309000000000000000e+03 5.807400000000000000e+04 1.760000000000000000e+02 1.027992963790893555e+00
8.301000000000000000e+03 5.739000000000000000e+04 5.640000000000000000e+02 1.114143967628479004e+00
1.440000000000000000e+03 5.308400000000000000e+04 1.590000000000000000e+02 1.077000021934509277e+00
6.200000000000000000e+02 5.237500000000000000e+04 1.000000000000000000e+01 1.072999954223632812e+00
1.130400000000000000e+04 5.844800000000000000e+04 7.830000000000000000e+02 1.019091010093688965e+00
1.127700000000000000e+04 5.845000000000000000e+04 8.000000000000000000e+02 1.051529049873352051e+00
1.456000000000000000e+03 5.311500000000000000e+04 4.200000000000000000e+01 1.003999948501586914e+00
1.971000000000000000e+03 5.347200000000000000e+04 3.700000000000000000e+01 1.095000028610229492e+00
1.279000000000000000e+03 5.273600000000000000e+04 1.410000000000000000e+02 1.190000057220458984e+00
1.076000000000000000e+04 5.822400000000000000e+04 9.780000000000000000e+02 1.033434987068176270e+00
8.209000000000000000e+03 5.742700000000000000e+04 7.600000000000000000e+02 1.013151407241821289e+00
7.095000000000000000e+03 5.662500000000000000e+04 2.800000000000000000e+01 1.069000005722045898e+00
1.405000000000000000e+03 5.282600000000000000e+04 2.170000000000000000e+02 1.011000037193298340e+00
2.027000000000000000e+03 5.343300000000000000e+04 6.000000000000000000e+00 1.018100023269653320e+00
8.063000000000000000e+03 5.757600000000000000e+04 3.670000000000000000e+02 1.143314003944396973e+00
1.137700000000000000e+04 5.843400000000000000e+04 8.240000000000000000e+02 1.182890057563781738e+00
9.361000000000000000e+03 5.805500000000000000e+04 9.960000000000000000e+02 1.150979995727539062e+00
1.028800000000000000e+04 5.813100000000000000e+04 7.090000000000000000e+02 1.110682010650634766e+00
4.320000000000000000e+02 5.188400000000000000e+04 3.470000000000000000e+02 1.085999965667724609e+00
1.091800000000000000e+04 5.825400000000000000e+04 3.200000000000000000e+01 1.074774980545043945e+00
2.974000000000000000e+03 5.459200000000000000e+04 2.550000000000000000e+02 1.043699979782104492e+00
2.091000000000000000e+03 5.344700000000000000e+04 6.300000000000000000e+01 1.118899941444396973e+00
1.461000000000000000e+03 5.306200000000000000e+04 4.640000000000000000e+02 1.026000022888183594e+00
1.354000000000000000e+03 5.281400000000000000e+04 5.650000000000000000e+02 1.100999951362609863e+00
8.286000000000000000e+03 5.706200000000000000e+04 4.070000000000000000e+02 1.098747014999389648e+00
6.663000000000000000e+03 5.633800000000000000e+04 9.640000000000000000e+02 1.019000053405761719e+00
8.749000000000000000e+03 5.768400000000000000e+04 2.430000000000000000e+02 1.102480053901672363e+00
8.233000000000000000e+03 5.788700000000000000e+04 7.180000000000000000e+02 1.118149995803833008e+00
1.989000000000000000e+03 5.377200000000000000e+04 1.180000000000000000e+02 1.047600030899047852e+00
7.617000000000000000e+03 5.694900000000000000e+04 2.130000000000000000e+02 1.057128787040710449e+00
7.307000000000000000e+03 5.672000000000000000e+04 1.040000000000000000e+02 1.146000027656555176e+00
1.028500000000000000e+04 5.808300000000000000e+04 3.440000000000000000e+02 1.013919949531555176e+00
7.734000000000000000e+03 5.813300000000000000e+04 6.420000000000000000e+02 1.098042011260986328e+00
1.310000000000000000e+03 5.303300000000000000e+04 3.740000000000000000e+02 1.164000034332275391e+00
5.738000000000000000e+03 5.600200000000000000e+04 1.900000000000000000e+02 1.090999960899353027e+00
7.900000000000000000e+02 5.244100000000000000e+04 3.900000000000000000e+01 1.164000034332275391e+00
8.920000000000000000e+02 5.237800000000000000e+04 2.880000000000000000e+02 1.024999976158142090e+00
8.494000000000000000e+03 5.710400000000000000e+04 9.220000000000000000e+02 1.154991984367370605e+00
7.512000000000000000e+03 5.677700000000000000e+04 2.140000000000000000e+02 1.100999951362609863e+00
8.189000000000000000e+03 5.744800000000000000e+04 6.900000000000000000e+02 1.091914057731628418e+00
1.134700000000000000e+04 5.844000000000000000e+04 2.700000000000000000e+02 1.053421020507812500e+00
8.175000000000000000e+03 5.703900000000000000e+04 2.010000000000000000e+02 1.104763984680175781e+00
6.803000000000000000e+03 5.640200000000000000e+04 5.130000000000000000e+02 1.072000026702880859e+00
7.603000000000000000e+03 5.696000000000000000e+04 8.660000000000000000e+02 1.130337953567504883e+00
1.026700000000000000e+04 5.822300000000000000e+04 4.010000000000000000e+02 1.083119034767150879e+00
8.852000000000000000e+03 5.744900000000000000e+04 9.900000000000000000e+01 1.079650044441223145e+00
7.091000000000000000e+03 5.665800000000000000e+04 8.320000000000000000e+02 1.190999984741210938e+00
7.850000000000000000e+03 5.695600000000000000e+04 1.000000000000000000e+02 1.038316965103149414e+00
1.137700000000000000e+04 5.843400000000000000e+04 7.660000000000000000e+02 1.032277941703796387e+00
8.222000000000000000e+03 5.743100000000000000e+04 2.740000000000000000e+02 1.033709049224853516e+00
7.892000000000000000e+03 5.733300000000000000e+04 9.480000000000000000e+02 1.081807374954223633e+00
8.538000000000000000e+03 5.754900000000000000e+04 6.000000000000000000e+00 1.108090043067932129e+00
6.690000000000000000e+03 5.641600000000000000e+04 1.230000000000000000e+02 1.085000038146972656e+00
8.861000000000000000e+03 5.745900000000000000e+04 4.400000000000000000e+01 1.113842010498046875e+00
8.845000000000000000e+03 5.815900000000000000e+04 7.520000000000000000e+02 1.196866035461425781e+00
7.701000000000000000e+03 5.735600000000000000e+04 9.190000000000000000e+02 1.177642941474914551e+00
7.650000000000000000e+02 5.225400000000000000e+04 1.330000000000000000e+02 1.136000037193298340e+00
1.047100000000000000e+04 5.813200000000000000e+04 7.100000000000000000e+01 1.134101033210754395e+00
3.679000000000000000e+03 5.520900000000000000e+04 3.190000000000000000e+02 1.069000005722045898e+00
8.859000000000000000e+03 5.745200000000000000e+04 1.560000000000000000e+02 1.014946460723876953e+00
1.159000000000000000e+03 5.266900000000000000e+04 5.110000000000000000e+02 1.052500009536743164e+00
6.809000000000000000e+03 5.645400000000000000e+04 3.920000000000000000e+02 1.177999973297119141e+00
8.186000000000000000e+03 5.745200000000000000e+04 6.430000000000000000e+02 1.099074006080627441e+00
1.370000000000000000e+03 5.309000000000000000e+04 5.950000000000000000e+02 1.085999965667724609e+00
7.842000000000000000e+03 5.689900000000000000e+04 7.510000000000000000e+02 1.033954381942749023e+00
8.759000000000000000e+03 5.770000000000000000e+04 9.560000000000000000e+02 1.013700008392333984e+00
8.497000000000000000e+03 5.816100000000000000e+04 9.720000000000000000e+02 1.159639954566955566e+00
7.760000000000000000e+03 5.808000000000000000e+04 6.720000000000000000e+02 1.032179951667785645e+00
9.430000000000000000e+02 5.237600000000000000e+04 1.350000000000000000e+02 1.187000036239624023e+00
1.134700000000000000e+04 5.844000000000000000e+04 3.640000000000000000e+02 1.113628029823303223e+00
5.500000000000000000e+02 5.195900000000000000e+04 6.140000000000000000e+02 1.164399981498718262e+00
1.140100000000000000e+04 5.849100000000000000e+04 1.700000000000000000e+02 1.163967967033386230e+00
1.024600000000000000e+04 5.817100000000000000e+04 6.860000000000000000e+02 1.144840955734252930e+00
9.600000000000000000e+02 5.242500000000000000e+04 5.330000000000000000e+02 1.100200057029724121e+00
5.144000000000000000e+03 5.582900000000000000e+04 2.460000000000000000e+02 1.131000041961669922e+00
7.914000000000000000e+03 5.733100000000000000e+04 8.740000000000000000e+02 1.134931445121765137e+00
2.025000000000000000e+03 5.343100000000000000e+04 5.610000000000000000e+02 1.094900012016296387e+00
1.997000000000000000e+03 5.344200000000000000e+04 4.000000000000000000e+02 1.018499970436096191e+00
1.984000000000000000e+03 5.343300000000000000e+04 3.920000000000000000e+02 1.180500030517578125e+00
7.654000000000000000e+03 5.733000000000000000e+04 7.100000000000000000e+02 1.054358959197998047e+00
6.674000000000000000e+03 5.641600000000000000e+04 8.030000000000000000e+02 1.182999968528747559e+00
3.672000000000000000e+03 5.548400000000000000e+04 8.740000000000000000e+02 1.182000041007995605e+00
7.680000000000000000e+02 5.228100000000000000e+04 5.630000000000000000e+02 1.165400028228759766e+00
7.284000000000000000e+03 5.668300000000000000e+04 8.040000000000000000e+02 1.093999981880187988e+00
1.131100000000000000e+04 5.842900000000000000e+04 4.040000000000000000e+02 1.171243429183959961e+00
4.640000000000000000e+03 5.592700000000000000e+04 6.720000000000000000e+02 1.118000030517578125e+00
8.870000000000000000e+03 5.777900000000000000e+04 2.720000000000000000e+02 1.049118995666503906e+00
7.607000000000000000e+03 5.690200000000000000e+04 4.320000000000000000e+02 1.170106053352355957e+00
7.420000000000000000e+03 5.675300000000000000e+04 6.760000000000000000e+02 1.013000011444091797e+00
7.608000000000000000e+03 5.694500000000000000e+04 9.670000000000000000e+02 1.039898991584777832e+00
7.686000000000000000e+03 5.701500000000000000e+04 8.210000000000000000e+02 1.029623031616210938e+00
7.412000000000000000e+03 5.716200000000000000e+04 9.530000000000000000e+02 1.061493039131164551e+00
8.532000000000000000e+03 5.802200000000000000e+04 4.920000000000000000e+02 1.012210011482238770e+00
1.278000000000000000e+03 5.273500000000000000e+04 2.310000000000000000e+02 1.193799972534179688e+00
7.654000000000000000e+03 5.733000000000000000e+04 6.350000000000000000e+02 1.067299008369445801e+00
8.843000000000000000e+03 5.742300000000000000e+04 1.070000000000000000e+02 1.057093024253845215e+00
7.649000000000000000e+03 5.757400000000000000e+04 8.550000000000000000e+02 1.026916027069091797e+00
6.692000000000000000e+03 5.639000000000000000e+04 8.800000000000000000e+02 1.174000024795532227e+00
7.573000000000000000e+03 5.694600000000000000e+04 8.980000000000000000e+02 1.083068966865539551e+00
6.474000000000000000e+03 5.636200000000000000e+04 8.700000000000000000e+02 1.013000011444091797e+00
2.099000000000000000e+03 5.346900000000000000e+04 4.360000000000000000e+02 1.148100018501281738e+00
5.805000000000000000e+03 5.633600000000000000e+04 7.540000000000000000e+02 1.169999957084655762e+00
8.820000000000000000e+02 5.237000000000000000e+04 4.450000000000000000e+02 1.176699995994567871e+00
8.732000000000000000e+03 5.741800000000000000e+04 8.770000000000000000e+02 1.012683629989624023e+00
4.306000000000000000e+03 5.558400000000000000e+04 6.000000000000000000e+01 1.031999945640563965e+00
1.976000000000000000e+03 5.340100000000000000e+04 3.980000000000000000e+02 1.060400009155273438e+00
4.293000000000000000e+03 5.550900000000000000e+04 1.980000000000000000e+02 1.034999966621398926e+00
8.180000000000000000e+02 5.239500000000000000e+04 5.510000000000000000e+02 1.190999984741210938e+00
1.107200000000000000e+04 5.843600000000000000e+04 6.670000000000000000e+02 1.108479976654052734e+00
8.302000000000000000e+03 5.738900000000000000e+04 4.930000000000000000e+02 1.033220052719116211e+00
4.310000000000000000e+02 5.187700000000000000e+04 4.250000000000000000e+02 1.031000018119812012e+00
3.840000000000000000e+02 5.182100000000000000e+04 5.950000000000000000e+02 1.095000028610229492e+00
1.072100000000000000e+04 5.828800000000000000e+04 7.540000000000000000e+02 1.112321972846984863e+00
1.105500000000000000e+04 5.842900000000000000e+04 6.140000000000000000e+02 1.133856058120727539e+00
7.761000000000000000e+03 5.807100000000000000e+04 8.300000000000000000e+01 1.040820002555847168e+00
1.394000000000000000e+03 5.310800000000000000e+04 6.000000000000000000e+02 1.036999940872192383e+00
1.353000000000000000e+03 5.308300000000000000e+04 6.210000000000000000e+02 1.138700008392333984e+00
1.976000000000000000e+03 5.340100000000000000e+04 2.440000000000000000e+02 1.009999990463256836e+00
7.427000000000000000e+03 5.675100000000000000e+04 2.670000000000000000e+02 1.134999990463256836e+00
8.518000000000000000e+03 5.819300000000000000e+04 8.800000000000000000e+01 1.122360944747924805e+00
8.753000000000000000e+03 5.737300000000000000e+04 7.160000000000000000e+02 1.037189006805419922e+00
9.408000000000000000e+03 5.807700000000000000e+04 5.660000000000000000e+02 1.121000051498413086e+00
1.054000000000000000e+03 5.251600000000000000e+04 5.350000000000000000e+02 1.171100020408630371e+00
1.026600000000000000e+04 5.846200000000000000e+04 5.280000000000000000e+02 1.088034987449645996e+00
1.044200000000000000e+04 5.814100000000000000e+04 5.170000000000000000e+02 1.195999979972839355e+00
1.065700000000000000e+04 5.815700000000000000e+04 2.650000000000000000e+02 1.029577016830444336e+00
8.747000000000000000e+03 5.740100000000000000e+04 9.800000000000000000e+01 1.055394649505615234e+00
1.108300000000000000e+04 5.851500000000000000e+04 3.130000000000000000e+02 1.168447017669677734e+00
1.107900000000000000e+04 5.848500000000000000e+04 9.480000000000000000e+02 1.142788052558898926e+00
1.167500000000000000e+04 5.852300000000000000e+04 7.930000000000000000e+02 1.134595990180969238e+00
4.411000000000000000e+03 5.616400000000000000e+04 2.380000000000000000e+02 1.029000043869018555e+00
7.670000000000000000e+03 5.732800000000000000e+04 9.300000000000000000e+02 1.055490016937255859e+00
1.027500000000000000e+04 5.846700000000000000e+04 3.330000000000000000e+02 1.100880026817321777e+00
8.305000000000000000e+03 5.774900000000000000e+04 4.100000000000000000e+02 1.072803020477294922e+00
5.420000000000000000e+02 5.199300000000000000e+04 4.470000000000000000e+02 1.057999968528747559e+00
7.245000000000000000e+03 5.663600000000000000e+04 7.870000000000000000e+02 1.181624054908752441e+00
4.440000000000000000e+02 5.188300000000000000e+04 6.050000000000000000e+02 1.161999940872192383e+00
8.367000000000000000e+03 5.742900000000000000e+04 7.550000000000000000e+02 1.170729994773864746e+00
7.877000000000000000e+03 5.689800000000000000e+04 6.700000000000000000e+01 1.013190746307373047e+00
1.112600000000000000e+04 5.843600000000000000e+04 5.990000000000000000e+02 1.024932980537414551e+00
2.025000000000000000e+03 5.343100000000000000e+04 1.120000000000000000e+02 1.169399976730346680e+00
1.357000000000000000e+03 5.303400000000000000e+04 1.090000000000000000e+02 1.025400042533874512e+00
2.030000000000000000e+03 5.349900000000000000e+04 3.110000000000000000e+02 1.141899943351745605e+00
9.363000000000000000e+03 5.774200000000000000e+04 9.910000000000000000e+02 1.097141027450561523e+00
1.076100000000000000e+04 5.828300000000000000e+04 8.900000000000000000e+02 1.186756014823913574e+00
4.230000000000000000e+02 5.182100000000000000e+04 6.190000000000000000e+02 1.159700036048889160e+00
7.735000000000000000e+03 5.813600000000000000e+04 3.930000000000000000e+02 1.042709946632385254e+00
9.441000000000000000e+03 5.802200000000000000e+04 8.540000000000000000e+02 1.053341031074523926e+00
7.877000000000000000e+03 5.689800000000000000e+04 7.740000000000000000e+02 1.093147993087768555e+00
9.180000000000000000e+03 5.769300000000000000e+04 4.790000000000000000e+02 1.099920034408569336e+00
7.716000000000000000e+03 5.809700000000000000e+04 8.680000000000000000e+02 1.113543987274169922e+00
9.700000000000000000e+02 5.241300000000000000e+04 4.070000000000000000e+02 1.167999982833862305e+00
7.850000000000000000e+03 5.695600000000000000e+04 2.380000000000000000e+02 1.116384983062744141e+00
1.084000000000000000e+03 5.259100000000000000e+04 3.770000000000000000e+02 1.192100048065185547e+00
7.828000000000000000e+03 5.703900000000000000e+04 3.650000000000000000e+02 1.069597005844116211e+00
1.972000000000000000e+03 5.346600000000000000e+04 4.120000000000000000e+02 1.111999988555908203e+00
7.623000000000000000e+03 5.690100000000000000e+04 3.760000000000000000e+02 1.177559971809387207e+00
9.168000000000000000e+03 5.806700000000000000e+04 8.130000000000000000e+02 1.198147058486938477e+00
4.350000000000000000e+03 5.555600000000000000e+04 4.060000000000000000e+02 1.047999978065490723e+00
7.835000000000000000e+03 5.698600000000000000e+04 3.140000000000000000e+02 1.177358031272888184e+00
1.066200000000000000e+04 5.815800000000000000e+04 3.420000000000000000e+02 1.166829943656921387e+00
6.780000000000000000e+03 5.626700000000000000e+04 7.150000000000000000e+02 1.110000014305114746e+00
6.900000000000000000e+02 5.226100000000000000e+04 6.250000000000000000e+02 1.127699971199035645e+00
5.410000000000000000e+02 5.195900000000000000e+04 5.100000000000000000e+02 1.187399983406066895e+00
3.763000000000000000e+03 5.550800000000000000e+04 8.560000000000000000e+02 1.021000027656555176e+00
8.744000000000000000e+03 5.812400000000000000e+04 3.630000000000000000e+02 1.175143957138061523e+00
5.648000000000000000e+03 5.592300000000000000e+04 8.400000000000000000e+02 1.156000018119812012e+00
7.744000000000000000e+03 5.839600000000000000e+04 9.360000000000000000e+02 1.042855978012084961e+00
7.642000000000000000e+03 5.765100000000000000e+04 4.820000000000000000e+02 1.078238964080810547e+00
7.659000000000000000e+03 5.706000000000000000e+04 2.510000000000000000e+02 1.069903969764709473e+00
7.906000000000000000e+03 5.733300000000000000e+04 1.870000000000000000e+02 1.117687940597534180e+00
7.643000000000000000e+03 5.730200000000000000e+04 5.800000000000000000e+01 1.135848045349121094e+00
9.355000000000000000e+03 5.781400000000000000e+04 6.660000000000000000e+02 1.099339962005615234e+00
4.539000000000000000e+03 5.586500000000000000e+04 1.460000000000000000e+02 1.003000020980834961e+00
1.105300000000000000e+04 5.843700000000000000e+04 5.300000000000000000e+02 1.161146998405456543e+00
7.679000000000000000e+03 5.736700000000000000e+04 1.580000000000000000e+02 1.036648035049438477e+00
4.231000000000000000e+03 5.544400000000000000e+04 7.800000000000000000e+01 1.001000046730041504e+00
7.851000000000000000e+03 5.693200000000000000e+04 1.390000000000000000e+02 1.147549033164978027e+00
7.612000000000000000e+03 5.697200000000000000e+04 2.020000000000000000e+02 1.166339993476867676e+00
9.210000000000000000e+03 5.765600000000000000e+04 6.260000000000000000e+02 1.121767044067382812e+00
8.940000000000000000e+02 5.261500000000000000e+04 5.900000000000000000e+01 1.047700047492980957e+00
4.090000000000000000e+02 5.187100000000000000e+04 5.010000000000000000e+02 1.145699977874755859e+00
7.679000000000000000e+03 5.736700000000000000e+04 9.900000000000000000e+02 1.060479044914245605e+00
7.595000000000000000e+03 5.695700000000000000e+04 5.100000000000000000e+02 1.125956058502197266e+00
1.131500000000000000e+04 5.840200000000000000e+04 7.780000000000000000e+02 1.122518658638000488e+00
7.752000000000000000e+03 5.807200000000000000e+04 8.350000000000000000e+02 1.103999972343444824e+00
7.893000000000000000e+03 5.728600000000000000e+04 4.570000000000000000e+02 1.102671980857849121e+00
7.893000000000000000e+03 5.728600000000000000e+04 5.010000000000000000e+02 1.132431030273437500e+00
7.642000000000000000e+03 5.765100000000000000e+04 4.600000000000000000e+02 1.052000045776367188e+00
