1.337000000000000000e+03 5.276700000000000000e+04 1.640000000000000000e+02 1.273000001907348633e+00
8.188000000000000000e+03 5.734800000000000000e+04 9.460000000000000000e+02 1.415410995483398438e+00
1.073100000000000000e+04 5.824700000000000000e+04 6.770000000000000000e+02 1.232923984527587891e+00
8.418000000000000000e+03 5.819900000000000000e+04 6.260000000000000000e+02 1.325469017028808594e+00
1.319000000000000000e+03 5.279100000000000000e+04 2.180000000000000000e+02 1.279953002929687500e+00
6.786000000000000000e+03 5.644800000000000000e+04 9.520000000000000000e+02 1.536999940872192383e+00
1.683000000000000000e+03 5.343600000000000000e+04 1.740000000000000000e+02 1.396999955177307129e+00
6.045000000000000000e+03 5.607200000000000000e+04 6.740000000000000000e+02 1.629999995231628418e+00
7.089000000000000000e+03 5.666100000000000000e+04 7.910000000000000000e+02 1.230999946594238281e+00
3.761000000000000000e+03 5.527200000000000000e+04 3.430000000000000000e+02 1.215615034103393555e+00
1.319000000000000000e+03 5.279100000000000000e+04 2.590000000000000000e+02 1.628999948501586914e+00
7.878000000000000000e+03 5.734000000000000000e+04 9.760000000000000000e+02 1.604020953178405762e+00
4.629000000000000000e+03 5.563000000000000000e+04 1.400000000000000000e+02 1.368000030517578125e+00
7.940000000000000000e+02 5.237600000000000000e+04 5.680000000000000000e+02 1.389999985694885254e+00
2.006000000000000000e+03 5.347600000000000000e+04 4.150000000000000000e+02 1.375000000000000000e+00
6.751000000000000000e+03 5.636800000000000000e+04 2.120000000000000000e+02 1.554999947547912598e+00
1.158000000000000000e+03 5.266800000000000000e+04 7.400000000000000000e+01 1.373000025749206543e+00
6.751000000000000000e+03 5.636800000000000000e+04 8.800000000000000000e+01 1.246999979019165039e+00
1.073100000000000000e+04 5.824700000000000000e+04 6.770000000000000000e+02 1.232923984527587891e+00
8.067000000000000000e+03 5.825300000000000000e+04 8.260000000000000000e+02 1.281286001205444336e+00
5.172000000000000000e+03 5.607100000000000000e+04 9.620000000000000000e+02 1.531999945640563965e+00
9.450000000000000000e+02 5.265200000000000000e+04 3.910000000000000000e+02 1.394999980926513672e+00
6.790000000000000000e+03 5.643000000000000000e+04 5.460000000000000000e+02 1.238000035285949707e+00
1.056000000000000000e+03 5.276400000000000000e+04 6.300000000000000000e+02 1.287999987602233887e+00
5.804000000000000000e+03 5.630400000000000000e+04 4.300000000000000000e+01 1.409999966621398926e+00
8.424000000000000000e+03 5.824800000000000000e+04 1.540000000000000000e+02 1.667297005653381348e+00
6.160000000000000000e+02 5.244200000000000000e+04 3.230000000000000000e+02 1.447999954223632812e+00
8.067000000000000000e+03 5.825300000000000000e+04 9.770000000000000000e+02 1.217599034309387207e+00
1.672000000000000000e+03 5.346000000000000000e+04 1.920000000000000000e+02 1.245100021362304688e+00
1.676000000000000000e+03 5.314700000000000000e+04 4.840000000000000000e+02 1.202999949455261230e+00
7.400000000000000000e+03 5.713400000000000000e+04 2.490000000000000000e+02 1.665066003799438477e+00
7.930000000000000000e+02 5.237000000000000000e+04 4.580000000000000000e+02 1.478000044822692871e+00
6.730000000000000000e+03 5.642500000000000000e+04 2.550000000000000000e+02 1.432999968528747559e+00
1.984000000000000000e+03 5.343300000000000000e+04 3.850000000000000000e+02 1.329800009727478027e+00
6.788000000000000000e+03 5.642800000000000000e+04 6.210000000000000000e+02 1.251000046730041504e+00
7.880000000000000000e+03 5.733600000000000000e+04 5.120000000000000000e+02 1.442798614501953125e+00
6.448000000000000000e+03 5.636500000000000000e+04 5.960000000000000000e+02 1.370000004768371582e+00
7.339000000000000000e+03 5.678200000000000000e+04 7.610000000000000000e+02 1.225999951362609863e+00
1.983000000000000000e+03 5.344200000000000000e+04 2.610000000000000000e+02 1.400200009346008301e+00
8.411000000000000000e+03 5.787500000000000000e+04 6.060000000000000000e+02 1.607347011566162109e+00
2.101000000000000000e+03 5.385800000000000000e+04 2.000000000000000000e+02 1.593000054359436035e+00
8.417000000000000000e+03 5.817500000000000000e+04 2.480000000000000000e+02 1.372990012168884277e+00
8.493000000000000000e+03 5.816200000000000000e+04 7.380000000000000000e+02 1.223634958267211914e+00
4.960000000000000000e+03 5.574700000000000000e+04 4.440000000000000000e+02 1.516000032424926758e+00
6.140000000000000000e+02 5.343700000000000000e+04 3.030000000000000000e+02 1.218000054359436035e+00
1.173000000000000000e+03 5.279000000000000000e+04 3.500000000000000000e+02 1.226999998092651367e+00
1.448000000000000000e+03 5.312000000000000000e+04 3.600000000000000000e+01 1.309000015258789062e+00
8.538000000000000000e+03 5.754900000000000000e+04 3.180000000000000000e+02 1.625033974647521973e+00
8.185000000000000000e+03 5.743100000000000000e+04 9.920000000000000000e+02 1.494410395622253418e+00
1.954000000000000000e+03 5.335700000000000000e+04 6.130000000000000000e+02 1.307000041007995605e+00
6.685000000000000000e+03 5.641200000000000000e+04 9.220000000000000000e+02 1.235000014305114746e+00
8.720000000000000000e+02 5.233900000000000000e+04 2.440000000000000000e+02 1.658100008964538574e+00
1.056000000000000000e+03 5.276400000000000000e+04 6.200000000000000000e+02 1.531999945640563965e+00
1.436000000000000000e+03 5.305400000000000000e+04 4.990000000000000000e+02 1.440000057220458984e+00
1.378000000000000000e+03 5.306100000000000000e+04 4.100000000000000000e+02 1.261000037193298340e+00
1.042000000000000000e+03 5.272500000000000000e+04 3.920000000000000000e+02 1.559000015258789062e+00
9.490000000000000000e+02 5.242700000000000000e+04 3.160000000000000000e+02 1.468000054359436035e+00
1.291000000000000000e+03 5.273800000000000000e+04 1.900000000000000000e+01 1.578999996185302734e+00
2.883000000000000000e+03 5.452500000000000000e+04 6.370000000000000000e+02 1.220700025558471680e+00
8.068000000000000000e+03 5.718500000000000000e+04 7.860000000000000000e+02 1.545228958129882812e+00
1.025800000000000000e+04 5.849200000000000000e+04 5.340000000000000000e+02 1.305894970893859863e+00
6.786000000000000000e+03 5.644800000000000000e+04 9.180000000000000000e+02 1.391999959945678711e+00
6.715000000000000000e+03 5.644900000000000000e+04 5.400000000000000000e+02 1.378999948501586914e+00
6.801000000000000000e+03 5.648700000000000000e+04 7.200000000000000000e+02 1.440000057220458984e+00
6.392000000000000000e+03 5.633100000000000000e+04 4.620000000000000000e+02 1.401999950408935547e+00
1.452000000000000000e+03 5.311200000000000000e+04 1.320000000000000000e+02 1.376000046730041504e+00
9.510000000000000000e+02 5.239800000000000000e+04 1.530000000000000000e+02 1.598999977111816406e+00
1.356000000000000000e+03 5.303300000000000000e+04 3.190000000000000000e+02 1.261999964714050293e+00
1.167000000000000000e+03 5.273800000000000000e+04 4.150000000000000000e+02 1.294000029563903809e+00
1.160000000000000000e+03 5.267400000000000000e+04 1.560000000000000000e+02 1.652999997138977051e+00
8.413000000000000000e+03 5.789700000000000000e+04 5.600000000000000000e+02 1.231999993324279785e+00
1.667000000000000000e+03 5.343000000000000000e+04 4.590000000000000000e+02 1.269000053405761719e+00
7.768000000000000000e+03 5.828900000000000000e+04 8.230000000000000000e+02 1.395869016647338867e+00
7.920000000000000000e+02 5.235300000000000000e+04 6.350000000000000000e+02 1.681499958038330078e+00
1.170000000000000000e+03 5.275600000000000000e+04 5.660000000000000000e+02 1.210999965667724609e+00
2.013000000000000000e+03 5.381800000000000000e+04 1.030000000000000000e+02 1.275099992752075195e+00
1.382000000000000000e+03 5.311500000000000000e+04 4.530000000000000000e+02 1.445000052452087402e+00
6.711000000000000000e+03 5.638800000000000000e+04 7.410000000000000000e+02 1.406999945640563965e+00
9.490000000000000000e+02 5.242700000000000000e+04 1.630000000000000000e+02 1.204599976539611816e+00
8.424000000000000000e+03 5.824800000000000000e+04 8.410000000000000000e+02 1.469313979148864746e+00
6.260000000000000000e+02 5.205700000000000000e+04 2.210000000000000000e+02 1.350999951362609863e+00
8.503000000000000000e+03 5.751900000000000000e+04 2.300000000000000000e+02 1.346035003662109375e+00
6.056000000000000000e+03 5.609200000000000000e+04 6.820000000000000000e+02 1.557000041007995605e+00
3.386000000000000000e+03 5.495200000000000000e+04 5.420000000000000000e+02 1.309999942779541016e+00
1.074900000000000000e+04 5.848500000000000000e+04 4.310000000000000000e+02 1.207559943199157715e+00
6.170000000000000000e+02 5.207200000000000000e+04 6.800000000000000000e+01 1.401299953460693359e+00
4.956000000000000000e+03 5.573700000000000000e+04 1.770000000000000000e+02 1.286999940872192383e+00
1.045000000000000000e+03 5.272500000000000000e+04 4.940000000000000000e+02 1.314000010490417480e+00
8.544000000000000000e+03 5.828100000000000000e+04 9.900000000000000000e+02 1.494182944297790527e+00
1.396000000000000000e+03 5.311200000000000000e+04 1.260000000000000000e+02 1.442000031471252441e+00
6.803000000000000000e+03 5.640200000000000000e+04 3.310000000000000000e+02 1.228999972343444824e+00
1.399000000000000000e+03 5.317200000000000000e+04 2.060000000000000000e+02 1.503000020980834961e+00
1.072200000000000000e+04 5.828100000000000000e+04 1.700000000000000000e+02 1.416527032852172852e+00
7.562000000000000000e+03 5.679900000000000000e+04 3.580000000000000000e+02 1.453127980232238770e+00
1.396000000000000000e+03 5.311200000000000000e+04 6.390000000000000000e+02 1.402999997138977051e+00
1.282000000000000000e+03 5.275900000000000000e+04 1.540000000000000000e+02 1.342000007629394531e+00
8.388000000000000000e+03 5.748800000000000000e+04 4.140000000000000000e+02 1.409878015518188477e+00
8.363000000000000000e+03 5.814000000000000000e+04 4.600000000000000000e+01 1.305130958557128906e+00
6.160000000000000000e+02 5.244200000000000000e+04 4.170000000000000000e+02 1.646000027656555176e+00
2.101000000000000000e+03 5.385800000000000000e+04 1.080000000000000000e+02 1.265300035476684570e+00
1.160000000000000000e+03 5.267400000000000000e+04 3.860000000000000000e+02 1.317999958992004395e+00
1.384000000000000000e+03 5.312100000000000000e+04 1.480000000000000000e+02 1.363999962806701660e+00
6.037000000000000000e+03 5.610400000000000000e+04 4.400000000000000000e+02 1.445000052452087402e+00
4.558000000000000000e+03 5.556900000000000000e+04 4.380000000000000000e+02 1.254488945007324219e+00
4.636000000000000000e+03 5.594500000000000000e+04 4.000000000000000000e+02 1.250000000000000000e+00
7.890000000000000000e+02 5.234200000000000000e+04 2.400000000000000000e+02 1.343000054359436035e+00
1.372000000000000000e+03 5.306200000000000000e+04 6.000000000000000000e+02 1.417999982833862305e+00
1.024900000000000000e+04 5.822900000000000000e+04 5.020000000000000000e+02 1.563138008117675781e+00
6.160000000000000000e+02 5.244200000000000000e+04 6.000000000000000000e+00 1.661999940872192383e+00
8.529000000000000000e+03 5.801300000000000000e+04 6.960000000000000000e+02 1.518219947814941406e+00
6.150000000000000000e+02 5.234700000000000000e+04 5.030000000000000000e+02 1.524999976158142090e+00
1.948000000000000000e+03 5.338800000000000000e+04 2.730000000000000000e+02 1.207999944686889648e+00
7.875000000000000000e+03 5.698000000000000000e+04 8.840000000000000000e+02 1.371067762374877930e+00
6.170000000000000000e+02 5.207200000000000000e+04 2.540000000000000000e+02 1.393599987030029297e+00
7.950000000000000000e+02 5.237800000000000000e+04 1.220000000000000000e+02 1.327200055122375488e+00
8.406000000000000000e+03 5.751300000000000000e+04 9.880000000000000000e+02 1.328207015991210938e+00
6.713000000000000000e+03 5.640200000000000000e+04 8.600000000000000000e+02 1.460999965667724609e+00
8.730000000000000000e+02 5.267400000000000000e+04 3.600000000000000000e+02 1.253000020980834961e+00
7.920000000000000000e+02 5.235300000000000000e+04 2.740000000000000000e+02 1.411999940872192383e+00
8.055000000000000000e+03 5.718700000000000000e+04 2.830000000000000000e+02 1.301002979278564453e+00
7.950000000000000000e+02 5.237800000000000000e+04 3.140000000000000000e+02 1.456599950790405273e+00
8.065000000000000000e+03 5.824800000000000000e+04 7.830000000000000000e+02 1.356850028038024902e+00
8.425000000000000000e+03 5.822600000000000000e+04 7.000000000000000000e+00 1.455651998519897461e+00
7.910000000000000000e+02 5.243500000000000000e+04 1.790000000000000000e+02 1.372200012207031250e+00
8.067000000000000000e+03 5.825300000000000000e+04 7.810000000000000000e+02 1.558807015419006348e+00
6.795000000000000000e+03 5.642500000000000000e+04 8.600000000000000000e+02 1.560999989509582520e+00
8.179000000000000000e+03 5.742900000000000000e+04 9.700000000000000000e+02 1.638553977012634277e+00
2.096000000000000000e+03 5.344600000000000000e+04 5.500000000000000000e+02 1.418099999427795410e+00
6.746000000000000000e+03 5.638600000000000000e+04 7.280000000000000000e+02 1.271000027656555176e+00
6.170000000000000000e+02 5.207200000000000000e+04 3.600000000000000000e+01 1.216300010681152344e+00
1.013000000000000000e+03 5.270700000000000000e+04 1.940000000000000000e+02 1.233999967575073242e+00
1.275000000000000000e+03 5.299600000000000000e+04 5.460000000000000000e+02 1.353000044822692871e+00
8.544000000000000000e+03 5.828100000000000000e+04 5.710000000000000000e+02 1.213505029678344727e+00
1.165000000000000000e+03 5.270300000000000000e+04 5.090000000000000000e+02 1.261000037193298340e+00
6.714000000000000000e+03 5.644700000000000000e+04 7.960000000000000000e+02 1.613000035285949707e+00
4.568000000000000000e+03 5.560000000000000000e+04 1.120000000000000000e+02 1.228999972343444824e+00
7.031000000000000000e+03 5.644900000000000000e+04 1.600000000000000000e+02 1.383999943733215332e+00
8.845000000000000000e+03 5.815900000000000000e+04 1.410000000000000000e+02 1.334606051445007324e+00
1.676000000000000000e+03 5.314700000000000000e+04 3.950000000000000000e+02 1.348099946975708008e+00
2.956000000000000000e+03 5.452500000000000000e+04 6.250000000000000000e+02 1.300400018692016602e+00
9.720000000000000000e+02 5.243500000000000000e+04 3.440000000000000000e+02 1.636999964714050293e+00
6.803000000000000000e+03 5.640200000000000000e+04 9.530000000000000000e+02 1.368999958038330078e+00
9.460000000000000000e+02 5.240700000000000000e+04 3.430000000000000000e+02 1.425999999046325684e+00
3.328000000000000000e+03 5.496400000000000000e+04 1.240000000000000000e+02 1.232383012771606445e+00
1.277000000000000000e+03 5.276500000000000000e+04 6.040000000000000000e+02 1.488700032234191895e+00
1.672000000000000000e+03 5.346000000000000000e+04 6.270000000000000000e+02 1.373200058937072754e+00
1.461000000000000000e+03 5.306200000000000000e+04 5.620000000000000000e+02 1.554000020027160645e+00
8.068000000000000000e+03 5.718500000000000000e+04 8.460000000000000000e+02 1.285544991493225098e+00
7.235000000000000000e+03 5.660300000000000000e+04 1.600000000000000000e+02 1.320000052452087402e+00
6.040000000000000000e+03 5.610100000000000000e+04 3.600000000000000000e+01 1.669000029563903809e+00
5.590000000000000000e+02 5.231600000000000000e+04 6.090000000000000000e+02 1.281499981880187988e+00
6.694000000000000000e+03 5.638600000000000000e+04 1.170000000000000000e+02 1.422999978065490723e+00
6.788000000000000000e+03 5.642800000000000000e+04 8.600000000000000000e+02 1.338000059127807617e+00
8.526000000000000000e+03 5.789800000000000000e+04 1.040000000000000000e+02 1.281821012496948242e+00
1.075300000000000000e+04 5.824200000000000000e+04 8.720000000000000000e+02 1.624408960342407227e+00
7.841000000000000000e+03 5.696000000000000000e+04 6.400000000000000000e+01 1.219570994377136230e+00
5.194000000000000000e+03 5.606200000000000000e+04 3.400000000000000000e+01 1.297000050544738770e+00
7.658000000000000000e+03 5.731200000000000000e+04 2.540000000000000000e+02 1.597450971603393555e+00
7.950000000000000000e+02 5.237800000000000000e+04 5.610000000000000000e+02 1.332000017166137695e+00
1.072500000000000000e+04 5.825000000000000000e+04 7.110000000000000000e+02 1.602447986602783203e+00
8.170000000000000000e+02 5.238100000000000000e+04 2.840000000000000000e+02 1.222900032997131348e+00
1.024900000000000000e+04 5.846700000000000000e+04 3.280000000000000000e+02 1.360836029052734375e+00
1.374000000000000000e+03 5.308300000000000000e+04 5.180000000000000000e+02 1.386999964714050293e+00
1.167000000000000000e+03 5.273800000000000000e+04 5.770000000000000000e+02 1.395699977874755859e+00
1.379000000000000000e+03 5.308400000000000000e+04 1.740000000000000000e+02 1.472000002861022949e+00
8.524000000000000000e+03 5.765600000000000000e+04 3.500000000000000000e+02 1.603700041770935059e+00
8.950000000000000000e+02 5.258100000000000000e+04 4.950000000000000000e+02 1.301450014114379883e+00
6.321000000000000000e+03 5.644900000000000000e+04 3.600000000000000000e+01 1.519999980926513672e+00
6.658000000000000000e+03 5.660600000000000000e+04 4.840000000000000000e+02 1.570999979972839355e+00
7.339000000000000000e+03 5.679900000000000000e+04 5.880000000000000000e+02 1.399000048637390137e+00
6.835000000000000000e+03 5.642000000000000000e+04 6.520000000000000000e+02 1.328999996185302734e+00
1.457000000000000000e+03 5.311600000000000000e+04 5.810000000000000000e+02 1.394999980926513672e+00
8.430000000000000000e+03 5.748800000000000000e+04 3.900000000000000000e+01 1.411226034164428711e+00
1.333000000000000000e+03 5.278200000000000000e+04 3.310000000000000000e+02 1.306599974632263184e+00
1.025100000000000000e+04 5.817300000000000000e+04 2.310000000000000000e+02 1.224814057350158691e+00
8.408000000000000000e+03 5.787400000000000000e+04 9.880000000000000000e+02 1.215119957923889160e+00
5.172000000000000000e+03 5.607100000000000000e+04 8.060000000000000000e+02 1.332999944686889648e+00
2.109000000000000000e+03 5.346800000000000000e+04 6.290000000000000000e+02 1.373999953269958496e+00
6.322000000000000000e+03 5.619000000000000000e+04 9.460000000000000000e+02 1.317000031471252441e+00
6.316000000000000000e+03 5.648300000000000000e+04 7.800000000000000000e+02 1.414999961853027344e+00
6.626000000000000000e+03 5.633000000000000000e+04 6.470000000000000000e+02 1.575999975204467773e+00
7.620000000000000000e+02 5.223200000000000000e+04 2.850000000000000000e+02 1.230999946594238281e+00
7.086000000000000000e+03 5.665800000000000000e+04 2.900000000000000000e+02 1.226999998092651367e+00
6.803000000000000000e+03 5.640200000000000000e+04 3.840000000000000000e+02 1.519000053405761719e+00
6.743000000000000000e+03 5.638500000000000000e+04 8.320000000000000000e+02 1.401000022888183594e+00
1.052000000000000000e+03 5.246600000000000000e+04 3.100000000000000000e+02 1.506000041961669922e+00
7.680000000000000000e+02 5.228100000000000000e+04 5.000000000000000000e+00 1.646000027656555176e+00
5.160000000000000000e+03 5.589500000000000000e+04 7.020000000000000000e+02 1.302000045776367188e+00
1.455000000000000000e+03 5.308900000000000000e+04 5.150000000000000000e+02 1.289399981498718262e+00
6.723000000000000000e+03 5.642800000000000000e+04 6.520000000000000000e+02 1.574000000953674316e+00
1.007000000000000000e+03 5.270600000000000000e+04 2.600000000000000000e+01 1.561200022697448730e+00
7.427000000000000000e+03 5.675100000000000000e+04 4.030000000000000000e+02 1.387439489364624023e+00
6.719000000000000000e+03 5.639000000000000000e+04 2.320000000000000000e+02 1.213000059127807617e+00
5.450000000000000000e+02 5.220200000000000000e+04 5.430000000000000000e+02 1.417999982833862305e+00
8.495000000000000000e+03 5.748100000000000000e+04 5.960000000000000000e+02 1.289031982421875000e+00
1.977000000000000000e+03 5.347500000000000000e+04 3.580000000000000000e+02 1.562000036239624023e+00
8.754000000000000000e+03 5.842500000000000000e+04 2.700000000000000000e+01 1.439360022544860840e+00
2.027000000000000000e+03 5.343300000000000000e+04 5.510000000000000000e+02 1.205999970436096191e+00
1.164900000000000000e+04 5.851400000000000000e+04 5.100000000000000000e+02 1.593749046325683594e+00
1.999000000000000000e+03 5.350300000000000000e+04 2.890000000000000000e+02 1.595399975776672363e+00
8.415000000000000000e+03 5.789300000000000000e+04 7.950000000000000000e+02 1.612007021903991699e+00
7.722000000000000000e+03 5.842500000000000000e+04 9.220000000000000000e+02 1.307669997215270996e+00
1.668000000000000000e+03 5.343300000000000000e+04 7.600000000000000000e+01 1.659999966621398926e+00
6.719000000000000000e+03 5.639000000000000000e+04 5.600000000000000000e+01 1.695999979972839355e+00
1.405000000000000000e+03 5.282600000000000000e+04 5.760000000000000000e+02 1.222000002861022949e+00
6.130000000000000000e+02 5.234500000000000000e+04 1.740000000000000000e+02 1.279000043869018555e+00
8.871000000000000000e+03 5.751900000000000000e+04 4.580000000000000000e+02 1.490030050277709961e+00
3.395000000000000000e+03 5.500400000000000000e+04 4.440000000000000000e+02 1.598000049591064453e+00
1.171000000000000000e+03 5.275300000000000000e+04 6.170000000000000000e+02 1.469499945640563965e+00
9.760000000000000000e+02 5.241300000000000000e+04 2.450000000000000000e+02 1.693199992179870605e+00
7.680000000000000000e+02 5.228100000000000000e+04 3.150000000000000000e+02 1.547700047492980957e+00
1.324000000000000000e+03 5.308800000000000000e+04 4.090000000000000000e+02 1.494199991226196289e+00
1.047900000000000000e+04 5.815900000000000000e+04 4.370000000000000000e+02 1.330456018447875977e+00
6.725000000000000000e+03 5.639000000000000000e+04 3.480000000000000000e+02 1.215000033378601074e+00
1.011000000000000000e+03 5.265200000000000000e+04 2.430000000000000000e+02 1.317999958992004395e+00
8.150000000000000000e+02 5.237400000000000000e+04 2.230000000000000000e+02 1.424999952316284180e+00
6.210000000000000000e+02 5.205500000000000000e+04 2.400000000000000000e+02 1.340600013732910156e+00
8.528000000000000000e+03 5.789600000000000000e+04 4.010000000000000000e+02 1.499130010604858398e+00
1.277000000000000000e+03 5.276500000000000000e+04 1.020000000000000000e+02 1.519999980926513672e+00
8.404000000000000000e+03 5.748100000000000000e+04 6.620000000000000000e+02 1.207275986671447754e+00
1.158000000000000000e+03 5.266800000000000000e+04 6.500000000000000000e+01 1.524999976158142090e+00
8.185000000000000000e+03 5.743100000000000000e+04 2.590000000000000000e+02 1.353591680526733398e+00
1.015000000000000000e+03 5.273400000000000000e+04 2.720000000000000000e+02 1.624300003051757812e+00
6.707000000000000000e+03 5.638300000000000000e+04 1.360000000000000000e+02 1.368999958038330078e+00
5.166000000000000000e+03 5.606500000000000000e+04 8.000000000000000000e+02 1.429999947547912598e+00
8.392000000000000000e+03 5.748300000000000000e+04 4.840000000000000000e+02 1.383867979049682617e+00
1.014000000000000000e+03 5.270700000000000000e+04 3.920000000000000000e+02 1.330399990081787109e+00
1.138500000000000000e+04 5.852300000000000000e+04 5.020000000000000000e+02 1.267940998077392578e+00
1.072000000000000000e+04 5.825000000000000000e+04 5.230000000000000000e+02 1.315580010414123535e+00
8.400000000000000000e+03 5.783700000000000000e+04 3.680000000000000000e+02 1.346449971199035645e+00
3.176000000000000000e+03 5.483200000000000000e+04 2.260000000000000000e+02 1.448984026908874512e+00
6.790000000000000000e+03 5.643000000000000000e+04 3.760000000000000000e+02 1.498999953269958496e+00
8.537000000000000000e+03 5.801400000000000000e+04 5.160000000000000000e+02 1.527529954910278320e+00
2.104000000000000000e+03 5.385200000000000000e+04 4.420000000000000000e+02 1.353700041770935059e+00
2.027000000000000000e+03 5.343300000000000000e+04 3.470000000000000000e+02 1.302099943161010742e+00
8.522000000000000000e+03 5.819300000000000000e+04 8.120000000000000000e+02 1.328580021858215332e+00
8.150000000000000000e+02 5.237400000000000000e+04 3.700000000000000000e+02 1.248000025749206543e+00
1.667000000000000000e+03 5.343000000000000000e+04 1.970000000000000000e+02 1.547999978065490723e+00
1.419000000000000000e+03 5.314400000000000000e+04 6.070000000000000000e+02 1.268000006675720215e+00
1.073400000000000000e+04 5.828000000000000000e+04 5.100000000000000000e+02 1.300197958946228027e+00
1.075200000000000000e+04 5.848800000000000000e+04 9.640000000000000000e+02 1.293630957603454590e+00
8.536000000000000000e+03 5.801500000000000000e+04 9.840000000000000000e+02 1.261433005332946777e+00
8.870000000000000000e+02 5.237600000000000000e+04 5.600000000000000000e+02 1.399700045585632324e+00
1.346000000000000000e+03 5.282200000000000000e+04 1.800000000000000000e+02 1.384999990463256836e+00
5.736000000000000000e+03 5.598400000000000000e+04 5.640000000000000000e+02 1.465000033378601074e+00
4.692000000000000000e+03 5.564400000000000000e+04 5.960000000000000000e+02 1.383000016212463379e+00
1.327000000000000000e+03 5.278100000000000000e+04 6.360000000000000000e+02 1.373700022697448730e+00
7.382000000000000000e+03 5.699100000000000000e+04 6.040000000000000000e+02 1.438302993774414062e+00
1.992000000000000000e+03 5.346600000000000000e+04 2.190000000000000000e+02 1.516999959945678711e+00
8.507000000000000000e+03 5.787800000000000000e+04 2.780000000000000000e+02 1.582856059074401855e+00
1.039000000000000000e+03 5.270700000000000000e+04 5.610000000000000000e+02 1.594243049621582031e+00
6.800000000000000000e+03 5.639900000000000000e+04 7.000000000000000000e+01 1.476999998092651367e+00
8.391000000000000000e+03 5.751100000000000000e+04 2.160000000000000000e+02 1.281553030014038086e+00
7.429000000000000000e+03 5.674000000000000000e+04 1.120000000000000000e+02 1.269000053405761719e+00
1.429000000000000000e+03 5.299000000000000000e+04 5.660000000000000000e+02 1.445000052452087402e+00
1.337000000000000000e+03 5.276700000000000000e+04 4.120000000000000000e+02 1.465999960899353027e+00
8.510000000000000000e+03 5.784600000000000000e+04 2.110000000000000000e+02 1.233260035514831543e+00
2.237000000000000000e+03 5.382800000000000000e+04 4.540000000000000000e+02 1.647199988365173340e+00
8.846000000000000000e+03 5.742800000000000000e+04 4.400000000000000000e+02 1.395568013191223145e+00
7.403000000000000000e+03 5.707100000000000000e+04 7.660000000000000000e+02 1.669322967529296875e+00
8.537000000000000000e+03 5.801400000000000000e+04 1.340000000000000000e+02 1.382473945617675781e+00
5.795000000000000000e+03 5.629800000000000000e+04 3.200000000000000000e+02 1.254999995231628418e+00
1.377000000000000000e+03 5.305000000000000000e+04 3.380000000000000000e+02 1.213999986648559570e+00
8.203000000000000000e+03 5.742800000000000000e+04 4.160000000000000000e+02 1.598018407821655273e+00
1.167000000000000000e+03 5.273800000000000000e+04 2.590000000000000000e+02 1.506100058555603027e+00
1.024600000000000000e+04 5.817100000000000000e+04 2.990000000000000000e+02 1.628800034523010254e+00
8.162000000000000000e+03 5.699300000000000000e+04 4.620000000000000000e+02 1.432806015014648438e+00
1.336000000000000000e+03 5.275900000000000000e+04 3.640000000000000000e+02 1.338999986648559570e+00
8.539000000000000000e+03 5.802100000000000000e+04 1.900000000000000000e+02 1.471865057945251465e+00
1.159000000000000000e+03 5.266900000000000000e+04 4.010000000000000000e+02 1.303900003433227539e+00
6.831000000000000000e+03 5.642600000000000000e+04 8.940000000000000000e+02 1.401999950408935547e+00
1.317000000000000000e+03 5.276500000000000000e+04 3.420000000000000000e+02 1.649099946022033691e+00
4.565000000000000000e+03 5.559100000000000000e+04 6.600000000000000000e+01 1.664000034332275391e+00
8.065000000000000000e+03 5.824800000000000000e+04 4.720000000000000000e+02 1.306519985198974609e+00
1.174000000000000000e+03 5.278200000000000000e+04 2.670000000000000000e+02 1.402999997138977051e+00
7.702000000000000000e+03 5.801700000000000000e+04 2.580000000000000000e+02 1.255233049392700195e+00
1.396000000000000000e+03 5.311200000000000000e+04 5.570000000000000000e+02 1.264000058174133301e+00
1.334000000000000000e+03 5.276400000000000000e+04 4.110000000000000000e+02 1.246000051498413086e+00
6.140000000000000000e+02 5.343700000000000000e+04 2.360000000000000000e+02 1.481999993324279785e+00
6.648000000000000000e+03 5.638300000000000000e+04 2.780000000000000000e+02 1.337000012397766113e+00
1.667000000000000000e+03 5.343000000000000000e+04 1.130000000000000000e+02 1.221099972724914551e+00
1.011000000000000000e+03 5.265200000000000000e+04 3.690000000000000000e+02 1.361700057983398438e+00
1.022900000000000000e+04 5.844100000000000000e+04 9.410000000000000000e+02 1.549818992614746094e+00
8.287000000000000000e+03 5.740100000000000000e+04 8.080000000000000000e+02 1.407240748405456543e+00
1.992000000000000000e+03 5.346600000000000000e+04 2.810000000000000000e+02 1.490100026130676270e+00
7.425000000000000000e+03 5.677700000000000000e+04 8.320000000000000000e+02 1.679046273231506348e+00
1.377000000000000000e+03 5.305000000000000000e+04 2.800000000000000000e+02 1.345999956130981445e+00
8.402000000000000000e+03 5.784300000000000000e+04 5.760000000000000000e+02 1.591490030288696289e+00
8.536000000000000000e+03 5.801500000000000000e+04 8.940000000000000000e+02 1.536180973052978516e+00
9.400000000000000000e+02 5.267000000000000000e+04 2.780000000000000000e+02 1.462100028991699219e+00
1.072400000000000000e+04 5.839100000000000000e+04 8.050000000000000000e+02 1.264444947242736816e+00
2.108000000000000000e+03 5.347300000000000000e+04 2.300000000000000000e+02 1.284700036048889160e+00
8.177000000000000000e+03 5.737400000000000000e+04 9.480000000000000000e+02 1.206805944442749023e+00
8.821000000000000000e+03 5.773100000000000000e+04 5.770000000000000000e+02 1.235787034034729004e+00
1.025100000000000000e+04 5.817300000000000000e+04 8.240000000000000000e+02 1.482934951782226562e+00
6.180000000000000000e+02 5.204900000000000000e+04 1.970000000000000000e+02 1.322600007057189941e+00
9.730000000000000000e+02 5.242600000000000000e+04 6.090000000000000000e+02 1.344300031661987305e+00
6.790000000000000000e+03 5.643000000000000000e+04 6.730000000000000000e+02 1.425999999046325684e+00
1.172000000000000000e+03 5.275900000000000000e+04 3.100000000000000000e+02 1.435400009155273438e+00
6.669000000000000000e+03 5.641300000000000000e+04 1.180000000000000000e+02 1.661000013351440430e+00
8.194000000000000000e+03 5.740100000000000000e+04 4.290000000000000000e+02 1.314486026763916016e+00
1.669000000000000000e+03 5.343300000000000000e+04 1.610000000000000000e+02 1.570000052452087402e+00
8.166000000000000000e+03 5.713000000000000000e+04 1.020000000000000000e+02 1.351008057594299316e+00
8.066000000000000000e+03 5.754400000000000000e+04 5.280000000000000000e+02 1.275001049041748047e+00
1.671000000000000000e+03 5.344600000000000000e+04 5.010000000000000000e+02 1.229900002479553223e+00
8.845000000000000000e+03 5.815900000000000000e+04 8.200000000000000000e+01 1.487295985221862793e+00
1.174000000000000000e+03 5.278200000000000000e+04 4.060000000000000000e+02 1.434000015258789062e+00
1.025300000000000000e+04 5.848700000000000000e+04 5.920000000000000000e+02 1.203068971633911133e+00
1.989000000000000000e+03 5.377200000000000000e+04 5.550000000000000000e+02 1.432600021362304688e+00
1.134500000000000000e+04 5.842800000000000000e+04 7.920000000000000000e+02 1.370300054550170898e+00
7.583000000000000000e+03 5.695800000000000000e+04 6.910000000000000000e+02 1.252191185951232910e+00
1.405000000000000000e+03 5.282600000000000000e+04 1.520000000000000000e+02 1.202000021934509277e+00
7.099000000000000000e+03 5.666600000000000000e+04 4.550000000000000000e+02 1.393000006675720215e+00
1.074700000000000000e+04 5.822000000000000000e+04 9.010000000000000000e+02 1.628772020339965820e+00
7.338000000000000000e+03 5.812700000000000000e+04 4.540000000000000000e+02 1.255079984664916992e+00
1.309000000000000000e+03 5.276200000000000000e+04 5.330000000000000000e+02 1.258999943733215332e+00
8.525000000000000000e+03 5.790000000000000000e+04 2.250000000000000000e+02 1.207820057868957520e+00
7.910000000000000000e+02 5.243500000000000000e+04 1.260000000000000000e+02 1.536499977111816406e+00
1.076300000000000000e+04 5.839500000000000000e+04 9.160000000000000000e+02 1.470170974731445312e+00
7.900000000000000000e+02 5.244100000000000000e+04 7.800000000000000000e+01 1.406599998474121094e+00
1.165400000000000000e+04 5.854300000000000000e+04 4.780000000000000000e+02 1.336953043937683105e+00
7.028000000000000000e+03 5.644900000000000000e+04 4.630000000000000000e+02 1.424000024795532227e+00
7.930000000000000000e+02 5.237000000000000000e+04 3.740000000000000000e+02 1.335199952125549316e+00
8.202000000000000000e+03 5.815800000000000000e+04 7.760000000000000000e+02 1.374009966850280762e+00
1.135300000000000000e+04 5.846700000000000000e+04 3.730000000000000000e+02 1.245118975639343262e+00
8.541000000000000000e+03 5.825700000000000000e+04 5.580000000000000000e+02 1.353701949119567871e+00
9.470000000000000000e+02 5.241100000000000000e+04 1.260000000000000000e+02 1.210299968719482422e+00
1.045400000000000000e+04 5.813500000000000000e+04 9.790000000000000000e+02 1.317999958992004395e+00
8.385000000000000000e+03 5.751100000000000000e+04 2.500000000000000000e+01 1.223214983940124512e+00
8.230000000000000000e+03 5.743000000000000000e+04 1.800000000000000000e+02 1.214701056480407715e+00
9.620000000000000000e+02 5.262000000000000000e+04 1.810000000000000000e+02 1.289999961853027344e+00
9.430000000000000000e+02 5.237600000000000000e+04 4.650000000000000000e+02 1.588600039482116699e+00
9.510000000000000000e+02 5.239800000000000000e+04 1.360000000000000000e+02 1.274000048637390137e+00
1.418000000000000000e+03 5.314200000000000000e+04 2.920000000000000000e+02 1.654000043869018555e+00
6.640000000000000000e+03 5.638500000000000000e+04 9.520000000000000000e+02 1.238999962806701660e+00
7.102000000000000000e+03 5.666600000000000000e+04 9.080000000000000000e+02 1.656000018119812012e+00
9.460000000000000000e+02 5.240700000000000000e+04 4.300000000000000000e+02 1.671000003814697266e+00
1.977000000000000000e+03 5.347500000000000000e+04 4.580000000000000000e+02 1.279000043869018555e+00
4.558000000000000000e+03 5.556900000000000000e+04 4.340000000000000000e+02 1.332999944686889648e+00
8.409000000000000000e+03 5.786700000000000000e+04 4.370000000000000000e+02 1.419669985771179199e+00
1.090200000000000000e+04 5.839600000000000000e+04 8.680000000000000000e+02 1.671247959136962891e+00
1.327000000000000000e+03 5.278100000000000000e+04 4.430000000000000000e+02 1.515900015830993652e+00
1.173000000000000000e+03 5.279000000000000000e+04 3.690000000000000000e+02 1.261999964714050293e+00
5.167000000000000000e+03 5.606600000000000000e+04 3.780000000000000000e+02 1.616000056266784668e+00
6.190000000000000000e+02 5.205600000000000000e+04 2.950000000000000000e+02 1.616999983787536621e+00
1.946000000000000000e+03 5.343200000000000000e+04 4.880000000000000000e+02 1.210800051689147949e+00
8.510000000000000000e+03 5.784600000000000000e+04 6.930000000000000000e+02 1.470620036125183105e+00
1.073200000000000000e+04 5.825300000000000000e+04 1.730000000000000000e+02 1.648282051086425781e+00
6.920000000000000000e+02 5.220100000000000000e+04 3.780000000000000000e+02 1.396999955177307129e+00
9.590000000000000000e+02 5.241100000000000000e+04 5.300000000000000000e+02 1.618999958038330078e+00
8.513000000000000000e+03 5.784200000000000000e+04 8.520000000000000000e+02 1.486904025077819824e+00
8.426000000000000000e+03 5.822400000000000000e+04 9.700000000000000000e+02 1.660869956016540527e+00
7.940000000000000000e+02 5.237600000000000000e+04 4.000000000000000000e+02 1.349900007247924805e+00
8.539000000000000000e+03 5.802100000000000000e+04 7.380000000000000000e+02 1.310706019401550293e+00
6.210000000000000000e+02 5.205500000000000000e+04 1.600000000000000000e+01 1.305999994277954102e+00
1.382000000000000000e+03 5.311500000000000000e+04 4.180000000000000000e+02 1.610900044441223145e+00
7.915000000000000000e+03 5.730900000000000000e+04 8.020000000000000000e+02 1.205433964729309082e+00
7.098000000000000000e+03 5.666100000000000000e+04 9.280000000000000000e+02 1.218000054359436035e+00
8.855000000000000000e+03 5.778000000000000000e+04 2.760000000000000000e+02 1.561579942703247070e+00
1.290000000000000000e+03 5.273400000000000000e+04 4.370000000000000000e+02 1.342000007629394531e+00
6.791000000000000000e+03 5.642900000000000000e+04 6.040000000000000000e+02 1.567999958992004395e+00
7.875000000000000000e+03 5.698000000000000000e+04 4.430000000000000000e+02 1.239048004150390625e+00
6.051000000000000000e+03 5.609300000000000000e+04 8.490000000000000000e+02 1.453999996185302734e+00
4.217000000000000000e+03 5.547800000000000000e+04 9.460000000000000000e+02 1.490000009536743164e+00
8.499000000000000000e+03 5.743100000000000000e+04 2.840000000000000000e+02 1.520161986351013184e+00
7.429000000000000000e+03 5.674000000000000000e+04 1.960000000000000000e+02 1.343000054359436035e+00
6.835000000000000000e+03 5.642000000000000000e+04 6.580000000000000000e+02 1.300999999046325684e+00
1.075100000000000000e+04 5.822000000000000000e+04 7.030000000000000000e+02 1.420330047607421875e+00
2.097000000000000000e+03 5.349100000000000000e+04 5.880000000000000000e+02 1.490300059318542480e+00
1.349000000000000000e+03 5.279700000000000000e+04 3.510000000000000000e+02 1.628999948501586914e+00
1.994000000000000000e+03 5.384500000000000000e+04 3.510000000000000000e+02 1.547199964523315430e+00
1.024600000000000000e+04 5.817100000000000000e+04 5.500000000000000000e+01 1.339769959449768066e+00
1.024500000000000000e+04 5.816100000000000000e+04 2.600000000000000000e+01 1.311740040779113770e+00
1.430000000000000000e+03 5.300200000000000000e+04 4.870000000000000000e+02 1.633399963378906250e+00
8.387000000000000000e+03 5.748300000000000000e+04 5.970000000000000000e+02 1.367383956909179688e+00
1.282000000000000000e+03 5.275900000000000000e+04 4.940000000000000000e+02 1.484899997711181641e+00
6.682000000000000000e+03 5.639000000000000000e+04 7.120000000000000000e+02 1.345999956130981445e+00
6.750000000000000000e+03 5.636700000000000000e+04 5.610000000000000000e+02 1.404000043869018555e+00
1.781000000000000000e+03 5.329700000000000000e+04 5.970000000000000000e+02 1.201900005340576172e+00
5.741000000000000000e+03 5.598000000000000000e+04 4.040000000000000000e+02 1.509999990463256836e+00
4.564000000000000000e+03 5.557000000000000000e+04 2.760000000000000000e+02 1.587481975555419922e+00
8.535000000000000000e+03 5.801900000000000000e+04 2.430000000000000000e+02 1.277500033378601074e+00
2.101000000000000000e+03 5.385800000000000000e+04 2.300000000000000000e+01 1.216599941253662109e+00
8.222000000000000000e+03 5.743100000000000000e+04 8.670000000000000000e+02 1.264542222023010254e+00
7.676000000000000000e+03 5.732900000000000000e+04 7.960000000000000000e+02 1.254217982292175293e+00
1.453000000000000000e+03 5.308400000000000000e+04 1.170000000000000000e+02 1.531399965286254883e+00
1.057000000000000000e+03 5.252200000000000000e+04 5.730000000000000000e+02 1.474599957466125488e+00
1.399000000000000000e+03 5.317200000000000000e+04 3.100000000000000000e+01 1.317999958992004395e+00
9.470000000000000000e+02 5.241100000000000000e+04 6.340000000000000000e+02 1.281999945640563965e+00
8.530000000000000000e+03 5.801600000000000000e+04 9.060000000000000000e+02 1.257200956344604492e+00
1.458000000000000000e+03 5.311900000000000000e+04 1.210000000000000000e+02 1.287899971008300781e+00
1.684000000000000000e+03 5.323900000000000000e+04 6.310000000000000000e+02 1.503000020980834961e+00
1.024900000000000000e+04 5.822900000000000000e+04 8.750000000000000000e+02 1.696581959724426270e+00
2.030000000000000000e+03 5.349900000000000000e+04 2.970000000000000000e+02 1.550300002098083496e+00
8.163000000000000000e+03 5.704900000000000000e+04 4.670000000000000000e+02 1.282276988029479980e+00
8.868000000000000000e+03 5.778100000000000000e+04 4.300000000000000000e+02 1.558030009269714355e+00
1.347000000000000000e+03 5.282300000000000000e+04 6.220000000000000000e+02 1.220999956130981445e+00
1.025800000000000000e+04 5.849200000000000000e+04 4.670000000000000000e+02 1.421111941337585449e+00
1.431000000000000000e+03 5.299200000000000000e+04 1.610000000000000000e+02 1.342900037765502930e+00
1.461000000000000000e+03 5.306200000000000000e+04 2.400000000000000000e+01 1.608399987220764160e+00
8.826000000000000000e+03 5.745200000000000000e+04 7.530000000000000000e+02 1.577006816864013672e+00
8.222000000000000000e+03 5.743100000000000000e+04 6.260000000000000000e+02 1.218000054359436035e+00
1.072600000000000000e+04 5.819900000000000000e+04 2.120000000000000000e+02 1.676550030708312988e+00
1.378000000000000000e+03 5.306100000000000000e+04 1.700000000000000000e+02 1.442000031471252441e+00
1.984000000000000000e+03 5.343300000000000000e+04 3.560000000000000000e+02 1.299000024795532227e+00
9.710000000000000000e+02 5.264400000000000000e+04 2.080000000000000000e+02 1.404000043869018555e+00
1.318000000000000000e+03 5.278100000000000000e+04 2.170000000000000000e+02 1.235100030899047852e+00
1.043900000000000000e+04 5.815700000000000000e+04 1.210000000000000000e+02 1.261780023574829102e+00
9.500000000000000000e+02 5.237800000000000000e+04 4.310000000000000000e+02 1.330000042915344238e+00
1.983000000000000000e+03 5.344200000000000000e+04 2.610000000000000000e+02 1.400200009346008301e+00
7.700000000000000000e+02 5.228200000000000000e+04 2.500000000000000000e+02 1.376000046730041504e+00
8.820000000000000000e+03 5.744900000000000000e+04 5.980000000000000000e+02 1.455276012420654297e+00
1.026000000000000000e+04 5.817300000000000000e+04 7.990000000000000000e+02 1.339298009872436523e+00
1.989000000000000000e+03 5.377200000000000000e+04 2.400000000000000000e+02 1.414199948310852051e+00
8.499000000000000000e+03 5.743100000000000000e+04 9.120000000000000000e+02 1.419332981109619141e+00
7.434000000000000000e+03 5.716600000000000000e+04 8.410000000000000000e+02 1.228430986404418945e+00
7.669000000000000000e+03 5.732900000000000000e+04 5.820000000000000000e+02 1.212705969810485840e+00
8.841000000000000000e+03 5.742500000000000000e+04 2.060000000000000000e+02 1.661965012550354004e+00
6.627000000000000000e+03 5.636900000000000000e+04 4.320000000000000000e+02 1.371000051498413086e+00
6.130000000000000000e+02 5.234500000000000000e+04 1.200000000000000000e+02 1.544000029563903809e+00
1.075700000000000000e+04 5.822300000000000000e+04 8.370000000000000000e+02 1.647920966148376465e+00
8.059000000000000000e+03 5.789500000000000000e+04 6.010000000000000000e+02 1.526559948921203613e+00
8.433000000000000000e+03 5.748800000000000000e+04 3.250000000000000000e+02 1.395709037780761719e+00
1.072800000000000000e+04 5.824800000000000000e+04 5.900000000000000000e+01 1.410709977149963379e+00
1.074600000000000000e+04 5.825700000000000000e+04 9.130000000000000000e+02 1.289358019828796387e+00
6.705000000000000000e+03 5.663600000000000000e+04 2.060000000000000000e+02 1.284000039100646973e+00
1.130700000000000000e+04 5.843000000000000000e+04 4.910000000000000000e+02 1.575659990310668945e+00
6.753000000000000000e+03 5.639900000000000000e+04 6.600000000000000000e+01 1.335000038146972656e+00
1.072200000000000000e+04 5.828100000000000000e+04 3.860000000000000000e+02 1.572029948234558105e+00
1.287000000000000000e+03 5.272800000000000000e+04 4.350000000000000000e+02 1.245000004768371582e+00
8.165000000000000000e+03 5.737400000000000000e+04 3.900000000000000000e+01 1.247760653495788574e+00
8.432000000000000000e+03 5.783400000000000000e+04 1.120000000000000000e+02 1.608559966087341309e+00
1.284000000000000000e+03 5.273600000000000000e+04 5.400000000000000000e+02 1.565000057220458984e+00
8.537000000000000000e+03 5.801400000000000000e+04 8.800000000000000000e+02 1.261345982551574707e+00
1.075700000000000000e+04 5.822300000000000000e+04 1.800000000000000000e+01 1.696130037307739258e+00
1.992000000000000000e+03 5.346600000000000000e+04 2.020000000000000000e+02 1.546700000762939453e+00
7.088000000000000000e+03 5.665700000000000000e+04 6.980000000000000000e+02 1.255141019821166992e+00
8.058000000000000000e+03 5.719600000000000000e+04 8.710000000000000000e+02 1.503978967666625977e+00
1.336000000000000000e+03 5.275900000000000000e+04 4.690000000000000000e+02 1.278699994087219238e+00
6.743000000000000000e+03 5.638500000000000000e+04 4.570000000000000000e+02 1.536000013351440430e+00
2.101000000000000000e+03 5.385800000000000000e+04 1.820000000000000000e+02 1.472499966621398926e+00
9.650000000000000000e+02 5.243800000000000000e+04 4.300000000000000000e+02 1.506800055503845215e+00
9.430000000000000000e+02 5.237600000000000000e+04 4.700000000000000000e+02 1.333199977874755859e+00
1.076200000000000000e+04 5.839000000000000000e+04 7.040000000000000000e+02 1.613098025321960449e+00
8.511000000000000000e+03 5.790100000000000000e+04 2.990000000000000000e+02 1.588400006294250488e+00
4.459000000000000000e+03 5.553300000000000000e+04 3.840000000000000000e+02 1.592000007629394531e+00
1.275000000000000000e+03 5.299600000000000000e+04 5.990000000000000000e+02 1.292999982833862305e+00
8.526000000000000000e+03 5.789800000000000000e+04 5.620000000000000000e+02 1.534180045127868652e+00
1.013000000000000000e+03 5.270700000000000000e+04 4.000000000000000000e+01 1.297000050544738770e+00
8.360000000000000000e+03 5.745200000000000000e+04 6.570000000000000000e+02 1.606750011444091797e+00
4.643000000000000000e+03 5.594600000000000000e+04 9.420000000000000000e+02 1.268000006675720215e+00
6.734000000000000000e+03 5.638600000000000000e+04 6.900000000000000000e+01 1.516999959945678711e+00
6.728000000000000000e+03 5.642600000000000000e+04 7.320000000000000000e+02 1.498999953269958496e+00
1.971000000000000000e+03 5.347200000000000000e+04 4.900000000000000000e+01 1.616999983787536621e+00
6.668000000000000000e+03 5.660500000000000000e+04 9.820000000000000000e+02 1.467000007629394531e+00
9.391000000000000000e+03 5.807200000000000000e+04 7.040000000000000000e+02 1.283570051193237305e+00
8.414000000000000000e+03 5.784600000000000000e+04 3.580000000000000000e+02 1.207944989204406738e+00
1.667000000000000000e+03 5.343000000000000000e+04 6.310000000000000000e+02 1.442399978637695312e+00
7.282000000000000000e+03 5.666000000000000000e+04 7.870000000000000000e+02 1.300999999046325684e+00
1.492000000000000000e+03 5.293200000000000000e+04 5.530000000000000000e+02 1.372560977935791016e+00
1.279000000000000000e+03 5.273600000000000000e+04 5.520000000000000000e+02 1.631000041961669922e+00
8.833000000000000000e+03 5.777900000000000000e+04 6.700000000000000000e+01 1.342198967933654785e+00
5.137000000000000000e+03 5.583300000000000000e+04 4.100000000000000000e+02 1.623000025749206543e+00
6.754000000000000000e+03 5.641400000000000000e+04 7.440000000000000000e+02 1.291000008583068848e+00
1.985000000000000000e+03 5.343100000000000000e+04 3.480000000000000000e+02 1.315999984741210938e+00
7.710000000000000000e+03 5.828400000000000000e+04 4.460000000000000000e+02 1.646937966346740723e+00
2.002000000000000000e+03 5.347100000000000000e+04 6.160000000000000000e+02 1.307999968528747559e+00
8.493000000000000000e+03 5.816200000000000000e+04 3.000000000000000000e+02 1.311720013618469238e+00
1.382000000000000000e+03 5.311500000000000000e+04 6.220000000000000000e+02 1.378000020980834961e+00
9.520000000000000000e+02 5.240900000000000000e+04 8.600000000000000000e+01 1.202000021934509277e+00
1.164900000000000000e+04 5.851400000000000000e+04 4.720000000000000000e+02 1.373335003852844238e+00
8.397000000000000000e+03 5.748200000000000000e+04 6.600000000000000000e+02 1.399230957031250000e+00
1.373000000000000000e+03 5.306300000000000000e+04 7.400000000000000000e+01 1.519999980926513672e+00
2.027000000000000000e+03 5.343300000000000000e+04 7.200000000000000000e+01 1.552199959754943848e+00
8.865000000000000000e+03 5.742600000000000000e+04 4.900000000000000000e+02 1.587124943733215332e+00
8.299000000000000000e+03 5.734600000000000000e+04 6.100000000000000000e+02 1.386595010757446289e+00
1.134500000000000000e+04 5.842800000000000000e+04 8.460000000000000000e+02 1.573310017585754395e+00
9.540000000000000000e+02 5.240500000000000000e+04 1.610000000000000000e+02 1.374099969863891602e+00
1.072100000000000000e+04 5.828800000000000000e+04 4.800000000000000000e+02 1.560639977455139160e+00
7.613000000000000000e+03 5.698800000000000000e+04 8.640000000000000000e+02 1.592517971992492676e+00
1.026700000000000000e+04 5.822300000000000000e+04 3.980000000000000000e+02 1.589552998542785645e+00
1.426000000000000000e+03 5.299300000000000000e+04 1.500000000000000000e+01 1.677800059318542480e+00
1.954000000000000000e+03 5.335700000000000000e+04 5.730000000000000000e+02 1.677000045776367188e+00
2.010000000000000000e+03 5.349500000000000000e+04 1.190000000000000000e+02 1.343500018119812012e+00
8.511000000000000000e+03 5.790100000000000000e+04 6.300000000000000000e+02 1.537379980087280273e+00
8.844000000000000000e+03 5.742400000000000000e+04 3.120000000000000000e+02 1.334599971771240234e+00
8.545000000000000000e+03 5.804100000000000000e+04 7.270000000000000000e+02 1.408017039299011230e+00
1.274000000000000000e+03 5.299500000000000000e+04 3.230000000000000000e+02 1.662600040435791016e+00
2.297000000000000000e+03 5.373800000000000000e+04 4.180000000000000000e+02 1.387599945068359375e+00
1.992000000000000000e+03 5.346600000000000000e+04 2.360000000000000000e+02 1.359500050544738770e+00
4.530000000000000000e+02 5.191500000000000000e+04 4.800000000000000000e+02 1.611999988555908203e+00
1.073100000000000000e+04 5.824700000000000000e+04 6.730000000000000000e+02 1.338930010795593262e+00
1.455000000000000000e+03 5.308900000000000000e+04 3.100000000000000000e+01 1.332000017166137695e+00
6.746000000000000000e+03 5.638600000000000000e+04 8.620000000000000000e+02 1.550999999046325684e+00
1.165300000000000000e+04 5.852600000000000000e+04 7.350000000000000000e+02 1.358621954917907715e+00
1.992000000000000000e+03 5.346600000000000000e+04 5.300000000000000000e+01 1.450000047683715820e+00
9.040000000000000000e+02 5.238100000000000000e+04 4.810000000000000000e+02 1.523000001907348633e+00
4.574000000000000000e+03 5.562100000000000000e+04 7.380000000000000000e+02 1.677999973297119141e+00
1.358000000000000000e+03 5.299400000000000000e+04 3.850000000000000000e+02 1.350700020790100098e+00
1.373000000000000000e+03 5.306300000000000000e+04 1.550000000000000000e+02 1.347000002861022949e+00
1.436000000000000000e+03 5.305400000000000000e+04 3.370000000000000000e+02 1.249199986457824707e+00
8.211000000000000000e+03 5.742300000000000000e+04 6.120000000000000000e+02 1.245264768600463867e+00
1.951000000000000000e+03 5.338900000000000000e+04 1.670000000000000000e+02 1.503000020980834961e+00
1.010000000000000000e+03 5.264900000000000000e+04 4.890000000000000000e+02 1.409999966621398926e+00
4.995000000000000000e+03 5.573900000000000000e+04 4.320000000000000000e+02 1.365000009536743164e+00
8.854000000000000000e+03 5.745000000000000000e+04 7.400000000000000000e+02 1.428940057754516602e+00
1.684000000000000000e+03 5.323900000000000000e+04 4.320000000000000000e+02 1.582000017166137695e+00
1.075400000000000000e+04 5.822400000000000000e+04 2.620000000000000000e+02 1.698832035064697266e+00
1.134200000000000000e+04 5.842500000000000000e+04 8.810000000000000000e+02 1.261651992797851562e+00
9.599000000000000000e+03 5.813100000000000000e+04 1.950000000000000000e+02 1.432999968528747559e+00
8.508000000000000000e+03 5.784500000000000000e+04 8.160000000000000000e+02 1.310698032379150391e+00
8.363000000000000000e+03 5.814000000000000000e+04 1.470000000000000000e+02 1.303900003433227539e+00
9.380000000000000000e+02 5.270800000000000000e+04 3.430000000000000000e+02 1.285799980163574219e+00
1.075100000000000000e+04 5.822000000000000000e+04 2.270000000000000000e+02 1.307523012161254883e+00
7.873000000000000000e+03 5.730700000000000000e+04 6.460000000000000000e+02 1.443369984626770020e+00
1.043000000000000000e+04 5.815500000000000000e+04 6.750000000000000000e+02 1.666000008583068848e+00
8.434000000000000000e+03 5.748400000000000000e+04 6.720000000000000000e+02 1.224074959754943848e+00
8.387000000000000000e+03 5.748300000000000000e+04 8.440000000000000000e+02 1.239351987838745117e+00
8.420000000000000000e+03 5.819700000000000000e+04 1.950000000000000000e+02 1.357432007789611816e+00
8.210000000000000000e+03 5.742600000000000000e+04 8.570000000000000000e+02 1.436202049255371094e+00
6.690000000000000000e+03 5.641600000000000000e+04 8.000000000000000000e+00 1.238000035285949707e+00
1.457000000000000000e+03 5.311600000000000000e+04 4.620000000000000000e+02 1.309999942779541016e+00
2.342000000000000000e+03 5.374200000000000000e+04 1.860000000000000000e+02 1.246099948883056641e+00
1.209000000000000000e+03 5.267400000000000000e+04 5.140000000000000000e+02 1.684399962425231934e+00
8.836000000000000000e+03 5.742400000000000000e+04 3.230000000000000000e+02 1.462532043457031250e+00
6.803000000000000000e+03 5.640200000000000000e+04 7.920000000000000000e+02 1.305999994277954102e+00
1.419000000000000000e+03 5.314400000000000000e+04 5.870000000000000000e+02 1.358999967575073242e+00
4.703000000000000000e+03 5.561700000000000000e+04 3.030000000000000000e+02 1.476999998092651367e+00
2.091000000000000000e+03 5.344700000000000000e+04 4.150000000000000000e+02 1.504299998283386230e+00
1.061000000000000000e+03 5.264100000000000000e+04 2.640000000000000000e+02 1.412299990653991699e+00
1.026100000000000000e+04 5.846200000000000000e+04 2.630000000000000000e+02 1.507889986038208008e+00
1.026300000000000000e+04 5.846400000000000000e+04 8.680000000000000000e+02 1.498383998870849609e+00
9.710000000000000000e+02 5.264400000000000000e+04 1.560000000000000000e+02 1.600000023841857910e+00
1.458000000000000000e+03 5.311900000000000000e+04 4.890000000000000000e+02 1.370000004768371582e+00
8.740000000000000000e+02 5.233800000000000000e+04 1.250000000000000000e+02 1.286000013351440430e+00
8.202000000000000000e+03 5.815800000000000000e+04 2.080000000000000000e+02 1.339576959609985352e+00
8.195000000000000000e+03 5.739100000000000000e+04 9.620000000000000000e+02 1.348600029945373535e+00
7.885000000000000000e+03 5.733600000000000000e+04 9.540000000000000000e+02 1.573616981506347656e+00
1.283000000000000000e+03 5.276200000000000000e+04 4.110000000000000000e+02 1.391800045967102051e+00
1.316000000000000000e+03 5.279000000000000000e+04 6.340000000000000000e+02 1.287999987602233887e+00
6.667000000000000000e+03 5.641200000000000000e+04 6.840000000000000000e+02 1.240000009536743164e+00
8.754000000000000000e+03 5.842500000000000000e+04 1.130000000000000000e+02 1.556393980979919434e+00
1.273000000000000000e+03 5.299300000000000000e+04 2.120000000000000000e+02 1.664100050926208496e+00
8.434000000000000000e+03 5.748400000000000000e+04 1.440000000000000000e+02 1.359805941581726074e+00
8.435000000000000000e+03 5.748700000000000000e+04 2.400000000000000000e+01 1.462893009185791016e+00
1.075100000000000000e+04 5.822000000000000000e+04 4.220000000000000000e+02 1.473129034042358398e+00
4.980000000000000000e+03 5.604800000000000000e+04 4.180000000000000000e+02 1.435302019119262695e+00
1.358000000000000000e+03 5.299400000000000000e+04 1.700000000000000000e+01 1.393000006675720215e+00
4.830000000000000000e+02 5.192400000000000000e+04 3.520000000000000000e+02 1.315000057220458984e+00
1.027100000000000000e+04 5.849700000000000000e+04 7.240000000000000000e+02 1.396288990974426270e+00
4.240000000000000000e+02 5.189300000000000000e+04 5.180000000000000000e+02 1.228399991989135742e+00
7.704000000000000000e+03 5.757200000000000000e+04 3.020000000000000000e+02 1.659322023391723633e+00
1.073800000000000000e+04 5.825100000000000000e+04 7.500000000000000000e+02 1.560472965240478516e+00
1.372000000000000000e+03 5.306200000000000000e+04 4.840000000000000000e+02 1.223000049591064453e+00
9.460000000000000000e+02 5.240700000000000000e+04 5.030000000000000000e+02 1.509199976921081543e+00
8.534000000000000000e+03 5.790500000000000000e+04 3.050000000000000000e+02 1.374135017395019531e+00
7.586000000000000000e+03 5.718600000000000000e+04 8.780000000000000000e+02 1.361428022384643555e+00
2.097000000000000000e+03 5.349100000000000000e+04 2.400000000000000000e+01 1.383900046348571777e+00
1.435000000000000000e+03 5.299600000000000000e+04 2.260000000000000000e+02 1.302399992942810059e+00
8.192000000000000000e+03 5.734800000000000000e+04 9.180000000000000000e+02 1.270061373710632324e+00
1.358000000000000000e+03 5.299400000000000000e+04 5.570000000000000000e+02 1.325199961662292480e+00
1.166000000000000000e+03 5.275100000000000000e+04 2.100000000000000000e+02 1.623800039291381836e+00
2.083000000000000000e+03 5.335900000000000000e+04 3.340000000000000000e+02 1.537600040435791016e+00
8.870000000000000000e+02 5.237600000000000000e+04 5.600000000000000000e+01 1.485900044441223145e+00
7.669000000000000000e+03 5.732900000000000000e+04 6.870000000000000000e+02 1.618636965751647949e+00
1.074600000000000000e+04 5.825700000000000000e+04 7.400000000000000000e+01 1.402279973030090332e+00
2.105000000000000000e+03 5.347200000000000000e+04 5.600000000000000000e+01 1.320000052452087402e+00
7.027000000000000000e+03 5.644800000000000000e+04 6.030000000000000000e+02 1.345999956130981445e+00
6.674000000000000000e+03 5.641600000000000000e+04 6.300000000000000000e+02 1.656000018119812012e+00
1.207000000000000000e+03 5.267200000000000000e+04 5.000000000000000000e+01 1.674000024795532227e+00
7.380000000000000000e+03 5.675300000000000000e+04 3.860000000000000000e+02 1.463999986648559570e+00
6.940000000000000000e+02 5.220900000000000000e+04 2.650000000000000000e+02 1.644999980926513672e+00
8.206000000000000000e+03 5.742400000000000000e+04 7.300000000000000000e+02 1.300768017768859863e+00
1.317000000000000000e+03 5.276500000000000000e+04 2.600000000000000000e+01 1.271999955177307129e+00
3.699000000000000000e+03 5.551700000000000000e+04 9.400000000000000000e+01 1.205000042915344238e+00
2.237000000000000000e+03 5.382800000000000000e+04 3.030000000000000000e+02 1.360800027847290039e+00
8.195000000000000000e+03 5.739100000000000000e+04 2.620000000000000000e+02 1.527426958084106445e+00
9.213000000000000000e+03 5.771200000000000000e+04 9.730000000000000000e+02 1.209156036376953125e+00
8.215000000000000000e+03 5.819700000000000000e+04 2.990000000000000000e+02 1.371670007705688477e+00
7.620000000000000000e+02 5.223200000000000000e+04 2.630000000000000000e+02 1.434999942779541016e+00
6.696000000000000000e+03 5.639800000000000000e+04 3.880000000000000000e+02 1.618999958038330078e+00
1.838000000000000000e+03 5.346700000000000000e+04 5.370000000000000000e+02 1.228899955749511719e+00
9.611000000000000000e+03 5.810700000000000000e+04 6.430000000000000000e+02 1.508000016212463379e+00
8.490000000000000000e+03 5.710400000000000000e+04 4.950000000000000000e+02 1.277330040931701660e+00
8.179000000000000000e+03 5.742900000000000000e+04 5.440000000000000000e+02 1.332926034927368164e+00
9.609000000000000000e+03 5.813600000000000000e+04 9.350000000000000000e+02 1.295330047607421875e+00
3.194000000000000000e+03 5.483300000000000000e+04 1.150000000000000000e+02 1.338999986648559570e+00
1.132100000000000000e+04 5.842500000000000000e+04 9.780000000000000000e+02 1.258937954902648926e+00
7.703000000000000000e+03 5.733300000000000000e+04 3.480000000000000000e+02 1.697702050209045410e+00
7.612000000000000000e+03 5.697200000000000000e+04 9.320000000000000000e+02 1.330376029014587402e+00
3.808000000000000000e+03 5.551300000000000000e+04 6.000000000000000000e+02 1.440999984741210938e+00
9.387000000000000000e+03 5.810100000000000000e+04 4.440000000000000000e+02 1.650457978248596191e+00
2.001000000000000000e+03 5.349300000000000000e+04 5.770000000000000000e+02 1.284500002861022949e+00
7.600000000000000000e+02 5.226400000000000000e+04 1.260000000000000000e+02 1.286999940872192383e+00
8.340000000000000000e+02 5.231600000000000000e+04 8.100000000000000000e+01 1.625800013542175293e+00
4.410000000000000000e+02 5.186800000000000000e+04 1.000000000000000000e+00 1.643000006675720215e+00
7.416000000000000000e+03 5.681000000000000000e+04 4.660000000000000000e+02 1.639000058174133301e+00
7.846000000000000000e+03 5.698400000000000000e+04 4.000000000000000000e+00 1.661723017692565918e+00
7.390000000000000000e+03 5.713000000000000000e+04 7.200000000000000000e+02 1.528352975845336914e+00
8.185000000000000000e+03 5.743100000000000000e+04 9.840000000000000000e+02 1.320474028587341309e+00
9.177000000000000000e+03 5.804400000000000000e+04 5.140000000000000000e+02 1.202787041664123535e+00
4.618000000000000000e+03 5.560000000000000000e+04 2.180000000000000000e+02 1.289999961853027344e+00
6.617000000000000000e+03 5.636500000000000000e+04 3.200000000000000000e+02 1.470000028610229492e+00
8.173000000000000000e+03 5.737500000000000000e+04 9.810000000000000000e+02 1.502797961235046387e+00
8.840000000000000000e+03 5.742500000000000000e+04 1.830000000000000000e+02 1.603014945983886719e+00
8.371000000000000000e+03 5.778600000000000000e+04 8.540000000000000000e+02 1.211549997329711914e+00
6.722000000000000000e+03 5.643100000000000000e+04 2.980000000000000000e+02 1.497369050979614258e+00
7.912000000000000000e+03 5.731000000000000000e+04 7.940000000000000000e+02 1.401805043220520020e+00
7.717000000000000000e+03 5.810000000000000000e+04 6.840000000000000000e+02 1.598847985267639160e+00
1.017000000000000000e+03 5.270600000000000000e+04 1.500000000000000000e+01 1.311800003051757812e+00
7.868000000000000000e+03 5.700600000000000000e+04 1.210000000000000000e+02 1.214624047279357910e+00
1.401000000000000000e+03 5.314400000000000000e+04 2.870000000000000000e+02 1.412999987602233887e+00
1.951000000000000000e+03 5.338900000000000000e+04 6.360000000000000000e+02 1.679000020027160645e+00
7.869000000000000000e+03 5.701200000000000000e+04 1.370000000000000000e+02 1.329342961311340332e+00
1.105200000000000000e+04 5.843800000000000000e+04 4.000000000000000000e+01 1.449669957160949707e+00
2.215000000000000000e+03 5.379300000000000000e+04 4.650000000000000000e+02 1.255900025367736816e+00
1.091400000000000000e+04 5.825700000000000000e+04 6.560000000000000000e+02 1.387977957725524902e+00
1.989000000000000000e+03 5.377200000000000000e+04 4.820000000000000000e+02 1.509500026702880859e+00
1.988000000000000000e+03 5.346900000000000000e+04 2.320000000000000000e+02 1.342599987983703613e+00
7.420000000000000000e+03 5.675300000000000000e+04 9.860000000000000000e+02 1.592939972877502441e+00
7.598000000000000000e+03 5.695600000000000000e+04 6.300000000000000000e+01 1.252457976341247559e+00
1.050000000000000000e+03 5.272100000000000000e+04 4.340000000000000000e+02 1.401800036430358887e+00
1.363000000000000000e+03 5.305300000000000000e+04 3.980000000000000000e+02 1.405300021171569824e+00
1.038000000000000000e+03 5.267300000000000000e+04 4.260000000000000000e+02 1.554999947547912598e+00
1.429000000000000000e+03 5.299000000000000000e+04 1.050000000000000000e+02 1.449699997901916504e+00
8.284000000000000000e+03 5.741900000000000000e+04 9.600000000000000000e+01 1.503239989280700684e+00
7.294000000000000000e+03 5.673900000000000000e+04 4.760000000000000000e+02 1.304000020027160645e+00
7.588000000000000000e+03 5.690300000000000000e+04 7.760000000000000000e+02 1.470116615295410156e+00
1.046000000000000000e+04 5.816100000000000000e+04 6.560000000000000000e+02 1.473566055297851562e+00
6.668000000000000000e+03 5.660500000000000000e+04 6.660000000000000000e+02 1.343000054359436035e+00
8.756000000000000000e+03 5.768700000000000000e+04 3.800000000000000000e+02 1.629173040390014648e+00
1.092000000000000000e+04 5.825200000000000000e+04 4.560000000000000000e+02 1.201279997825622559e+00
1.047700000000000000e+04 5.813600000000000000e+04 2.390000000000000000e+02 1.685999989509582520e+00
1.354000000000000000e+03 5.281400000000000000e+04 1.510000000000000000e+02 1.672999978065490723e+00
1.128500000000000000e+04 5.840200000000000000e+04 7.780000000000000000e+02 1.568562984466552734e+00
4.977000000000000000e+03 5.604700000000000000e+04 2.030000000000000000e+02 1.483000040054321289e+00
1.011000000000000000e+03 5.265200000000000000e+04 4.770000000000000000e+02 1.538100004196166992e+00
1.783000000000000000e+03 5.338600000000000000e+04 2.670000000000000000e+02 1.418099999427795410e+00
7.640000000000000000e+03 5.731100000000000000e+04 8.840000000000000000e+02 1.362854003906250000e+00
8.219000000000000000e+03 5.742900000000000000e+04 5.040000000000000000e+02 1.539528012275695801e+00
3.978000000000000000e+03 5.533000000000000000e+04 8.700000000000000000e+02 1.476999998092651367e+00
1.135100000000000000e+04 5.844000000000000000e+04 1.060000000000000000e+02 1.296769976615905762e+00
9.178000000000000000e+03 5.808100000000000000e+04 5.520000000000000000e+02 1.310765027999877930e+00
9.384000000000000000e+03 5.808000000000000000e+04 6.760000000000000000e+02 1.557739973068237305e+00
4.365000000000000000e+03 5.553900000000000000e+04 9.150000000000000000e+02 1.620000004768371582e+00
1.130800000000000000e+04 5.842600000000000000e+04 3.600000000000000000e+01 1.545634031295776367e+00
7.295000000000000000e+03 5.706700000000000000e+04 7.200000000000000000e+02 1.564370036125183105e+00
7.095000000000000000e+03 5.662500000000000000e+04 7.000000000000000000e+01 1.656000018119812012e+00
1.076000000000000000e+04 5.822400000000000000e+04 5.280000000000000000e+02 1.542600035667419434e+00
1.028700000000000000e+04 5.810100000000000000e+04 7.950000000000000000e+02 1.493286967277526855e+00
7.621000000000000000e+03 5.698500000000000000e+04 7.140000000000000000e+02 1.496462941169738770e+00
6.157000000000000000e+03 5.623800000000000000e+04 6.880000000000000000e+02 1.501999974250793457e+00
8.741000000000000000e+03 5.739000000000000000e+04 1.240000000000000000e+02 1.237500429153442383e+00
6.969000000000000000e+03 5.642000000000000000e+04 1.500000000000000000e+02 1.454588055610656738e+00
1.174000000000000000e+03 5.278200000000000000e+04 4.600000000000000000e+01 1.328999996185302734e+00
9.199000000000000000e+03 5.768400000000000000e+04 2.690000000000000000e+02 1.243999958038330078e+00
7.425000000000000000e+03 5.677700000000000000e+04 4.760000000000000000e+02 1.434000015258789062e+00
1.104700000000000000e+04 5.842400000000000000e+04 1.360000000000000000e+02 1.217664003372192383e+00
7.286000000000000000e+03 5.709600000000000000e+04 2.760000000000000000e+02 1.401813030242919922e+00
6.445000000000000000e+03 5.636600000000000000e+04 4.600000000000000000e+01 1.449000000953674316e+00
8.285000000000000000e+03 5.704800000000000000e+04 8.670000000000000000e+02 1.235792994499206543e+00
1.045300000000000000e+04 5.813600000000000000e+04 6.800000000000000000e+01 1.469779968261718750e+00
4.199000000000000000e+03 5.548100000000000000e+04 7.260000000000000000e+02 1.646217942237854004e+00
1.128900000000000000e+04 5.839800000000000000e+04 1.600000000000000000e+02 1.384686946868896484e+00
1.072000000000000000e+04 5.825000000000000000e+04 7.080000000000000000e+02 1.453547954559326172e+00
8.508000000000000000e+03 5.784500000000000000e+04 8.700000000000000000e+02 1.308069944381713867e+00
2.092000000000000000e+03 5.346000000000000000e+04 2.100000000000000000e+02 1.521800041198730469e+00
7.845000000000000000e+03 5.698000000000000000e+04 7.000000000000000000e+00 1.640115976333618164e+00
9.167000000000000000e+03 5.806400000000000000e+04 5.220000000000000000e+02 1.437248945236206055e+00
1.684000000000000000e+03 5.323900000000000000e+04 1.880000000000000000e+02 1.697999954223632812e+00
1.029100000000000000e+04 5.810100000000000000e+04 7.540000000000000000e+02 1.643967986106872559e+00
7.577000000000000000e+03 5.694400000000000000e+04 6.770000000000000000e+02 1.570182323455810547e+00
7.893000000000000000e+03 5.728600000000000000e+04 5.080000000000000000e+02 1.401075005531311035e+00
1.870000000000000000e+03 5.338300000000000000e+04 3.830000000000000000e+02 1.651999950408935547e+00
2.107000000000000000e+03 5.378600000000000000e+04 6.370000000000000000e+02 1.503200054168701172e+00
7.605000000000000000e+03 5.694900000000000000e+04 6.800000000000000000e+01 1.469897747039794922e+00
3.800000000000000000e+03 5.548600000000000000e+04 9.720000000000000000e+02 1.258000016212463379e+00
8.854000000000000000e+03 5.745000000000000000e+04 5.240000000000000000e+02 1.295248031616210938e+00
1.979000000000000000e+03 5.343100000000000000e+04 1.850000000000000000e+02 1.616899967193603516e+00
9.611000000000000000e+03 5.810700000000000000e+04 2.780000000000000000e+02 1.212509989738464355e+00
8.800000000000000000e+02 5.236700000000000000e+04 3.180000000000000000e+02 1.284999966621398926e+00
1.455000000000000000e+03 5.308900000000000000e+04 6.400000000000000000e+02 1.432399988174438477e+00
1.592000000000000000e+03 5.299000000000000000e+04 5.780000000000000000e+02 1.597300052642822266e+00
1.976000000000000000e+03 5.340100000000000000e+04 4.330000000000000000e+02 1.218000054359436035e+00
6.670000000000000000e+03 5.638900000000000000e+04 4.750000000000000000e+02 1.332000017166137695e+00
8.276000000000000000e+03 5.706700000000000000e+04 6.530000000000000000e+02 1.326351046562194824e+00
7.900000000000000000e+03 5.735800000000000000e+04 8.350000000000000000e+02 1.278138041496276855e+00
8.522000000000000000e+03 5.819300000000000000e+04 2.100000000000000000e+02 1.394392013549804688e+00
8.285000000000000000e+03 5.704800000000000000e+04 6.020000000000000000e+02 1.582124948501586914e+00
7.288000000000000000e+03 5.703900000000000000e+04 3.870000000000000000e+02 1.231501936912536621e+00
7.902000000000000000e+03 5.736200000000000000e+04 6.360000000000000000e+02 1.662693023681640625e+00
1.066000000000000000e+04 5.846600000000000000e+04 7.740000000000000000e+02 1.227956056594848633e+00
8.295000000000000000e+03 5.740100000000000000e+04 7.510000000000000000e+02 1.454908013343811035e+00
8.220000000000000000e+03 5.743200000000000000e+04 7.060000000000000000e+02 1.606920003890991211e+00
7.695000000000000000e+03 5.765400000000000000e+04 3.210000000000000000e+02 1.336168050765991211e+00
8.196000000000000000e+03 5.734600000000000000e+04 6.560000000000000000e+02 1.244657993316650391e+00
9.080000000000000000e+02 5.237300000000000000e+04 5.000000000000000000e+02 1.615499973297119141e+00
7.764000000000000000e+03 5.804200000000000000e+04 5.990000000000000000e+02 1.221806049346923828e+00
8.533000000000000000e+03 5.801700000000000000e+04 2.810000000000000000e+02 1.368533968925476074e+00
7.704000000000000000e+03 5.757200000000000000e+04 2.460000000000000000e+02 1.321789979934692383e+00
1.461000000000000000e+03 5.306200000000000000e+04 7.400000000000000000e+01 1.407999992370605469e+00
7.624000000000000000e+03 5.703900000000000000e+04 8.600000000000000000e+01 1.295287966728210449e+00
1.784000000000000000e+03 5.442500000000000000e+04 4.950000000000000000e+02 1.534000039100646973e+00
1.128100000000000000e+04 5.842400000000000000e+04 3.640000000000000000e+02 1.214576005935668945e+00
8.754000000000000000e+03 5.842500000000000000e+04 5.160000000000000000e+02 1.573919057846069336e+00
8.750000000000000000e+03 5.840100000000000000e+04 2.930000000000000000e+02 1.503566980361938477e+00
1.134300000000000000e+04 5.843000000000000000e+04 4.270000000000000000e+02 1.327628970146179199e+00
7.418000000000000000e+03 5.716500000000000000e+04 8.650000000000000000e+02 1.426380991935729980e+00
1.991000000000000000e+03 5.344600000000000000e+04 4.220000000000000000e+02 1.455999970436096191e+00
8.501000000000000000e+03 5.751900000000000000e+04 6.240000000000000000e+02 1.385228037834167480e+00
1.131200000000000000e+04 5.843300000000000000e+04 3.000000000000000000e+02 1.235514998435974121e+00
3.650000000000000000e+03 5.524400000000000000e+04 7.060000000000000000e+02 1.304999947547912598e+00
7.861000000000000000e+03 5.728100000000000000e+04 6.560000000000000000e+02 1.226073980331420898e+00
1.105500000000000000e+04 5.842900000000000000e+04 2.390000000000000000e+02 1.432376980781555176e+00
7.867000000000000000e+03 5.700300000000000000e+04 3.390000000000000000e+02 1.252637028694152832e+00
7.666000000000000000e+03 5.733900000000000000e+04 6.310000000000000000e+02 1.447535037994384766e+00
8.840000000000000000e+02 5.237400000000000000e+04 2.800000000000000000e+02 1.256921052932739258e+00
1.129500000000000000e+04 5.845600000000000000e+04 3.220000000000000000e+02 1.257279992103576660e+00
6.682000000000000000e+03 5.639000000000000000e+04 4.180000000000000000e+02 1.279999971389770508e+00
1.090800000000000000e+04 5.839200000000000000e+04 7.370000000000000000e+02 1.386849999427795410e+00
2.092000000000000000e+03 5.346000000000000000e+04 3.050000000000000000e+02 1.636999964714050293e+00
7.915000000000000000e+03 5.730900000000000000e+04 5.930000000000000000e+02 1.418393015861511230e+00
8.753000000000000000e+03 5.737300000000000000e+04 6.630000000000000000e+02 1.273043990135192871e+00
1.023400000000000000e+04 5.815300000000000000e+04 5.260000000000000000e+02 1.690621018409729004e+00
1.445000000000000000e+03 5.306200000000000000e+04 5.100000000000000000e+02 1.470999956130981445e+00
5.116000000000000000e+03 5.585700000000000000e+04 8.360000000000000000e+02 1.458999991416931152e+00
1.066400000000000000e+04 5.846400000000000000e+04 8.930000000000000000e+02 1.364680051803588867e+00
7.706000000000000000e+03 5.757500000000000000e+04 2.330000000000000000e+02 1.519000053405761719e+00
1.020000000000000000e+03 5.272100000000000000e+04 4.370000000000000000e+02 1.444900035858154297e+00
1.028800000000000000e+04 5.813100000000000000e+04 9.650000000000000000e+02 1.414809942245483398e+00
8.506000000000000000e+03 5.789300000000000000e+04 9.850000000000000000e+02 1.558840036392211914e+00
7.850000000000000000e+03 5.695600000000000000e+04 4.520000000000000000e+02 1.279958963394165039e+00
8.748000000000000000e+03 5.839600000000000000e+04 4.380000000000000000e+02 1.314345002174377441e+00
7.732000000000000000e+03 5.810800000000000000e+04 9.060000000000000000e+02 1.689350008964538574e+00
4.351000000000000000e+03 5.553800000000000000e+04 9.020000000000000000e+02 1.345000028610229492e+00
8.861000000000000000e+03 5.745900000000000000e+04 8.000000000000000000e+00 1.457265019416809082e+00
1.339000000000000000e+03 5.276700000000000000e+04 2.360000000000000000e+02 1.343999981880187988e+00
1.108400000000000000e+04 5.842700000000000000e+04 8.400000000000000000e+02 1.217875003814697266e+00
1.105500000000000000e+04 5.842900000000000000e+04 9.590000000000000000e+02 1.258823037147521973e+00
8.235000000000000000e+03 5.819100000000000000e+04 4.400000000000000000e+01 1.223000049591064453e+00
7.852000000000000000e+03 5.698700000000000000e+04 2.980000000000000000e+02 1.690055012702941895e+00
7.628000000000000000e+03 5.697800000000000000e+04 4.700000000000000000e+02 1.266383051872253418e+00
9.368000000000000000e+03 5.781700000000000000e+04 2.960000000000000000e+02 1.222020030021667480e+00
1.026400000000000000e+04 5.816200000000000000e+04 4.400000000000000000e+01 1.543490052223205566e+00
7.885000000000000000e+03 5.733600000000000000e+04 5.980000000000000000e+02 1.528576016426086426e+00
7.846000000000000000e+03 5.698400000000000000e+04 8.120000000000000000e+02 1.531654953956604004e+00
7.628000000000000000e+03 5.697800000000000000e+04 9.300000000000000000e+02 1.370507955551147461e+00
7.770000000000000000e+03 5.804400000000000000e+04 1.820000000000000000e+02 1.679738044738769531e+00
1.066300000000000000e+04 5.816200000000000000e+04 5.810000000000000000e+02 1.338878035545349121e+00
6.860000000000000000e+02 5.251900000000000000e+04 2.170000000000000000e+02 1.259299993515014648e+00
9.610000000000000000e+03 5.813700000000000000e+04 8.760000000000000000e+02 1.281999945640563965e+00
8.751000000000000000e+03 5.768500000000000000e+04 1.580000000000000000e+02 1.499858021736145020e+00
1.133600000000000000e+04 5.842900000000000000e+04 3.870000000000000000e+02 1.280900001525878906e+00
8.384000000000000000e+03 5.751300000000000000e+04 5.220000000000000000e+02 1.566689014434814453e+00
1.133600000000000000e+04 5.842900000000000000e+04 2.600000000000000000e+01 1.253239035606384277e+00
4.250000000000000000e+02 5.189800000000000000e+04 3.480000000000000000e+02 1.626999974250793457e+00
8.850000000000000000e+03 5.778200000000000000e+04 8.640000000000000000e+02 1.651090025901794434e+00
7.669000000000000000e+03 5.732900000000000000e+04 7.430000000000000000e+02 1.269225597381591797e+00
7.627000000000000000e+03 5.693300000000000000e+04 9.590000000000000000e+02 1.251207947731018066e+00
7.641000000000000000e+03 5.730700000000000000e+04 9.660000000000000000e+02 1.268398046493530273e+00
9.361000000000000000e+03 5.805500000000000000e+04 1.850000000000000000e+02 1.207430005073547363e+00
7.627000000000000000e+03 5.693300000000000000e+04 3.910000000000000000e+02 1.305403947830200195e+00
7.872000000000000000e+03 5.727900000000000000e+04 1.700000000000000000e+02 1.292381048202514648e+00
7.654000000000000000e+03 5.733000000000000000e+04 1.320000000000000000e+02 1.565502047538757324e+00
1.782000000000000000e+03 5.329900000000000000e+04 6.380000000000000000e+02 1.667222023010253906e+00
8.748000000000000000e+03 5.839600000000000000e+04 4.640000000000000000e+02 1.435582995414733887e+00
7.894000000000000000e+03 5.733900000000000000e+04 2.000000000000000000e+02 1.366307258605957031e+00
7.738000000000000000e+03 5.810000000000000000e+04 5.520000000000000000e+02 1.212785959243774414e+00
2.034000000000000000e+03 5.346600000000000000e+04 1.610000000000000000e+02 1.333500027656555176e+00
9.200000000000000000e+03 5.771600000000000000e+04 4.350000000000000000e+02 1.257531046867370605e+00
8.279000000000000000e+03 5.706300000000000000e+04 7.690000000000000000e+02 1.299800992012023926e+00
8.376000000000000000e+03 5.778600000000000000e+04 4.180000000000000000e+02 1.313940048217773438e+00
8.293000000000000000e+03 5.736100000000000000e+04 2.100000000000000000e+02 1.312435030937194824e+00
8.874000000000000000e+03 5.742600000000000000e+04 3.500000000000000000e+02 1.631608009338378906e+00
7.598000000000000000e+03 5.695600000000000000e+04 3.000000000000000000e+02 1.280959963798522949e+00
1.217000000000000000e+03 5.267200000000000000e+04 1.160000000000000000e+02 1.592300057411193848e+00
7.582000000000000000e+03 5.696000000000000000e+04 9.120000000000000000e+02 1.695099949836730957e+00
1.132400000000000000e+04 5.839500000000000000e+04 3.060000000000000000e+02 1.334012985229492188e+00
1.441000000000000000e+03 5.308300000000000000e+04 2.410000000000000000e+02 1.317899942398071289e+00
3.761000000000000000e+03 5.527200000000000000e+04 3.180000000000000000e+02 1.271999955177307129e+00
7.726000000000000000e+03 5.815400000000000000e+04 6.920000000000000000e+02 1.657663941383361816e+00
1.130600000000000000e+04 5.845000000000000000e+04 6.820000000000000000e+02 1.448559999465942383e+00
9.360000000000000000e+03 5.805500000000000000e+04 8.200000000000000000e+01 1.259060978889465332e+00
8.861000000000000000e+03 5.745900000000000000e+04 7.360000000000000000e+02 1.289816021919250488e+00
1.128000000000000000e+04 5.843000000000000000e+04 4.280000000000000000e+02 1.300905942916870117e+00
1.092500000000000000e+04 5.827100000000000000e+04 9.000000000000000000e+01 1.677521944046020508e+00
8.370000000000000000e+03 5.773200000000000000e+04 9.590000000000000000e+02 1.423869967460632324e+00
9.148000000000000000e+03 5.803900000000000000e+04 1.460000000000000000e+02 1.281319975852966309e+00
8.745000000000000000e+03 5.739100000000000000e+04 8.600000000000000000e+02 1.484524011611938477e+00
1.107300000000000000e+04 5.845100000000000000e+04 1.710000000000000000e+02 1.667590022087097168e+00
8.829000000000000000e+03 5.744600000000000000e+04 2.400000000000000000e+02 1.480852961540222168e+00
7.913000000000000000e+03 5.733300000000000000e+04 6.090000000000000000e+02 1.394814968109130859e+00
7.637000000000000000e+03 5.693300000000000000e+04 8.660000000000000000e+02 1.301610946655273438e+00
1.154600000000000000e+04 5.848800000000000000e+04 8.600000000000000000e+02 1.247022032737731934e+00
1.868000000000000000e+03 5.331800000000000000e+04 2.610000000000000000e+02 1.391499996185302734e+00
7.694000000000000000e+03 5.735900000000000000e+04 3.260000000000000000e+02 1.273293018341064453e+00
7.641000000000000000e+03 5.730700000000000000e+04 4.320000000000000000e+02 1.421010971069335938e+00
7.687000000000000000e+03 5.700700000000000000e+04 8.670000000000000000e+02 1.347519040107727051e+00
9.337000000000000000e+03 5.772400000000000000e+04 6.320000000000000000e+02 1.455420017242431641e+00
4.704000000000000000e+03 5.568100000000000000e+04 7.900000000000000000e+02 1.569000005722045898e+00
4.238000000000000000e+03 5.545500000000000000e+04 9.980000000000000000e+02 1.598999977111816406e+00
7.672000000000000000e+03 5.733900000000000000e+04 6.390000000000000000e+02 1.288400053977966309e+00
7.713000000000000000e+03 5.809600000000000000e+04 7.220000000000000000e+02 1.403383970260620117e+00
7.869000000000000000e+03 5.701200000000000000e+04 5.000000000000000000e+00 1.284358024597167969e+00
9.359000000000000000e+03 5.805600000000000000e+04 4.990000000000000000e+02 1.228672027587890625e+00
9.354000000000000000e+03 5.780600000000000000e+04 4.280000000000000000e+02 1.477570056915283203e+00
7.674000000000000000e+03 5.735900000000000000e+04 1.860000000000000000e+02 1.682806015014648438e+00
7.679000000000000000e+03 5.736700000000000000e+04 6.600000000000000000e+01 1.589214563369750977e+00
7.841000000000000000e+03 5.696000000000000000e+04 2.800000000000000000e+02 1.373852968215942383e+00
3.114000000000000000e+03 5.477300000000000000e+04 6.230000000000000000e+02 1.330824017524719238e+00
8.754000000000000000e+03 5.842500000000000000e+04 7.820000000000000000e+02 1.432862997055053711e+00
8.280000000000000000e+02 5.231700000000000000e+04 4.640000000000000000e+02 1.240599989891052246e+00
8.729000000000000000e+03 5.739900000000000000e+04 3.690000000000000000e+02 1.215296983718872070e+00
9.354000000000000000e+03 5.780600000000000000e+04 3.390000000000000000e+02 1.207000017166137695e+00
1.107500000000000000e+04 5.845100000000000000e+04 3.780000000000000000e+02 1.337852954864501953e+00
8.748000000000000000e+03 5.839600000000000000e+04 1.660000000000000000e+02 1.216709971427917480e+00
1.138600000000000000e+04 5.851400000000000000e+04 8.030000000000000000e+02 1.523954987525939941e+00
7.663000000000000000e+03 5.732800000000000000e+04 4.080000000000000000e+02 1.293259978294372559e+00
1.104400000000000000e+04 5.850800000000000000e+04 6.680000000000000000e+02 1.475294947624206543e+00
7.879000000000000000e+03 5.735900000000000000e+04 4.830000000000000000e+02 1.322404980659484863e+00
7.759000000000000000e+03 5.840100000000000000e+04 3.520000000000000000e+02 1.431054949760437012e+00
1.132400000000000000e+04 5.839500000000000000e+04 1.340000000000000000e+02 1.309280037879943848e+00
1.107300000000000000e+04 5.845100000000000000e+04 6.860000000000000000e+02 1.455631017684936523e+00
