7.960000000000000000e+02 5.240100000000000000e+04 6.400000000000000000e+02 -5.317548129823990166e-05
1.948000000000000000e+03 5.338800000000000000e+04 3.650000000000000000e+02 -5.517682075151242316e-05
8.860000000000000000e+03 5.745800000000000000e+04 9.220000000000000000e+02 -4.334418463258771226e-06
9.590000000000000000e+02 5.241100000000000000e+04 3.200000000000000000e+01 -3.856587863992899656e-05
7.735000000000000000e+03 5.813600000000000000e+04 3.290000000000000000e+02 -2.272317942697554827e-04
7.872000000000000000e+03 5.727900000000000000e+04 8.490000000000000000e+02 -3.973659113398753107e-05
7.659000000000000000e+03 5.706000000000000000e+04 1.950000000000000000e+02 -9.061690207090578042e-07
7.725000000000000000e+03 5.815800000000000000e+04 9.960000000000000000e+02 7.950318104121834040e-05
7.601000000000000000e+03 5.695900000000000000e+04 9.500000000000000000e+02 8.794850145932286978e-06
6.960000000000000000e+02 5.220900000000000000e+04 3.380000000000000000e+02 5.364587923395447433e-05
