8.188000000000000000e+03 5.734800000000000000e+04 9.460000000000000000e+02 1.415410995483398438e+00
8.418000000000000000e+03 5.819900000000000000e+04 6.260000000000000000e+02 1.325469017028808594e+00
1.683000000000000000e+03 5.343600000000000000e+04 1.740000000000000000e+02 1.396999955177307129e+00
4.629000000000000000e+03 5.563000000000000000e+04 1.400000000000000000e+02 1.368000030517578125e+00
7.940000000000000000e+02 5.237600000000000000e+04 5.680000000000000000e+02 1.389999985694885254e+00
2.006000000000000000e+03 5.347600000000000000e+04 4.150000000000000000e+02 1.375000000000000000e+00
1.158000000000000000e+03 5.266800000000000000e+04 7.400000000000000000e+01 1.373000025749206543e+00
9.450000000000000000e+02 5.265200000000000000e+04 3.910000000000000000e+02 1.394999980926513672e+00
5.804000000000000000e+03 5.630400000000000000e+04 4.300000000000000000e+01 1.409999966621398926e+00
6.160000000000000000e+02 5.244200000000000000e+04 3.230000000000000000e+02 1.447999954223632812e+00
7.930000000000000000e+02 5.237000000000000000e+04 4.580000000000000000e+02 1.478000044822692871e+00
6.730000000000000000e+03 5.642500000000000000e+04 2.550000000000000000e+02 1.432999968528747559e+00
1.984000000000000000e+03 5.343300000000000000e+04 3.850000000000000000e+02 1.329800009727478027e+00
7.880000000000000000e+03 5.733600000000000000e+04 5.120000000000000000e+02 1.442798614501953125e+00
6.448000000000000000e+03 5.636500000000000000e+04 5.960000000000000000e+02 1.370000004768371582e+00
1.983000000000000000e+03 5.344200000000000000e+04 2.610000000000000000e+02 1.400200009346008301e+00
8.417000000000000000e+03 5.817500000000000000e+04 2.480000000000000000e+02 1.372990012168884277e+00
1.448000000000000000e+03 5.312000000000000000e+04 3.600000000000000000e+01 1.309000015258789062e+00
8.185000000000000000e+03 5.743100000000000000e+04 9.920000000000000000e+02 1.494410395622253418e+00
1.954000000000000000e+03 5.335700000000000000e+04 6.130000000000000000e+02 1.307000041007995605e+00
1.436000000000000000e+03 5.305400000000000000e+04 4.990000000000000000e+02 1.440000057220458984e+00
9.490000000000000000e+02 5.242700000000000000e+04 3.160000000000000000e+02 1.468000054359436035e+00
1.025800000000000000e+04 5.849200000000000000e+04 5.340000000000000000e+02 1.305894970893859863e+00
6.786000000000000000e+03 5.644800000000000000e+04 9.180000000000000000e+02 1.391999959945678711e+00
6.715000000000000000e+03 5.644900000000000000e+04 5.400000000000000000e+02 1.378999948501586914e+00
6.801000000000000000e+03 5.648700000000000000e+04 7.200000000000000000e+02 1.440000057220458984e+00
6.392000000000000000e+03 5.633100000000000000e+04 4.620000000000000000e+02 1.401999950408935547e+00
1.452000000000000000e+03 5.311200000000000000e+04 1.320000000000000000e+02 1.376000046730041504e+00
7.768000000000000000e+03 5.828900000000000000e+04 8.230000000000000000e+02 1.395869016647338867e+00
1.382000000000000000e+03 5.311500000000000000e+04 4.530000000000000000e+02 1.445000052452087402e+00
6.711000000000000000e+03 5.638800000000000000e+04 7.410000000000000000e+02 1.406999945640563965e+00
8.424000000000000000e+03 5.824800000000000000e+04 8.410000000000000000e+02 1.469313979148864746e+00
6.260000000000000000e+02 5.205700000000000000e+04 2.210000000000000000e+02 1.350999951362609863e+00
8.503000000000000000e+03 5.751900000000000000e+04 2.300000000000000000e+02 1.346035003662109375e+00
3.386000000000000000e+03 5.495200000000000000e+04 5.420000000000000000e+02 1.309999942779541016e+00
6.170000000000000000e+02 5.207200000000000000e+04 6.800000000000000000e+01 1.401299953460693359e+00
1.045000000000000000e+03 5.272500000000000000e+04 4.940000000000000000e+02 1.314000010490417480e+00
8.544000000000000000e+03 5.828100000000000000e+04 9.900000000000000000e+02 1.494182944297790527e+00
1.396000000000000000e+03 5.311200000000000000e+04 1.260000000000000000e+02 1.442000031471252441e+00
1.072200000000000000e+04 5.828100000000000000e+04 1.700000000000000000e+02 1.416527032852172852e+00
7.562000000000000000e+03 5.679900000000000000e+04 3.580000000000000000e+02 1.453127980232238770e+00
1.396000000000000000e+03 5.311200000000000000e+04 6.390000000000000000e+02 1.402999997138977051e+00
1.282000000000000000e+03 5.275900000000000000e+04 1.540000000000000000e+02 1.342000007629394531e+00
8.388000000000000000e+03 5.748800000000000000e+04 4.140000000000000000e+02 1.409878015518188477e+00
8.363000000000000000e+03 5.814000000000000000e+04 4.600000000000000000e+01 1.305130958557128906e+00
1.160000000000000000e+03 5.267400000000000000e+04 3.860000000000000000e+02 1.317999958992004395e+00
1.384000000000000000e+03 5.312100000000000000e+04 1.480000000000000000e+02 1.363999962806701660e+00
6.037000000000000000e+03 5.610400000000000000e+04 4.400000000000000000e+02 1.445000052452087402e+00
7.890000000000000000e+02 5.234200000000000000e+04 2.400000000000000000e+02 1.343000054359436035e+00
1.372000000000000000e+03 5.306200000000000000e+04 6.000000000000000000e+02 1.417999982833862305e+00
7.875000000000000000e+03 5.698000000000000000e+04 8.840000000000000000e+02 1.371067762374877930e+00
6.170000000000000000e+02 5.207200000000000000e+04 2.540000000000000000e+02 1.393599987030029297e+00
7.950000000000000000e+02 5.237800000000000000e+04 1.220000000000000000e+02 1.327200055122375488e+00
8.406000000000000000e+03 5.751300000000000000e+04 9.880000000000000000e+02 1.328207015991210938e+00
6.713000000000000000e+03 5.640200000000000000e+04 8.600000000000000000e+02 1.460999965667724609e+00
7.920000000000000000e+02 5.235300000000000000e+04 2.740000000000000000e+02 1.411999940872192383e+00
8.055000000000000000e+03 5.718700000000000000e+04 2.830000000000000000e+02 1.301002979278564453e+00
7.950000000000000000e+02 5.237800000000000000e+04 3.140000000000000000e+02 1.456599950790405273e+00
8.065000000000000000e+03 5.824800000000000000e+04 7.830000000000000000e+02 1.356850028038024902e+00
8.425000000000000000e+03 5.822600000000000000e+04 7.000000000000000000e+00 1.455651998519897461e+00
7.910000000000000000e+02 5.243500000000000000e+04 1.790000000000000000e+02 1.372200012207031250e+00
2.096000000000000000e+03 5.344600000000000000e+04 5.500000000000000000e+02 1.418099999427795410e+00
1.275000000000000000e+03 5.299600000000000000e+04 5.460000000000000000e+02 1.353000044822692871e+00
7.031000000000000000e+03 5.644900000000000000e+04 1.600000000000000000e+02 1.383999943733215332e+00
8.845000000000000000e+03 5.815900000000000000e+04 1.410000000000000000e+02 1.334606051445007324e+00
1.676000000000000000e+03 5.314700000000000000e+04 3.950000000000000000e+02 1.348099946975708008e+00
2.956000000000000000e+03 5.452500000000000000e+04 6.250000000000000000e+02 1.300400018692016602e+00
6.803000000000000000e+03 5.640200000000000000e+04 9.530000000000000000e+02 1.368999958038330078e+00
9.460000000000000000e+02 5.240700000000000000e+04 3.430000000000000000e+02 1.425999999046325684e+00
1.277000000000000000e+03 5.276500000000000000e+04 6.040000000000000000e+02 1.488700032234191895e+00
1.672000000000000000e+03 5.346000000000000000e+04 6.270000000000000000e+02 1.373200058937072754e+00
7.235000000000000000e+03 5.660300000000000000e+04 1.600000000000000000e+02 1.320000052452087402e+00
6.694000000000000000e+03 5.638600000000000000e+04 1.170000000000000000e+02 1.422999978065490723e+00
6.788000000000000000e+03 5.642800000000000000e+04 8.600000000000000000e+02 1.338000059127807617e+00
7.950000000000000000e+02 5.237800000000000000e+04 5.610000000000000000e+02 1.332000017166137695e+00
1.024900000000000000e+04 5.846700000000000000e+04 3.280000000000000000e+02 1.360836029052734375e+00
1.374000000000000000e+03 5.308300000000000000e+04 5.180000000000000000e+02 1.386999964714050293e+00
1.167000000000000000e+03 5.273800000000000000e+04 5.770000000000000000e+02 1.395699977874755859e+00
1.379000000000000000e+03 5.308400000000000000e+04 1.740000000000000000e+02 1.472000002861022949e+00
8.950000000000000000e+02 5.258100000000000000e+04 4.950000000000000000e+02 1.301450014114379883e+00
7.339000000000000000e+03 5.679900000000000000e+04 5.880000000000000000e+02 1.399000048637390137e+00
6.835000000000000000e+03 5.642000000000000000e+04 6.520000000000000000e+02 1.328999996185302734e+00
1.457000000000000000e+03 5.311600000000000000e+04 5.810000000000000000e+02 1.394999980926513672e+00
8.430000000000000000e+03 5.748800000000000000e+04 3.900000000000000000e+01 1.411226034164428711e+00
1.333000000000000000e+03 5.278200000000000000e+04 3.310000000000000000e+02 1.306599974632263184e+00
5.172000000000000000e+03 5.607100000000000000e+04 8.060000000000000000e+02 1.332999944686889648e+00
2.109000000000000000e+03 5.346800000000000000e+04 6.290000000000000000e+02 1.373999953269958496e+00
6.322000000000000000e+03 5.619000000000000000e+04 9.460000000000000000e+02 1.317000031471252441e+00
6.316000000000000000e+03 5.648300000000000000e+04 7.800000000000000000e+02 1.414999961853027344e+00
6.743000000000000000e+03 5.638500000000000000e+04 8.320000000000000000e+02 1.401000022888183594e+00
5.160000000000000000e+03 5.589500000000000000e+04 7.020000000000000000e+02 1.302000045776367188e+00
7.427000000000000000e+03 5.675100000000000000e+04 4.030000000000000000e+02 1.387439489364624023e+00
5.450000000000000000e+02 5.220200000000000000e+04 5.430000000000000000e+02 1.417999982833862305e+00
8.754000000000000000e+03 5.842500000000000000e+04 2.700000000000000000e+01 1.439360022544860840e+00
7.722000000000000000e+03 5.842500000000000000e+04 9.220000000000000000e+02 1.307669997215270996e+00
8.871000000000000000e+03 5.751900000000000000e+04 4.580000000000000000e+02 1.490030050277709961e+00
1.171000000000000000e+03 5.275300000000000000e+04 6.170000000000000000e+02 1.469499945640563965e+00
1.324000000000000000e+03 5.308800000000000000e+04 4.090000000000000000e+02 1.494199991226196289e+00
1.047900000000000000e+04 5.815900000000000000e+04 4.370000000000000000e+02 1.330456018447875977e+00
1.011000000000000000e+03 5.265200000000000000e+04 2.430000000000000000e+02 1.317999958992004395e+00
8.150000000000000000e+02 5.237400000000000000e+04 2.230000000000000000e+02 1.424999952316284180e+00
6.210000000000000000e+02 5.205500000000000000e+04 2.400000000000000000e+02 1.340600013732910156e+00
8.528000000000000000e+03 5.789600000000000000e+04 4.010000000000000000e+02 1.499130010604858398e+00
8.185000000000000000e+03 5.743100000000000000e+04 2.590000000000000000e+02 1.353591680526733398e+00
6.707000000000000000e+03 5.638300000000000000e+04 1.360000000000000000e+02 1.368999958038330078e+00
5.166000000000000000e+03 5.606500000000000000e+04 8.000000000000000000e+02 1.429999947547912598e+00
8.392000000000000000e+03 5.748300000000000000e+04 4.840000000000000000e+02 1.383867979049682617e+00
1.014000000000000000e+03 5.270700000000000000e+04 3.920000000000000000e+02 1.330399990081787109e+00
1.072000000000000000e+04 5.825000000000000000e+04 5.230000000000000000e+02 1.315580010414123535e+00
8.400000000000000000e+03 5.783700000000000000e+04 3.680000000000000000e+02 1.346449971199035645e+00
3.176000000000000000e+03 5.483200000000000000e+04 2.260000000000000000e+02 1.448984026908874512e+00
6.790000000000000000e+03 5.643000000000000000e+04 3.760000000000000000e+02 1.498999953269958496e+00
2.104000000000000000e+03 5.385200000000000000e+04 4.420000000000000000e+02 1.353700041770935059e+00
2.027000000000000000e+03 5.343300000000000000e+04 3.470000000000000000e+02 1.302099943161010742e+00
8.522000000000000000e+03 5.819300000000000000e+04 8.120000000000000000e+02 1.328580021858215332e+00
1.073400000000000000e+04 5.828000000000000000e+04 5.100000000000000000e+02 1.300197958946228027e+00
8.870000000000000000e+02 5.237600000000000000e+04 5.600000000000000000e+02 1.399700045585632324e+00
1.346000000000000000e+03 5.282200000000000000e+04 1.800000000000000000e+02 1.384999990463256836e+00
5.736000000000000000e+03 5.598400000000000000e+04 5.640000000000000000e+02 1.465000033378601074e+00
4.692000000000000000e+03 5.564400000000000000e+04 5.960000000000000000e+02 1.383000016212463379e+00
1.327000000000000000e+03 5.278100000000000000e+04 6.360000000000000000e+02 1.373700022697448730e+00
7.382000000000000000e+03 5.699100000000000000e+04 6.040000000000000000e+02 1.438302993774414062e+00
6.800000000000000000e+03 5.639900000000000000e+04 7.000000000000000000e+01 1.476999998092651367e+00
1.429000000000000000e+03 5.299000000000000000e+04 5.660000000000000000e+02 1.445000052452087402e+00
1.337000000000000000e+03 5.276700000000000000e+04 4.120000000000000000e+02 1.465999960899353027e+00
8.846000000000000000e+03 5.742800000000000000e+04 4.400000000000000000e+02 1.395568013191223145e+00
8.537000000000000000e+03 5.801400000000000000e+04 1.340000000000000000e+02 1.382473945617675781e+00
8.162000000000000000e+03 5.699300000000000000e+04 4.620000000000000000e+02 1.432806015014648438e+00
1.336000000000000000e+03 5.275900000000000000e+04 3.640000000000000000e+02 1.338999986648559570e+00
8.539000000000000000e+03 5.802100000000000000e+04 1.900000000000000000e+02 1.471865057945251465e+00
1.159000000000000000e+03 5.266900000000000000e+04 4.010000000000000000e+02 1.303900003433227539e+00
6.831000000000000000e+03 5.642600000000000000e+04 8.940000000000000000e+02 1.401999950408935547e+00
8.065000000000000000e+03 5.824800000000000000e+04 4.720000000000000000e+02 1.306519985198974609e+00
1.174000000000000000e+03 5.278200000000000000e+04 2.670000000000000000e+02 1.402999997138977051e+00
6.140000000000000000e+02 5.343700000000000000e+04 2.360000000000000000e+02 1.481999993324279785e+00
6.648000000000000000e+03 5.638300000000000000e+04 2.780000000000000000e+02 1.337000012397766113e+00
1.011000000000000000e+03 5.265200000000000000e+04 3.690000000000000000e+02 1.361700057983398438e+00
8.287000000000000000e+03 5.740100000000000000e+04 8.080000000000000000e+02 1.407240748405456543e+00
1.992000000000000000e+03 5.346600000000000000e+04 2.810000000000000000e+02 1.490100026130676270e+00
1.377000000000000000e+03 5.305000000000000000e+04 2.800000000000000000e+02 1.345999956130981445e+00
9.400000000000000000e+02 5.267000000000000000e+04 2.780000000000000000e+02 1.462100028991699219e+00
1.025100000000000000e+04 5.817300000000000000e+04 8.240000000000000000e+02 1.482934951782226562e+00
6.180000000000000000e+02 5.204900000000000000e+04 1.970000000000000000e+02 1.322600007057189941e+00
9.730000000000000000e+02 5.242600000000000000e+04 6.090000000000000000e+02 1.344300031661987305e+00
6.790000000000000000e+03 5.643000000000000000e+04 6.730000000000000000e+02 1.425999999046325684e+00
1.172000000000000000e+03 5.275900000000000000e+04 3.100000000000000000e+02 1.435400009155273438e+00
8.194000000000000000e+03 5.740100000000000000e+04 4.290000000000000000e+02 1.314486026763916016e+00
8.166000000000000000e+03 5.713000000000000000e+04 1.020000000000000000e+02 1.351008057594299316e+00
8.845000000000000000e+03 5.815900000000000000e+04 8.200000000000000000e+01 1.487295985221862793e+00
1.174000000000000000e+03 5.278200000000000000e+04 4.060000000000000000e+02 1.434000015258789062e+00
1.989000000000000000e+03 5.377200000000000000e+04 5.550000000000000000e+02 1.432600021362304688e+00
1.134500000000000000e+04 5.842800000000000000e+04 7.920000000000000000e+02 1.370300054550170898e+00
7.099000000000000000e+03 5.666600000000000000e+04 4.550000000000000000e+02 1.393000006675720215e+00
1.076300000000000000e+04 5.839500000000000000e+04 9.160000000000000000e+02 1.470170974731445312e+00
7.900000000000000000e+02 5.244100000000000000e+04 7.800000000000000000e+01 1.406599998474121094e+00
1.165400000000000000e+04 5.854300000000000000e+04 4.780000000000000000e+02 1.336953043937683105e+00
7.028000000000000000e+03 5.644900000000000000e+04 4.630000000000000000e+02 1.424000024795532227e+00
7.930000000000000000e+02 5.237000000000000000e+04 3.740000000000000000e+02 1.335199952125549316e+00
8.202000000000000000e+03 5.815800000000000000e+04 7.760000000000000000e+02 1.374009966850280762e+00
8.541000000000000000e+03 5.825700000000000000e+04 5.580000000000000000e+02 1.353701949119567871e+00
1.045400000000000000e+04 5.813500000000000000e+04 9.790000000000000000e+02 1.317999958992004395e+00
4.558000000000000000e+03 5.556900000000000000e+04 4.340000000000000000e+02 1.332999944686889648e+00
8.409000000000000000e+03 5.786700000000000000e+04 4.370000000000000000e+02 1.419669985771179199e+00
8.510000000000000000e+03 5.784600000000000000e+04 6.930000000000000000e+02 1.470620036125183105e+00
6.920000000000000000e+02 5.220100000000000000e+04 3.780000000000000000e+02 1.396999955177307129e+00
8.513000000000000000e+03 5.784200000000000000e+04 8.520000000000000000e+02 1.486904025077819824e+00
7.940000000000000000e+02 5.237600000000000000e+04 4.000000000000000000e+02 1.349900007247924805e+00
8.539000000000000000e+03 5.802100000000000000e+04 7.380000000000000000e+02 1.310706019401550293e+00
6.210000000000000000e+02 5.205500000000000000e+04 1.600000000000000000e+01 1.305999994277954102e+00
1.290000000000000000e+03 5.273400000000000000e+04 4.370000000000000000e+02 1.342000007629394531e+00
6.051000000000000000e+03 5.609300000000000000e+04 8.490000000000000000e+02 1.453999996185302734e+00
4.217000000000000000e+03 5.547800000000000000e+04 9.460000000000000000e+02 1.490000009536743164e+00
7.429000000000000000e+03 5.674000000000000000e+04 1.960000000000000000e+02 1.343000054359436035e+00
6.835000000000000000e+03 5.642000000000000000e+04 6.580000000000000000e+02 1.300999999046325684e+00
1.075100000000000000e+04 5.822000000000000000e+04 7.030000000000000000e+02 1.420330047607421875e+00
2.097000000000000000e+03 5.349100000000000000e+04 5.880000000000000000e+02 1.490300059318542480e+00
1.024600000000000000e+04 5.817100000000000000e+04 5.500000000000000000e+01 1.339769959449768066e+00
1.024500000000000000e+04 5.816100000000000000e+04 2.600000000000000000e+01 1.311740040779113770e+00
8.387000000000000000e+03 5.748300000000000000e+04 5.970000000000000000e+02 1.367383956909179688e+00
1.282000000000000000e+03 5.275900000000000000e+04 4.940000000000000000e+02 1.484899997711181641e+00
6.682000000000000000e+03 5.639000000000000000e+04 7.120000000000000000e+02 1.345999956130981445e+00
6.750000000000000000e+03 5.636700000000000000e+04 5.610000000000000000e+02 1.404000043869018555e+00
1.057000000000000000e+03 5.252200000000000000e+04 5.730000000000000000e+02 1.474599957466125488e+00
1.399000000000000000e+03 5.317200000000000000e+04 3.100000000000000000e+01 1.317999958992004395e+00
1.025800000000000000e+04 5.849200000000000000e+04 4.670000000000000000e+02 1.421111941337585449e+00
1.431000000000000000e+03 5.299200000000000000e+04 1.610000000000000000e+02 1.342900037765502930e+00
1.378000000000000000e+03 5.306100000000000000e+04 1.700000000000000000e+02 1.442000031471252441e+00
9.710000000000000000e+02 5.264400000000000000e+04 2.080000000000000000e+02 1.404000043869018555e+00
9.500000000000000000e+02 5.237800000000000000e+04 4.310000000000000000e+02 1.330000042915344238e+00
1.983000000000000000e+03 5.344200000000000000e+04 2.610000000000000000e+02 1.400200009346008301e+00
7.700000000000000000e+02 5.228200000000000000e+04 2.500000000000000000e+02 1.376000046730041504e+00
8.820000000000000000e+03 5.744900000000000000e+04 5.980000000000000000e+02 1.455276012420654297e+00
1.026000000000000000e+04 5.817300000000000000e+04 7.990000000000000000e+02 1.339298009872436523e+00
1.989000000000000000e+03 5.377200000000000000e+04 2.400000000000000000e+02 1.414199948310852051e+00
8.499000000000000000e+03 5.743100000000000000e+04 9.120000000000000000e+02 1.419332981109619141e+00
6.627000000000000000e+03 5.636900000000000000e+04 4.320000000000000000e+02 1.371000051498413086e+00
8.433000000000000000e+03 5.748800000000000000e+04 3.250000000000000000e+02 1.395709037780761719e+00
1.072800000000000000e+04 5.824800000000000000e+04 5.900000000000000000e+01 1.410709977149963379e+00
6.753000000000000000e+03 5.639900000000000000e+04 6.600000000000000000e+01 1.335000038146972656e+00
2.101000000000000000e+03 5.385800000000000000e+04 1.820000000000000000e+02 1.472499966621398926e+00
9.430000000000000000e+02 5.237600000000000000e+04 4.700000000000000000e+02 1.333199977874755859e+00
6.728000000000000000e+03 5.642600000000000000e+04 7.320000000000000000e+02 1.498999953269958496e+00
6.668000000000000000e+03 5.660500000000000000e+04 9.820000000000000000e+02 1.467000007629394531e+00
1.667000000000000000e+03 5.343000000000000000e+04 6.310000000000000000e+02 1.442399978637695312e+00
7.282000000000000000e+03 5.666000000000000000e+04 7.870000000000000000e+02 1.300999999046325684e+00
1.492000000000000000e+03 5.293200000000000000e+04 5.530000000000000000e+02 1.372560977935791016e+00
8.833000000000000000e+03 5.777900000000000000e+04 6.700000000000000000e+01 1.342198967933654785e+00
1.985000000000000000e+03 5.343100000000000000e+04 3.480000000000000000e+02 1.315999984741210938e+00
2.002000000000000000e+03 5.347100000000000000e+04 6.160000000000000000e+02 1.307999968528747559e+00
8.493000000000000000e+03 5.816200000000000000e+04 3.000000000000000000e+02 1.311720013618469238e+00
1.382000000000000000e+03 5.311500000000000000e+04 6.220000000000000000e+02 1.378000020980834961e+00
1.164900000000000000e+04 5.851400000000000000e+04 4.720000000000000000e+02 1.373335003852844238e+00
8.397000000000000000e+03 5.748200000000000000e+04 6.600000000000000000e+02 1.399230957031250000e+00
8.299000000000000000e+03 5.734600000000000000e+04 6.100000000000000000e+02 1.386595010757446289e+00
9.540000000000000000e+02 5.240500000000000000e+04 1.610000000000000000e+02 1.374099969863891602e+00
2.010000000000000000e+03 5.349500000000000000e+04 1.190000000000000000e+02 1.343500018119812012e+00
8.844000000000000000e+03 5.742400000000000000e+04 3.120000000000000000e+02 1.334599971771240234e+00
8.545000000000000000e+03 5.804100000000000000e+04 7.270000000000000000e+02 1.408017039299011230e+00
2.297000000000000000e+03 5.373800000000000000e+04 4.180000000000000000e+02 1.387599945068359375e+00
1.992000000000000000e+03 5.346600000000000000e+04 2.360000000000000000e+02 1.359500050544738770e+00
1.073100000000000000e+04 5.824700000000000000e+04 6.730000000000000000e+02 1.338930010795593262e+00
1.455000000000000000e+03 5.308900000000000000e+04 3.100000000000000000e+01 1.332000017166137695e+00
1.165300000000000000e+04 5.852600000000000000e+04 7.350000000000000000e+02 1.358621954917907715e+00
1.992000000000000000e+03 5.346600000000000000e+04 5.300000000000000000e+01 1.450000047683715820e+00
1.358000000000000000e+03 5.299400000000000000e+04 3.850000000000000000e+02 1.350700020790100098e+00
1.373000000000000000e+03 5.306300000000000000e+04 1.550000000000000000e+02 1.347000002861022949e+00
1.010000000000000000e+03 5.264900000000000000e+04 4.890000000000000000e+02 1.409999966621398926e+00
4.995000000000000000e+03 5.573900000000000000e+04 4.320000000000000000e+02 1.365000009536743164e+00
8.854000000000000000e+03 5.745000000000000000e+04 7.400000000000000000e+02 1.428940057754516602e+00
9.599000000000000000e+03 5.813100000000000000e+04 1.950000000000000000e+02 1.432999968528747559e+00
8.508000000000000000e+03 5.784500000000000000e+04 8.160000000000000000e+02 1.310698032379150391e+00
8.363000000000000000e+03 5.814000000000000000e+04 1.470000000000000000e+02 1.303900003433227539e+00
1.075100000000000000e+04 5.822000000000000000e+04 2.270000000000000000e+02 1.307523012161254883e+00
7.873000000000000000e+03 5.730700000000000000e+04 6.460000000000000000e+02 1.443369984626770020e+00
8.420000000000000000e+03 5.819700000000000000e+04 1.950000000000000000e+02 1.357432007789611816e+00
8.210000000000000000e+03 5.742600000000000000e+04 8.570000000000000000e+02 1.436202049255371094e+00
1.457000000000000000e+03 5.311600000000000000e+04 4.620000000000000000e+02 1.309999942779541016e+00
8.836000000000000000e+03 5.742400000000000000e+04 3.230000000000000000e+02 1.462532043457031250e+00
6.803000000000000000e+03 5.640200000000000000e+04 7.920000000000000000e+02 1.305999994277954102e+00
1.419000000000000000e+03 5.314400000000000000e+04 5.870000000000000000e+02 1.358999967575073242e+00
4.703000000000000000e+03 5.561700000000000000e+04 3.030000000000000000e+02 1.476999998092651367e+00
1.061000000000000000e+03 5.264100000000000000e+04 2.640000000000000000e+02 1.412299990653991699e+00
1.026300000000000000e+04 5.846400000000000000e+04 8.680000000000000000e+02 1.498383998870849609e+00
1.458000000000000000e+03 5.311900000000000000e+04 4.890000000000000000e+02 1.370000004768371582e+00
8.202000000000000000e+03 5.815800000000000000e+04 2.080000000000000000e+02 1.339576959609985352e+00
8.195000000000000000e+03 5.739100000000000000e+04 9.620000000000000000e+02 1.348600029945373535e+00
1.283000000000000000e+03 5.276200000000000000e+04 4.110000000000000000e+02 1.391800045967102051e+00
8.434000000000000000e+03 5.748400000000000000e+04 1.440000000000000000e+02 1.359805941581726074e+00
8.435000000000000000e+03 5.748700000000000000e+04 2.400000000000000000e+01 1.462893009185791016e+00
1.075100000000000000e+04 5.822000000000000000e+04 4.220000000000000000e+02 1.473129034042358398e+00
4.980000000000000000e+03 5.604800000000000000e+04 4.180000000000000000e+02 1.435302019119262695e+00
1.358000000000000000e+03 5.299400000000000000e+04 1.700000000000000000e+01 1.393000006675720215e+00
4.830000000000000000e+02 5.192400000000000000e+04 3.520000000000000000e+02 1.315000057220458984e+00
1.027100000000000000e+04 5.849700000000000000e+04 7.240000000000000000e+02 1.396288990974426270e+00
8.534000000000000000e+03 5.790500000000000000e+04 3.050000000000000000e+02 1.374135017395019531e+00
7.586000000000000000e+03 5.718600000000000000e+04 8.780000000000000000e+02 1.361428022384643555e+00
2.097000000000000000e+03 5.349100000000000000e+04 2.400000000000000000e+01 1.383900046348571777e+00
1.435000000000000000e+03 5.299600000000000000e+04 2.260000000000000000e+02 1.302399992942810059e+00
1.358000000000000000e+03 5.299400000000000000e+04 5.570000000000000000e+02 1.325199961662292480e+00
8.870000000000000000e+02 5.237600000000000000e+04 5.600000000000000000e+01 1.485900044441223145e+00
1.074600000000000000e+04 5.825700000000000000e+04 7.400000000000000000e+01 1.402279973030090332e+00
2.105000000000000000e+03 5.347200000000000000e+04 5.600000000000000000e+01 1.320000052452087402e+00
7.027000000000000000e+03 5.644800000000000000e+04 6.030000000000000000e+02 1.345999956130981445e+00
7.380000000000000000e+03 5.675300000000000000e+04 3.860000000000000000e+02 1.463999986648559570e+00
8.206000000000000000e+03 5.742400000000000000e+04 7.300000000000000000e+02 1.300768017768859863e+00
2.237000000000000000e+03 5.382800000000000000e+04 3.030000000000000000e+02 1.360800027847290039e+00
8.215000000000000000e+03 5.819700000000000000e+04 2.990000000000000000e+02 1.371670007705688477e+00
7.620000000000000000e+02 5.223200000000000000e+04 2.630000000000000000e+02 1.434999942779541016e+00
8.179000000000000000e+03 5.742900000000000000e+04 5.440000000000000000e+02 1.332926034927368164e+00
3.194000000000000000e+03 5.483300000000000000e+04 1.150000000000000000e+02 1.338999986648559570e+00
7.612000000000000000e+03 5.697200000000000000e+04 9.320000000000000000e+02 1.330376029014587402e+00
3.808000000000000000e+03 5.551300000000000000e+04 6.000000000000000000e+02 1.440999984741210938e+00
8.185000000000000000e+03 5.743100000000000000e+04 9.840000000000000000e+02 1.320474028587341309e+00
6.617000000000000000e+03 5.636500000000000000e+04 3.200000000000000000e+02 1.470000028610229492e+00
6.722000000000000000e+03 5.643100000000000000e+04 2.980000000000000000e+02 1.497369050979614258e+00
7.912000000000000000e+03 5.731000000000000000e+04 7.940000000000000000e+02 1.401805043220520020e+00
1.017000000000000000e+03 5.270600000000000000e+04 1.500000000000000000e+01 1.311800003051757812e+00
1.401000000000000000e+03 5.314400000000000000e+04 2.870000000000000000e+02 1.412999987602233887e+00
7.869000000000000000e+03 5.701200000000000000e+04 1.370000000000000000e+02 1.329342961311340332e+00
1.105200000000000000e+04 5.843800000000000000e+04 4.000000000000000000e+01 1.449669957160949707e+00
1.091400000000000000e+04 5.825700000000000000e+04 6.560000000000000000e+02 1.387977957725524902e+00
1.988000000000000000e+03 5.346900000000000000e+04 2.320000000000000000e+02 1.342599987983703613e+00
1.050000000000000000e+03 5.272100000000000000e+04 4.340000000000000000e+02 1.401800036430358887e+00
1.363000000000000000e+03 5.305300000000000000e+04 3.980000000000000000e+02 1.405300021171569824e+00
1.429000000000000000e+03 5.299000000000000000e+04 1.050000000000000000e+02 1.449699997901916504e+00
7.294000000000000000e+03 5.673900000000000000e+04 4.760000000000000000e+02 1.304000020027160645e+00
7.588000000000000000e+03 5.690300000000000000e+04 7.760000000000000000e+02 1.470116615295410156e+00
1.046000000000000000e+04 5.816100000000000000e+04 6.560000000000000000e+02 1.473566055297851562e+00
6.668000000000000000e+03 5.660500000000000000e+04 6.660000000000000000e+02 1.343000054359436035e+00
4.977000000000000000e+03 5.604700000000000000e+04 2.030000000000000000e+02 1.483000040054321289e+00
1.783000000000000000e+03 5.338600000000000000e+04 2.670000000000000000e+02 1.418099999427795410e+00
7.640000000000000000e+03 5.731100000000000000e+04 8.840000000000000000e+02 1.362854003906250000e+00
3.978000000000000000e+03 5.533000000000000000e+04 8.700000000000000000e+02 1.476999998092651367e+00
9.178000000000000000e+03 5.808100000000000000e+04 5.520000000000000000e+02 1.310765027999877930e+00
1.028700000000000000e+04 5.810100000000000000e+04 7.950000000000000000e+02 1.493286967277526855e+00
7.621000000000000000e+03 5.698500000000000000e+04 7.140000000000000000e+02 1.496462941169738770e+00
6.969000000000000000e+03 5.642000000000000000e+04 1.500000000000000000e+02 1.454588055610656738e+00
1.174000000000000000e+03 5.278200000000000000e+04 4.600000000000000000e+01 1.328999996185302734e+00
7.425000000000000000e+03 5.677700000000000000e+04 4.760000000000000000e+02 1.434000015258789062e+00
7.286000000000000000e+03 5.709600000000000000e+04 2.760000000000000000e+02 1.401813030242919922e+00
6.445000000000000000e+03 5.636600000000000000e+04 4.600000000000000000e+01 1.449000000953674316e+00
1.045300000000000000e+04 5.813600000000000000e+04 6.800000000000000000e+01 1.469779968261718750e+00
1.128900000000000000e+04 5.839800000000000000e+04 1.600000000000000000e+02 1.384686946868896484e+00
1.072000000000000000e+04 5.825000000000000000e+04 7.080000000000000000e+02 1.453547954559326172e+00
8.508000000000000000e+03 5.784500000000000000e+04 8.700000000000000000e+02 1.308069944381713867e+00
9.167000000000000000e+03 5.806400000000000000e+04 5.220000000000000000e+02 1.437248945236206055e+00
7.893000000000000000e+03 5.728600000000000000e+04 5.080000000000000000e+02 1.401075005531311035e+00
7.605000000000000000e+03 5.694900000000000000e+04 6.800000000000000000e+01 1.469897747039794922e+00
1.455000000000000000e+03 5.308900000000000000e+04 6.400000000000000000e+02 1.432399988174438477e+00
6.670000000000000000e+03 5.638900000000000000e+04 4.750000000000000000e+02 1.332000017166137695e+00
8.276000000000000000e+03 5.706700000000000000e+04 6.530000000000000000e+02 1.326351046562194824e+00
8.522000000000000000e+03 5.819300000000000000e+04 2.100000000000000000e+02 1.394392013549804688e+00
8.295000000000000000e+03 5.740100000000000000e+04 7.510000000000000000e+02 1.454908013343811035e+00
7.695000000000000000e+03 5.765400000000000000e+04 3.210000000000000000e+02 1.336168050765991211e+00
8.533000000000000000e+03 5.801700000000000000e+04 2.810000000000000000e+02 1.368533968925476074e+00
7.704000000000000000e+03 5.757200000000000000e+04 2.460000000000000000e+02 1.321789979934692383e+00
1.461000000000000000e+03 5.306200000000000000e+04 7.400000000000000000e+01 1.407999992370605469e+00
1.134300000000000000e+04 5.843000000000000000e+04 4.270000000000000000e+02 1.327628970146179199e+00
7.418000000000000000e+03 5.716500000000000000e+04 8.650000000000000000e+02 1.426380991935729980e+00
1.991000000000000000e+03 5.344600000000000000e+04 4.220000000000000000e+02 1.455999970436096191e+00
8.501000000000000000e+03 5.751900000000000000e+04 6.240000000000000000e+02 1.385228037834167480e+00
3.650000000000000000e+03 5.524400000000000000e+04 7.060000000000000000e+02 1.304999947547912598e+00
1.105500000000000000e+04 5.842900000000000000e+04 2.390000000000000000e+02 1.432376980781555176e+00
7.666000000000000000e+03 5.733900000000000000e+04 6.310000000000000000e+02 1.447535037994384766e+00
1.090800000000000000e+04 5.839200000000000000e+04 7.370000000000000000e+02 1.386849999427795410e+00
7.915000000000000000e+03 5.730900000000000000e+04 5.930000000000000000e+02 1.418393015861511230e+00
1.445000000000000000e+03 5.306200000000000000e+04 5.100000000000000000e+02 1.470999956130981445e+00
5.116000000000000000e+03 5.585700000000000000e+04 8.360000000000000000e+02 1.458999991416931152e+00
1.066400000000000000e+04 5.846400000000000000e+04 8.930000000000000000e+02 1.364680051803588867e+00
1.020000000000000000e+03 5.272100000000000000e+04 4.370000000000000000e+02 1.444900035858154297e+00
1.028800000000000000e+04 5.813100000000000000e+04 9.650000000000000000e+02 1.414809942245483398e+00
8.748000000000000000e+03 5.839600000000000000e+04 4.380000000000000000e+02 1.314345002174377441e+00
4.351000000000000000e+03 5.553800000000000000e+04 9.020000000000000000e+02 1.345000028610229492e+00
8.861000000000000000e+03 5.745900000000000000e+04 8.000000000000000000e+00 1.457265019416809082e+00
1.339000000000000000e+03 5.276700000000000000e+04 2.360000000000000000e+02 1.343999981880187988e+00
7.628000000000000000e+03 5.697800000000000000e+04 9.300000000000000000e+02 1.370507955551147461e+00
1.066300000000000000e+04 5.816200000000000000e+04 5.810000000000000000e+02 1.338878035545349121e+00
8.751000000000000000e+03 5.768500000000000000e+04 1.580000000000000000e+02 1.499858021736145020e+00
7.627000000000000000e+03 5.693300000000000000e+04 3.910000000000000000e+02 1.305403947830200195e+00
8.748000000000000000e+03 5.839600000000000000e+04 4.640000000000000000e+02 1.435582995414733887e+00
7.894000000000000000e+03 5.733900000000000000e+04 2.000000000000000000e+02 1.366307258605957031e+00
2.034000000000000000e+03 5.346600000000000000e+04 1.610000000000000000e+02 1.333500027656555176e+00
8.376000000000000000e+03 5.778600000000000000e+04 4.180000000000000000e+02 1.313940048217773438e+00
8.293000000000000000e+03 5.736100000000000000e+04 2.100000000000000000e+02 1.312435030937194824e+00
1.132400000000000000e+04 5.839500000000000000e+04 3.060000000000000000e+02 1.334012985229492188e+00
1.441000000000000000e+03 5.308300000000000000e+04 2.410000000000000000e+02 1.317899942398071289e+00
1.130600000000000000e+04 5.845000000000000000e+04 6.820000000000000000e+02 1.448559999465942383e+00
1.128000000000000000e+04 5.843000000000000000e+04 4.280000000000000000e+02 1.300905942916870117e+00
8.370000000000000000e+03 5.773200000000000000e+04 9.590000000000000000e+02 1.423869967460632324e+00
8.745000000000000000e+03 5.739100000000000000e+04 8.600000000000000000e+02 1.484524011611938477e+00
8.829000000000000000e+03 5.744600000000000000e+04 2.400000000000000000e+02 1.480852961540222168e+00
7.913000000000000000e+03 5.733300000000000000e+04 6.090000000000000000e+02 1.394814968109130859e+00
7.637000000000000000e+03 5.693300000000000000e+04 8.660000000000000000e+02 1.301610946655273438e+00
1.868000000000000000e+03 5.331800000000000000e+04 2.610000000000000000e+02 1.391499996185302734e+00
7.641000000000000000e+03 5.730700000000000000e+04 4.320000000000000000e+02 1.421010971069335938e+00
7.687000000000000000e+03 5.700700000000000000e+04 8.670000000000000000e+02 1.347519040107727051e+00
9.337000000000000000e+03 5.772400000000000000e+04 6.320000000000000000e+02 1.455420017242431641e+00
7.713000000000000000e+03 5.809600000000000000e+04 7.220000000000000000e+02 1.403383970260620117e+00
9.354000000000000000e+03 5.780600000000000000e+04 4.280000000000000000e+02 1.477570056915283203e+00
7.841000000000000000e+03 5.696000000000000000e+04 2.800000000000000000e+02 1.373852968215942383e+00
3.114000000000000000e+03 5.477300000000000000e+04 6.230000000000000000e+02 1.330824017524719238e+00
8.754000000000000000e+03 5.842500000000000000e+04 7.820000000000000000e+02 1.432862997055053711e+00
1.107500000000000000e+04 5.845100000000000000e+04 3.780000000000000000e+02 1.337852954864501953e+00
1.104400000000000000e+04 5.850800000000000000e+04 6.680000000000000000e+02 1.475294947624206543e+00
7.879000000000000000e+03 5.735900000000000000e+04 4.830000000000000000e+02 1.322404980659484863e+00
7.759000000000000000e+03 5.840100000000000000e+04 3.520000000000000000e+02 1.431054949760437012e+00
1.132400000000000000e+04 5.839500000000000000e+04 1.340000000000000000e+02 1.309280037879943848e+00
1.107300000000000000e+04 5.845100000000000000e+04 6.860000000000000000e+02 1.455631017684936523e+00
