8.188000000000000000e+03 5.734800000000000000e+04 9.460000000000000000e+02 1.415410995483398438e+00
6.786000000000000000e+03 5.644800000000000000e+04 9.520000000000000000e+02 1.536999940872192383e+00
6.751000000000000000e+03 5.636800000000000000e+04 2.120000000000000000e+02 1.554999947547912598e+00
5.172000000000000000e+03 5.607100000000000000e+04 9.620000000000000000e+02 1.531999945640563965e+00
5.804000000000000000e+03 5.630400000000000000e+04 4.300000000000000000e+01 1.409999966621398926e+00
6.160000000000000000e+02 5.244200000000000000e+04 3.230000000000000000e+02 1.447999954223632812e+00
7.930000000000000000e+02 5.237000000000000000e+04 4.580000000000000000e+02 1.478000044822692871e+00
6.730000000000000000e+03 5.642500000000000000e+04 2.550000000000000000e+02 1.432999968528747559e+00
7.880000000000000000e+03 5.733600000000000000e+04 5.120000000000000000e+02 1.442798614501953125e+00
1.983000000000000000e+03 5.344200000000000000e+04 2.610000000000000000e+02 1.400200009346008301e+00
2.101000000000000000e+03 5.385800000000000000e+04 2.000000000000000000e+02 1.593000054359436035e+00
4.960000000000000000e+03 5.574700000000000000e+04 4.440000000000000000e+02 1.516000032424926758e+00
8.185000000000000000e+03 5.743100000000000000e+04 9.920000000000000000e+02 1.494410395622253418e+00
1.056000000000000000e+03 5.276400000000000000e+04 6.200000000000000000e+02 1.531999945640563965e+00
1.436000000000000000e+03 5.305400000000000000e+04 4.990000000000000000e+02 1.440000057220458984e+00
1.042000000000000000e+03 5.272500000000000000e+04 3.920000000000000000e+02 1.559000015258789062e+00
9.490000000000000000e+02 5.242700000000000000e+04 3.160000000000000000e+02 1.468000054359436035e+00
1.291000000000000000e+03 5.273800000000000000e+04 1.900000000000000000e+01 1.578999996185302734e+00
8.068000000000000000e+03 5.718500000000000000e+04 7.860000000000000000e+02 1.545228958129882812e+00
6.801000000000000000e+03 5.648700000000000000e+04 7.200000000000000000e+02 1.440000057220458984e+00
6.392000000000000000e+03 5.633100000000000000e+04 4.620000000000000000e+02 1.401999950408935547e+00
9.510000000000000000e+02 5.239800000000000000e+04 1.530000000000000000e+02 1.598999977111816406e+00
1.382000000000000000e+03 5.311500000000000000e+04 4.530000000000000000e+02 1.445000052452087402e+00
6.711000000000000000e+03 5.638800000000000000e+04 7.410000000000000000e+02 1.406999945640563965e+00
8.424000000000000000e+03 5.824800000000000000e+04 8.410000000000000000e+02 1.469313979148864746e+00
6.056000000000000000e+03 5.609200000000000000e+04 6.820000000000000000e+02 1.557000041007995605e+00
6.170000000000000000e+02 5.207200000000000000e+04 6.800000000000000000e+01 1.401299953460693359e+00
8.544000000000000000e+03 5.828100000000000000e+04 9.900000000000000000e+02 1.494182944297790527e+00
1.396000000000000000e+03 5.311200000000000000e+04 1.260000000000000000e+02 1.442000031471252441e+00
1.399000000000000000e+03 5.317200000000000000e+04 2.060000000000000000e+02 1.503000020980834961e+00
1.072200000000000000e+04 5.828100000000000000e+04 1.700000000000000000e+02 1.416527032852172852e+00
7.562000000000000000e+03 5.679900000000000000e+04 3.580000000000000000e+02 1.453127980232238770e+00
1.396000000000000000e+03 5.311200000000000000e+04 6.390000000000000000e+02 1.402999997138977051e+00
8.388000000000000000e+03 5.748800000000000000e+04 4.140000000000000000e+02 1.409878015518188477e+00
6.037000000000000000e+03 5.610400000000000000e+04 4.400000000000000000e+02 1.445000052452087402e+00
1.372000000000000000e+03 5.306200000000000000e+04 6.000000000000000000e+02 1.417999982833862305e+00
1.024900000000000000e+04 5.822900000000000000e+04 5.020000000000000000e+02 1.563138008117675781e+00
8.529000000000000000e+03 5.801300000000000000e+04 6.960000000000000000e+02 1.518219947814941406e+00
6.150000000000000000e+02 5.234700000000000000e+04 5.030000000000000000e+02 1.524999976158142090e+00
6.713000000000000000e+03 5.640200000000000000e+04 8.600000000000000000e+02 1.460999965667724609e+00
7.920000000000000000e+02 5.235300000000000000e+04 2.740000000000000000e+02 1.411999940872192383e+00
7.950000000000000000e+02 5.237800000000000000e+04 3.140000000000000000e+02 1.456599950790405273e+00
8.425000000000000000e+03 5.822600000000000000e+04 7.000000000000000000e+00 1.455651998519897461e+00
8.067000000000000000e+03 5.825300000000000000e+04 7.810000000000000000e+02 1.558807015419006348e+00
6.795000000000000000e+03 5.642500000000000000e+04 8.600000000000000000e+02 1.560999989509582520e+00
2.096000000000000000e+03 5.344600000000000000e+04 5.500000000000000000e+02 1.418099999427795410e+00
9.460000000000000000e+02 5.240700000000000000e+04 3.430000000000000000e+02 1.425999999046325684e+00
1.277000000000000000e+03 5.276500000000000000e+04 6.040000000000000000e+02 1.488700032234191895e+00
1.461000000000000000e+03 5.306200000000000000e+04 5.620000000000000000e+02 1.554000020027160645e+00
6.694000000000000000e+03 5.638600000000000000e+04 1.170000000000000000e+02 1.422999978065490723e+00
7.658000000000000000e+03 5.731200000000000000e+04 2.540000000000000000e+02 1.597450971603393555e+00
1.379000000000000000e+03 5.308400000000000000e+04 1.740000000000000000e+02 1.472000002861022949e+00
6.321000000000000000e+03 5.644900000000000000e+04 3.600000000000000000e+01 1.519999980926513672e+00
6.658000000000000000e+03 5.660600000000000000e+04 4.840000000000000000e+02 1.570999979972839355e+00
8.430000000000000000e+03 5.748800000000000000e+04 3.900000000000000000e+01 1.411226034164428711e+00
6.316000000000000000e+03 5.648300000000000000e+04 7.800000000000000000e+02 1.414999961853027344e+00
6.626000000000000000e+03 5.633000000000000000e+04 6.470000000000000000e+02 1.575999975204467773e+00
6.803000000000000000e+03 5.640200000000000000e+04 3.840000000000000000e+02 1.519000053405761719e+00
6.743000000000000000e+03 5.638500000000000000e+04 8.320000000000000000e+02 1.401000022888183594e+00
1.052000000000000000e+03 5.246600000000000000e+04 3.100000000000000000e+02 1.506000041961669922e+00
6.723000000000000000e+03 5.642800000000000000e+04 6.520000000000000000e+02 1.574000000953674316e+00
1.007000000000000000e+03 5.270600000000000000e+04 2.600000000000000000e+01 1.561200022697448730e+00
5.450000000000000000e+02 5.220200000000000000e+04 5.430000000000000000e+02 1.417999982833862305e+00
1.977000000000000000e+03 5.347500000000000000e+04 3.580000000000000000e+02 1.562000036239624023e+00
8.754000000000000000e+03 5.842500000000000000e+04 2.700000000000000000e+01 1.439360022544860840e+00
1.164900000000000000e+04 5.851400000000000000e+04 5.100000000000000000e+02 1.593749046325683594e+00
1.999000000000000000e+03 5.350300000000000000e+04 2.890000000000000000e+02 1.595399975776672363e+00
8.871000000000000000e+03 5.751900000000000000e+04 4.580000000000000000e+02 1.490030050277709961e+00
3.395000000000000000e+03 5.500400000000000000e+04 4.440000000000000000e+02 1.598000049591064453e+00
1.171000000000000000e+03 5.275300000000000000e+04 6.170000000000000000e+02 1.469499945640563965e+00
7.680000000000000000e+02 5.228100000000000000e+04 3.150000000000000000e+02 1.547700047492980957e+00
1.324000000000000000e+03 5.308800000000000000e+04 4.090000000000000000e+02 1.494199991226196289e+00
8.150000000000000000e+02 5.237400000000000000e+04 2.230000000000000000e+02 1.424999952316284180e+00
8.528000000000000000e+03 5.789600000000000000e+04 4.010000000000000000e+02 1.499130010604858398e+00
1.277000000000000000e+03 5.276500000000000000e+04 1.020000000000000000e+02 1.519999980926513672e+00
1.158000000000000000e+03 5.266800000000000000e+04 6.500000000000000000e+01 1.524999976158142090e+00
5.166000000000000000e+03 5.606500000000000000e+04 8.000000000000000000e+02 1.429999947547912598e+00
3.176000000000000000e+03 5.483200000000000000e+04 2.260000000000000000e+02 1.448984026908874512e+00
6.790000000000000000e+03 5.643000000000000000e+04 3.760000000000000000e+02 1.498999953269958496e+00
8.537000000000000000e+03 5.801400000000000000e+04 5.160000000000000000e+02 1.527529954910278320e+00
1.667000000000000000e+03 5.343000000000000000e+04 1.970000000000000000e+02 1.547999978065490723e+00
5.736000000000000000e+03 5.598400000000000000e+04 5.640000000000000000e+02 1.465000033378601074e+00
7.382000000000000000e+03 5.699100000000000000e+04 6.040000000000000000e+02 1.438302993774414062e+00
1.992000000000000000e+03 5.346600000000000000e+04 2.190000000000000000e+02 1.516999959945678711e+00
8.507000000000000000e+03 5.787800000000000000e+04 2.780000000000000000e+02 1.582856059074401855e+00
1.039000000000000000e+03 5.270700000000000000e+04 5.610000000000000000e+02 1.594243049621582031e+00
6.800000000000000000e+03 5.639900000000000000e+04 7.000000000000000000e+01 1.476999998092651367e+00
1.429000000000000000e+03 5.299000000000000000e+04 5.660000000000000000e+02 1.445000052452087402e+00
1.337000000000000000e+03 5.276700000000000000e+04 4.120000000000000000e+02 1.465999960899353027e+00
8.203000000000000000e+03 5.742800000000000000e+04 4.160000000000000000e+02 1.598018407821655273e+00
1.167000000000000000e+03 5.273800000000000000e+04 2.590000000000000000e+02 1.506100058555603027e+00
8.162000000000000000e+03 5.699300000000000000e+04 4.620000000000000000e+02 1.432806015014648438e+00
8.539000000000000000e+03 5.802100000000000000e+04 1.900000000000000000e+02 1.471865057945251465e+00
6.831000000000000000e+03 5.642600000000000000e+04 8.940000000000000000e+02 1.401999950408935547e+00
1.174000000000000000e+03 5.278200000000000000e+04 2.670000000000000000e+02 1.402999997138977051e+00
6.140000000000000000e+02 5.343700000000000000e+04 2.360000000000000000e+02 1.481999993324279785e+00
1.022900000000000000e+04 5.844100000000000000e+04 9.410000000000000000e+02 1.549818992614746094e+00
8.287000000000000000e+03 5.740100000000000000e+04 8.080000000000000000e+02 1.407240748405456543e+00
1.992000000000000000e+03 5.346600000000000000e+04 2.810000000000000000e+02 1.490100026130676270e+00
8.402000000000000000e+03 5.784300000000000000e+04 5.760000000000000000e+02 1.591490030288696289e+00
8.536000000000000000e+03 5.801500000000000000e+04 8.940000000000000000e+02 1.536180973052978516e+00
9.400000000000000000e+02 5.267000000000000000e+04 2.780000000000000000e+02 1.462100028991699219e+00
1.025100000000000000e+04 5.817300000000000000e+04 8.240000000000000000e+02 1.482934951782226562e+00
6.790000000000000000e+03 5.643000000000000000e+04 6.730000000000000000e+02 1.425999999046325684e+00
1.172000000000000000e+03 5.275900000000000000e+04 3.100000000000000000e+02 1.435400009155273438e+00
1.669000000000000000e+03 5.343300000000000000e+04 1.610000000000000000e+02 1.570000052452087402e+00
8.845000000000000000e+03 5.815900000000000000e+04 8.200000000000000000e+01 1.487295985221862793e+00
1.174000000000000000e+03 5.278200000000000000e+04 4.060000000000000000e+02 1.434000015258789062e+00
1.989000000000000000e+03 5.377200000000000000e+04 5.550000000000000000e+02 1.432600021362304688e+00
7.910000000000000000e+02 5.243500000000000000e+04 1.260000000000000000e+02 1.536499977111816406e+00
1.076300000000000000e+04 5.839500000000000000e+04 9.160000000000000000e+02 1.470170974731445312e+00
7.900000000000000000e+02 5.244100000000000000e+04 7.800000000000000000e+01 1.406599998474121094e+00
7.028000000000000000e+03 5.644900000000000000e+04 4.630000000000000000e+02 1.424000024795532227e+00
9.430000000000000000e+02 5.237600000000000000e+04 4.650000000000000000e+02 1.588600039482116699e+00
8.409000000000000000e+03 5.786700000000000000e+04 4.370000000000000000e+02 1.419669985771179199e+00
1.327000000000000000e+03 5.278100000000000000e+04 4.430000000000000000e+02 1.515900015830993652e+00
8.510000000000000000e+03 5.784600000000000000e+04 6.930000000000000000e+02 1.470620036125183105e+00
8.513000000000000000e+03 5.784200000000000000e+04 8.520000000000000000e+02 1.486904025077819824e+00
8.855000000000000000e+03 5.778000000000000000e+04 2.760000000000000000e+02 1.561579942703247070e+00
6.791000000000000000e+03 5.642900000000000000e+04 6.040000000000000000e+02 1.567999958992004395e+00
6.051000000000000000e+03 5.609300000000000000e+04 8.490000000000000000e+02 1.453999996185302734e+00
4.217000000000000000e+03 5.547800000000000000e+04 9.460000000000000000e+02 1.490000009536743164e+00
8.499000000000000000e+03 5.743100000000000000e+04 2.840000000000000000e+02 1.520161986351013184e+00
1.075100000000000000e+04 5.822000000000000000e+04 7.030000000000000000e+02 1.420330047607421875e+00
2.097000000000000000e+03 5.349100000000000000e+04 5.880000000000000000e+02 1.490300059318542480e+00
1.994000000000000000e+03 5.384500000000000000e+04 3.510000000000000000e+02 1.547199964523315430e+00
1.282000000000000000e+03 5.275900000000000000e+04 4.940000000000000000e+02 1.484899997711181641e+00
6.750000000000000000e+03 5.636700000000000000e+04 5.610000000000000000e+02 1.404000043869018555e+00
5.741000000000000000e+03 5.598000000000000000e+04 4.040000000000000000e+02 1.509999990463256836e+00
4.564000000000000000e+03 5.557000000000000000e+04 2.760000000000000000e+02 1.587481975555419922e+00
1.453000000000000000e+03 5.308400000000000000e+04 1.170000000000000000e+02 1.531399965286254883e+00
1.057000000000000000e+03 5.252200000000000000e+04 5.730000000000000000e+02 1.474599957466125488e+00
1.684000000000000000e+03 5.323900000000000000e+04 6.310000000000000000e+02 1.503000020980834961e+00
2.030000000000000000e+03 5.349900000000000000e+04 2.970000000000000000e+02 1.550300002098083496e+00
8.868000000000000000e+03 5.778100000000000000e+04 4.300000000000000000e+02 1.558030009269714355e+00
1.025800000000000000e+04 5.849200000000000000e+04 4.670000000000000000e+02 1.421111941337585449e+00
8.826000000000000000e+03 5.745200000000000000e+04 7.530000000000000000e+02 1.577006816864013672e+00
1.378000000000000000e+03 5.306100000000000000e+04 1.700000000000000000e+02 1.442000031471252441e+00
9.710000000000000000e+02 5.264400000000000000e+04 2.080000000000000000e+02 1.404000043869018555e+00
1.983000000000000000e+03 5.344200000000000000e+04 2.610000000000000000e+02 1.400200009346008301e+00
8.820000000000000000e+03 5.744900000000000000e+04 5.980000000000000000e+02 1.455276012420654297e+00
1.989000000000000000e+03 5.377200000000000000e+04 2.400000000000000000e+02 1.414199948310852051e+00
8.499000000000000000e+03 5.743100000000000000e+04 9.120000000000000000e+02 1.419332981109619141e+00
6.130000000000000000e+02 5.234500000000000000e+04 1.200000000000000000e+02 1.544000029563903809e+00
8.059000000000000000e+03 5.789500000000000000e+04 6.010000000000000000e+02 1.526559948921203613e+00
1.072800000000000000e+04 5.824800000000000000e+04 5.900000000000000000e+01 1.410709977149963379e+00
1.130700000000000000e+04 5.843000000000000000e+04 4.910000000000000000e+02 1.575659990310668945e+00
1.072200000000000000e+04 5.828100000000000000e+04 3.860000000000000000e+02 1.572029948234558105e+00
1.284000000000000000e+03 5.273600000000000000e+04 5.400000000000000000e+02 1.565000057220458984e+00
1.992000000000000000e+03 5.346600000000000000e+04 2.020000000000000000e+02 1.546700000762939453e+00
8.058000000000000000e+03 5.719600000000000000e+04 8.710000000000000000e+02 1.503978967666625977e+00
6.743000000000000000e+03 5.638500000000000000e+04 4.570000000000000000e+02 1.536000013351440430e+00
2.101000000000000000e+03 5.385800000000000000e+04 1.820000000000000000e+02 1.472499966621398926e+00
9.650000000000000000e+02 5.243800000000000000e+04 4.300000000000000000e+02 1.506800055503845215e+00
8.511000000000000000e+03 5.790100000000000000e+04 2.990000000000000000e+02 1.588400006294250488e+00
4.459000000000000000e+03 5.553300000000000000e+04 3.840000000000000000e+02 1.592000007629394531e+00
8.526000000000000000e+03 5.789800000000000000e+04 5.620000000000000000e+02 1.534180045127868652e+00
6.734000000000000000e+03 5.638600000000000000e+04 6.900000000000000000e+01 1.516999959945678711e+00
6.728000000000000000e+03 5.642600000000000000e+04 7.320000000000000000e+02 1.498999953269958496e+00
6.668000000000000000e+03 5.660500000000000000e+04 9.820000000000000000e+02 1.467000007629394531e+00
1.667000000000000000e+03 5.343000000000000000e+04 6.310000000000000000e+02 1.442399978637695312e+00
1.373000000000000000e+03 5.306300000000000000e+04 7.400000000000000000e+01 1.519999980926513672e+00
2.027000000000000000e+03 5.343300000000000000e+04 7.200000000000000000e+01 1.552199959754943848e+00
8.865000000000000000e+03 5.742600000000000000e+04 4.900000000000000000e+02 1.587124943733215332e+00
1.134500000000000000e+04 5.842800000000000000e+04 8.460000000000000000e+02 1.573310017585754395e+00
1.072100000000000000e+04 5.828800000000000000e+04 4.800000000000000000e+02 1.560639977455139160e+00
7.613000000000000000e+03 5.698800000000000000e+04 8.640000000000000000e+02 1.592517971992492676e+00
1.026700000000000000e+04 5.822300000000000000e+04 3.980000000000000000e+02 1.589552998542785645e+00
8.511000000000000000e+03 5.790100000000000000e+04 6.300000000000000000e+02 1.537379980087280273e+00
8.545000000000000000e+03 5.804100000000000000e+04 7.270000000000000000e+02 1.408017039299011230e+00
6.746000000000000000e+03 5.638600000000000000e+04 8.620000000000000000e+02 1.550999999046325684e+00
1.992000000000000000e+03 5.346600000000000000e+04 5.300000000000000000e+01 1.450000047683715820e+00
9.040000000000000000e+02 5.238100000000000000e+04 4.810000000000000000e+02 1.523000001907348633e+00
1.951000000000000000e+03 5.338900000000000000e+04 1.670000000000000000e+02 1.503000020980834961e+00
1.010000000000000000e+03 5.264900000000000000e+04 4.890000000000000000e+02 1.409999966621398926e+00
8.854000000000000000e+03 5.745000000000000000e+04 7.400000000000000000e+02 1.428940057754516602e+00
1.684000000000000000e+03 5.323900000000000000e+04 4.320000000000000000e+02 1.582000017166137695e+00
9.599000000000000000e+03 5.813100000000000000e+04 1.950000000000000000e+02 1.432999968528747559e+00
7.873000000000000000e+03 5.730700000000000000e+04 6.460000000000000000e+02 1.443369984626770020e+00
8.210000000000000000e+03 5.742600000000000000e+04 8.570000000000000000e+02 1.436202049255371094e+00
8.836000000000000000e+03 5.742400000000000000e+04 3.230000000000000000e+02 1.462532043457031250e+00
4.703000000000000000e+03 5.561700000000000000e+04 3.030000000000000000e+02 1.476999998092651367e+00
2.091000000000000000e+03 5.344700000000000000e+04 4.150000000000000000e+02 1.504299998283386230e+00
1.061000000000000000e+03 5.264100000000000000e+04 2.640000000000000000e+02 1.412299990653991699e+00
1.026100000000000000e+04 5.846200000000000000e+04 2.630000000000000000e+02 1.507889986038208008e+00
1.026300000000000000e+04 5.846400000000000000e+04 8.680000000000000000e+02 1.498383998870849609e+00
7.885000000000000000e+03 5.733600000000000000e+04 9.540000000000000000e+02 1.573616981506347656e+00
8.754000000000000000e+03 5.842500000000000000e+04 1.130000000000000000e+02 1.556393980979919434e+00
8.435000000000000000e+03 5.748700000000000000e+04 2.400000000000000000e+01 1.462893009185791016e+00
1.075100000000000000e+04 5.822000000000000000e+04 4.220000000000000000e+02 1.473129034042358398e+00
4.980000000000000000e+03 5.604800000000000000e+04 4.180000000000000000e+02 1.435302019119262695e+00
1.073800000000000000e+04 5.825100000000000000e+04 7.500000000000000000e+02 1.560472965240478516e+00
9.460000000000000000e+02 5.240700000000000000e+04 5.030000000000000000e+02 1.509199976921081543e+00
2.083000000000000000e+03 5.335900000000000000e+04 3.340000000000000000e+02 1.537600040435791016e+00
8.870000000000000000e+02 5.237600000000000000e+04 5.600000000000000000e+01 1.485900044441223145e+00
1.074600000000000000e+04 5.825700000000000000e+04 7.400000000000000000e+01 1.402279973030090332e+00
7.380000000000000000e+03 5.675300000000000000e+04 3.860000000000000000e+02 1.463999986648559570e+00
8.195000000000000000e+03 5.739100000000000000e+04 2.620000000000000000e+02 1.527426958084106445e+00
7.620000000000000000e+02 5.223200000000000000e+04 2.630000000000000000e+02 1.434999942779541016e+00
9.611000000000000000e+03 5.810700000000000000e+04 6.430000000000000000e+02 1.508000016212463379e+00
3.808000000000000000e+03 5.551300000000000000e+04 6.000000000000000000e+02 1.440999984741210938e+00
7.390000000000000000e+03 5.713000000000000000e+04 7.200000000000000000e+02 1.528352975845336914e+00
6.617000000000000000e+03 5.636500000000000000e+04 3.200000000000000000e+02 1.470000028610229492e+00
8.173000000000000000e+03 5.737500000000000000e+04 9.810000000000000000e+02 1.502797961235046387e+00
6.722000000000000000e+03 5.643100000000000000e+04 2.980000000000000000e+02 1.497369050979614258e+00
7.912000000000000000e+03 5.731000000000000000e+04 7.940000000000000000e+02 1.401805043220520020e+00
7.717000000000000000e+03 5.810000000000000000e+04 6.840000000000000000e+02 1.598847985267639160e+00
1.401000000000000000e+03 5.314400000000000000e+04 2.870000000000000000e+02 1.412999987602233887e+00
1.105200000000000000e+04 5.843800000000000000e+04 4.000000000000000000e+01 1.449669957160949707e+00
1.989000000000000000e+03 5.377200000000000000e+04 4.820000000000000000e+02 1.509500026702880859e+00
7.420000000000000000e+03 5.675300000000000000e+04 9.860000000000000000e+02 1.592939972877502441e+00
1.050000000000000000e+03 5.272100000000000000e+04 4.340000000000000000e+02 1.401800036430358887e+00
1.363000000000000000e+03 5.305300000000000000e+04 3.980000000000000000e+02 1.405300021171569824e+00
1.038000000000000000e+03 5.267300000000000000e+04 4.260000000000000000e+02 1.554999947547912598e+00
1.429000000000000000e+03 5.299000000000000000e+04 1.050000000000000000e+02 1.449699997901916504e+00
8.284000000000000000e+03 5.741900000000000000e+04 9.600000000000000000e+01 1.503239989280700684e+00
7.588000000000000000e+03 5.690300000000000000e+04 7.760000000000000000e+02 1.470116615295410156e+00
1.046000000000000000e+04 5.816100000000000000e+04 6.560000000000000000e+02 1.473566055297851562e+00
1.128500000000000000e+04 5.840200000000000000e+04 7.780000000000000000e+02 1.568562984466552734e+00
4.977000000000000000e+03 5.604700000000000000e+04 2.030000000000000000e+02 1.483000040054321289e+00
1.011000000000000000e+03 5.265200000000000000e+04 4.770000000000000000e+02 1.538100004196166992e+00
1.783000000000000000e+03 5.338600000000000000e+04 2.670000000000000000e+02 1.418099999427795410e+00
8.219000000000000000e+03 5.742900000000000000e+04 5.040000000000000000e+02 1.539528012275695801e+00
3.978000000000000000e+03 5.533000000000000000e+04 8.700000000000000000e+02 1.476999998092651367e+00
9.384000000000000000e+03 5.808000000000000000e+04 6.760000000000000000e+02 1.557739973068237305e+00
1.130800000000000000e+04 5.842600000000000000e+04 3.600000000000000000e+01 1.545634031295776367e+00
7.295000000000000000e+03 5.706700000000000000e+04 7.200000000000000000e+02 1.564370036125183105e+00
1.076000000000000000e+04 5.822400000000000000e+04 5.280000000000000000e+02 1.542600035667419434e+00
1.028700000000000000e+04 5.810100000000000000e+04 7.950000000000000000e+02 1.493286967277526855e+00
7.621000000000000000e+03 5.698500000000000000e+04 7.140000000000000000e+02 1.496462941169738770e+00
6.157000000000000000e+03 5.623800000000000000e+04 6.880000000000000000e+02 1.501999974250793457e+00
6.969000000000000000e+03 5.642000000000000000e+04 1.500000000000000000e+02 1.454588055610656738e+00
7.425000000000000000e+03 5.677700000000000000e+04 4.760000000000000000e+02 1.434000015258789062e+00
7.286000000000000000e+03 5.709600000000000000e+04 2.760000000000000000e+02 1.401813030242919922e+00
6.445000000000000000e+03 5.636600000000000000e+04 4.600000000000000000e+01 1.449000000953674316e+00
1.045300000000000000e+04 5.813600000000000000e+04 6.800000000000000000e+01 1.469779968261718750e+00
1.072000000000000000e+04 5.825000000000000000e+04 7.080000000000000000e+02 1.453547954559326172e+00
2.092000000000000000e+03 5.346000000000000000e+04 2.100000000000000000e+02 1.521800041198730469e+00
9.167000000000000000e+03 5.806400000000000000e+04 5.220000000000000000e+02 1.437248945236206055e+00
7.577000000000000000e+03 5.694400000000000000e+04 6.770000000000000000e+02 1.570182323455810547e+00
7.893000000000000000e+03 5.728600000000000000e+04 5.080000000000000000e+02 1.401075005531311035e+00
2.107000000000000000e+03 5.378600000000000000e+04 6.370000000000000000e+02 1.503200054168701172e+00
7.605000000000000000e+03 5.694900000000000000e+04 6.800000000000000000e+01 1.469897747039794922e+00
1.455000000000000000e+03 5.308900000000000000e+04 6.400000000000000000e+02 1.432399988174438477e+00
1.592000000000000000e+03 5.299000000000000000e+04 5.780000000000000000e+02 1.597300052642822266e+00
8.285000000000000000e+03 5.704800000000000000e+04 6.020000000000000000e+02 1.582124948501586914e+00
8.295000000000000000e+03 5.740100000000000000e+04 7.510000000000000000e+02 1.454908013343811035e+00
1.461000000000000000e+03 5.306200000000000000e+04 7.400000000000000000e+01 1.407999992370605469e+00
1.784000000000000000e+03 5.442500000000000000e+04 4.950000000000000000e+02 1.534000039100646973e+00
8.754000000000000000e+03 5.842500000000000000e+04 5.160000000000000000e+02 1.573919057846069336e+00
8.750000000000000000e+03 5.840100000000000000e+04 2.930000000000000000e+02 1.503566980361938477e+00
7.418000000000000000e+03 5.716500000000000000e+04 8.650000000000000000e+02 1.426380991935729980e+00
1.991000000000000000e+03 5.344600000000000000e+04 4.220000000000000000e+02 1.455999970436096191e+00
1.105500000000000000e+04 5.842900000000000000e+04 2.390000000000000000e+02 1.432376980781555176e+00
7.666000000000000000e+03 5.733900000000000000e+04 6.310000000000000000e+02 1.447535037994384766e+00
7.915000000000000000e+03 5.730900000000000000e+04 5.930000000000000000e+02 1.418393015861511230e+00
1.445000000000000000e+03 5.306200000000000000e+04 5.100000000000000000e+02 1.470999956130981445e+00
5.116000000000000000e+03 5.585700000000000000e+04 8.360000000000000000e+02 1.458999991416931152e+00
7.706000000000000000e+03 5.757500000000000000e+04 2.330000000000000000e+02 1.519000053405761719e+00
1.020000000000000000e+03 5.272100000000000000e+04 4.370000000000000000e+02 1.444900035858154297e+00
1.028800000000000000e+04 5.813100000000000000e+04 9.650000000000000000e+02 1.414809942245483398e+00
8.506000000000000000e+03 5.789300000000000000e+04 9.850000000000000000e+02 1.558840036392211914e+00
8.861000000000000000e+03 5.745900000000000000e+04 8.000000000000000000e+00 1.457265019416809082e+00
1.026400000000000000e+04 5.816200000000000000e+04 4.400000000000000000e+01 1.543490052223205566e+00
7.885000000000000000e+03 5.733600000000000000e+04 5.980000000000000000e+02 1.528576016426086426e+00
7.846000000000000000e+03 5.698400000000000000e+04 8.120000000000000000e+02 1.531654953956604004e+00
8.751000000000000000e+03 5.768500000000000000e+04 1.580000000000000000e+02 1.499858021736145020e+00
8.384000000000000000e+03 5.751300000000000000e+04 5.220000000000000000e+02 1.566689014434814453e+00
7.654000000000000000e+03 5.733000000000000000e+04 1.320000000000000000e+02 1.565502047538757324e+00
8.748000000000000000e+03 5.839600000000000000e+04 4.640000000000000000e+02 1.435582995414733887e+00
1.217000000000000000e+03 5.267200000000000000e+04 1.160000000000000000e+02 1.592300057411193848e+00
1.130600000000000000e+04 5.845000000000000000e+04 6.820000000000000000e+02 1.448559999465942383e+00
8.370000000000000000e+03 5.773200000000000000e+04 9.590000000000000000e+02 1.423869967460632324e+00
8.745000000000000000e+03 5.739100000000000000e+04 8.600000000000000000e+02 1.484524011611938477e+00
8.829000000000000000e+03 5.744600000000000000e+04 2.400000000000000000e+02 1.480852961540222168e+00
7.641000000000000000e+03 5.730700000000000000e+04 4.320000000000000000e+02 1.421010971069335938e+00
9.337000000000000000e+03 5.772400000000000000e+04 6.320000000000000000e+02 1.455420017242431641e+00
4.704000000000000000e+03 5.568100000000000000e+04 7.900000000000000000e+02 1.569000005722045898e+00
4.238000000000000000e+03 5.545500000000000000e+04 9.980000000000000000e+02 1.598999977111816406e+00
7.713000000000000000e+03 5.809600000000000000e+04 7.220000000000000000e+02 1.403383970260620117e+00
9.354000000000000000e+03 5.780600000000000000e+04 4.280000000000000000e+02 1.477570056915283203e+00
7.679000000000000000e+03 5.736700000000000000e+04 6.600000000000000000e+01 1.589214563369750977e+00
8.754000000000000000e+03 5.842500000000000000e+04 7.820000000000000000e+02 1.432862997055053711e+00
1.138600000000000000e+04 5.851400000000000000e+04 8.030000000000000000e+02 1.523954987525939941e+00
1.104400000000000000e+04 5.850800000000000000e+04 6.680000000000000000e+02 1.475294947624206543e+00
7.759000000000000000e+03 5.840100000000000000e+04 3.520000000000000000e+02 1.431054949760437012e+00
1.107300000000000000e+04 5.845100000000000000e+04 6.860000000000000000e+02 1.455631017684936523e+00
