4.709000000000000000e+03 5.572000000000000000e+04 4.980000000000000000e+02 1.714549958705902100e-01
4.562000000000000000e+03 5.557000000000000000e+04 7.760000000000000000e+02 2.804724872112274170e-01
2.972000000000000000e+03 5.458600000000000000e+04 2.040000000000000000e+02 7.971689850091934204e-02
1.075600000000000000e+04 5.822600000000000000e+04 7.760000000000000000e+02 1.632701009511947632e-01
1.464000000000000000e+03 5.309100000000000000e+04 1.020000000000000000e+02 2.414270043373107910e-01
8.740000000000000000e+02 5.233800000000000000e+04 4.370000000000000000e+02 1.424348950386047363e-01
9.510000000000000000e+02 5.239800000000000000e+04 2.210000000000000000e+02 2.055118978023529053e-01
1.591000000000000000e+03 5.297600000000000000e+04 1.250000000000000000e+02 2.720676958560943604e-01
6.311000000000000000e+03 5.644700000000000000e+04 3.880000000000000000e+02 2.011533975601196289e-01
7.841000000000000000e+03 5.696000000000000000e+04 7.500000000000000000e+01 1.978430300951004028e-01
4.456000000000000000e+03 5.553700000000000000e+04 5.320000000000000000e+02 2.480432987213134766e-01
6.754000000000000000e+03 5.641400000000000000e+04 6.380000000000000000e+02 2.824096977710723877e-01
7.718000000000000000e+03 5.736200000000000000e+04 4.660000000000000000e+02 7.168996334075927734e-02
7.562000000000000000e+03 5.679900000000000000e+04 8.190000000000000000e+02 2.651234865188598633e-01
3.960000000000000000e+02 5.181600000000000000e+04 5.340000000000000000e+02 2.536669075489044189e-01
1.140100000000000000e+04 5.849100000000000000e+04 7.670000000000000000e+02 3.140550851821899414e-01
6.786000000000000000e+03 5.644800000000000000e+04 6.620000000000000000e+02 2.692519128322601318e-01
9.148000000000000000e+03 5.803900000000000000e+04 4.130000000000000000e+02 9.013330191373825073e-02
8.399000000000000000e+03 5.784300000000000000e+04 6.060000000000000000e+02 1.389137953519821167e-01
3.840000000000000000e+02 5.182100000000000000e+04 6.330000000000000000e+02 2.771953046321868896e-01
6.295000000000000000e+03 5.653600000000000000e+04 5.380000000000000000e+02 3.038555085659027100e-01
2.015000000000000000e+03 5.381900000000000000e+04 5.030000000000000000e+02 3.337773084640502930e-01
1.377000000000000000e+03 5.305000000000000000e+04 4.910000000000000000e+02 2.567838132381439209e-01
1.025400000000000000e+04 5.851400000000000000e+04 2.260000000000000000e+02 1.797868013381958008e-01
1.337000000000000000e+03 5.276700000000000000e+04 5.500000000000000000e+01 3.509969115257263184e-01
7.879000000000000000e+03 5.735900000000000000e+04 7.060000000000000000e+02 1.909656524658203125e-01
7.570000000000000000e+02 5.223800000000000000e+04 9.100000000000000000e+01 2.872602939605712891e-01
4.716000000000000000e+03 5.573800000000000000e+04 6.500000000000000000e+02 3.799259960651397705e-01
7.748000000000000000e+03 5.839600000000000000e+04 1.380000000000000000e+02 8.136322349309921265e-02
8.402000000000000000e+03 5.784300000000000000e+04 9.100000000000000000e+02 1.328213959932327271e-01
5.144000000000000000e+03 5.582900000000000000e+04 7.780000000000000000e+02 2.305862009525299072e-01
8.846000000000000000e+03 5.742800000000000000e+04 9.570000000000000000e+02 2.222854942083358765e-01
4.704000000000000000e+03 5.568100000000000000e+04 6.540000000000000000e+02 2.783049941062927246e-01
6.724000000000000000e+03 5.641600000000000000e+04 3.640000000000000000e+02 1.913502067327499390e-01
6.719000000000000000e+03 5.639000000000000000e+04 6.580000000000000000e+02 2.675530016422271729e-01
6.025000000000000000e+03 5.609800000000000000e+04 4.920000000000000000e+02 2.886613905429840088e-01
8.168000000000000000e+03 5.699200000000000000e+04 7.260000000000000000e+02 1.676940023899078369e-01
5.648000000000000000e+03 5.592300000000000000e+04 5.140000000000000000e+02 1.750259995460510254e-01
7.099000000000000000e+03 5.666600000000000000e+04 6.400000000000000000e+01 3.220592141151428223e-01
1.110200000000000000e+04 5.842500000000000000e+04 5.100000000000000000e+02 9.548132866621017456e-02
1.426000000000000000e+03 5.299300000000000000e+04 3.930000000000000000e+02 4.402926862239837646e-01
1.353000000000000000e+03 5.308300000000000000e+04 3.750000000000000000e+02 1.645922064781188965e-01
1.870000000000000000e+03 5.338300000000000000e+04 4.410000000000000000e+02 1.041271984577178955e-01
1.025600000000000000e+04 5.819300000000000000e+04 9.050000000000000000e+02 2.580150067806243896e-01
7.698000000000000000e+03 5.801300000000000000e+04 9.490000000000000000e+02 1.524838507175445557e-01
1.668000000000000000e+03 5.343300000000000000e+04 9.600000000000000000e+01 2.728602886199951172e-01
7.610000000000000000e+02 5.452400000000000000e+04 1.130000000000000000e+02 2.259919047355651855e-01
1.669000000000000000e+03 5.343300000000000000e+04 1.020000000000000000e+02 2.708021104335784912e-01
4.440000000000000000e+03 5.553900000000000000e+04 7.550000000000000000e+02 2.103947997093200684e-01
1.675000000000000000e+03 5.346600000000000000e+04 5.990000000000000000e+02 2.567858994007110596e-01
8.388000000000000000e+03 5.748800000000000000e+04 3.080000000000000000e+02 2.020296007394790649e-01
2.098000000000000000e+03 5.346000000000000000e+04 3.040000000000000000e+02 2.218450009822845459e-01
9.142000000000000000e+03 5.766400000000000000e+04 6.110000000000000000e+02 1.217800006270408630e-01
1.643000000000000000e+03 5.314300000000000000e+04 4.350000000000000000e+02 2.110818028450012207e-01
4.349000000000000000e+03 5.580300000000000000e+04 5.440000000000000000e+02 2.436349987983703613e-01
6.300000000000000000e+02 5.205000000000000000e+04 6.390000000000000000e+02 1.560249030590057373e-01
6.300000000000000000e+02 5.205000000000000000e+04 6.370000000000000000e+02 1.502270996570587158e-01
1.338000000000000000e+03 5.276500000000000000e+04 3.660000000000000000e+02 1.991811990737915039e-01
4.390000000000000000e+02 5.187700000000000000e+04 3.290000000000000000e+02 1.390673071146011353e-01
2.006000000000000000e+03 5.347600000000000000e+04 1.790000000000000000e+02 1.862937062978744507e-01
1.938000000000000000e+03 5.337900000000000000e+04 1.580000000000000000e+02 3.040707111358642578e-01
1.395000000000000000e+03 5.282500000000000000e+04 5.730000000000000000e+02 2.136110961437225342e-01
8.400000000000000000e+03 5.783700000000000000e+04 6.820000000000000000e+02 4.504421055316925049e-01
7.633000000000000000e+03 5.693100000000000000e+04 5.030000000000000000e+02 2.746830880641937256e-01
1.366000000000000000e+03 5.306300000000000000e+04 2.910000000000000000e+02 3.676724135875701904e-01
1.128700000000000000e+04 5.842900000000000000e+04 3.130000000000000000e+02 2.955144941806793213e-01
7.904000000000000000e+03 5.735800000000000000e+04 7.600000000000000000e+02 3.171960413455963135e-01
8.498000000000000000e+03 5.710500000000000000e+04 8.640000000000000000e+02 3.368105888366699219e-01
8.870000000000000000e+02 5.237600000000000000e+04 1.600000000000000000e+02 2.773121893405914307e-01
6.461000000000000000e+03 5.632900000000000000e+04 7.080000000000000000e+02 2.889381945133209229e-01
1.377000000000000000e+03 5.305000000000000000e+04 4.910000000000000000e+02 2.567838132381439209e-01
1.460000000000000000e+03 5.313800000000000000e+04 5.730000000000000000e+02 1.978397071361541748e-01
6.311000000000000000e+03 5.644700000000000000e+04 1.460000000000000000e+02 2.509857118129730225e-01
6.694000000000000000e+03 5.638600000000000000e+04 9.430000000000000000e+02 4.699400961399078369e-01
2.101000000000000000e+03 5.385800000000000000e+04 3.240000000000000000e+02 3.049393892288208008e-01
1.352000000000000000e+03 5.281900000000000000e+04 1.670000000000000000e+02 3.324207961559295654e-01
9.720000000000000000e+02 5.243500000000000000e+04 2.760000000000000000e+02 2.546288073062896729e-01
1.676000000000000000e+03 5.314700000000000000e+04 3.680000000000000000e+02 3.809699118137359619e-01
1.214000000000000000e+03 5.273100000000000000e+04 3.560000000000000000e+02 2.495027929544448853e-01
7.856000000000000000e+03 5.726000000000000000e+04 4.960000000000000000e+02 8.053953945636749268e-02
1.336000000000000000e+03 5.275900000000000000e+04 2.300000000000000000e+02 1.857860982418060303e-01
7.604000000000000000e+03 5.694700000000000000e+04 9.190000000000000000e+02 1.605398952960968018e-01
8.846000000000000000e+03 5.742800000000000000e+04 3.200000000000000000e+01 2.986927330493927002e-01
4.559000000000000000e+03 5.559700000000000000e+04 1.240000000000000000e+02 4.476419091224670410e-01
9.480000000000000000e+02 5.242800000000000000e+04 5.410000000000000000e+02 1.155126988887786865e-01
7.540000000000000000e+02 5.223200000000000000e+04 3.300000000000000000e+01 2.722525894641876221e-01
7.920000000000000000e+02 5.235300000000000000e+04 3.210000000000000000e+02 4.024234116077423096e-01
1.314000000000000000e+03 5.305000000000000000e+04 3.850000000000000000e+02 1.060001030564308167e-01
7.818000000000000000e+03 5.698900000000000000e+04 2.420000000000000000e+02 1.721297018229961395e-02
8.827000000000000000e+03 5.744400000000000000e+04 6.200000000000000000e+02 4.060964286327362061e-01
1.977000000000000000e+03 5.347500000000000000e+04 2.150000000000000000e+02 4.225755035877227783e-01
7.723000000000000000e+03 5.843000000000000000e+04 1.700000000000000000e+02 1.155669987201690674e-01
1.066600000000000000e+04 5.844000000000000000e+04 1.880000000000000000e+02 8.474107831716537476e-02
1.446000000000000000e+03 5.308000000000000000e+04 3.350000000000000000e+02 2.830297052860260010e-01
8.389000000000000000e+03 5.748800000000000000e+04 7.760000000000000000e+02 2.209199070930480957e-01
3.970000000000000000e+02 5.179400000000000000e+04 1.310000000000000000e+02 1.793875992298126221e-01
9.070000000000000000e+02 5.237300000000000000e+04 1.970000000000000000e+02 4.676235020160675049e-01
3.820000000000000000e+02 5.181600000000000000e+04 1.100000000000000000e+01 2.835318148136138916e-01
1.676000000000000000e+03 5.314700000000000000e+04 2.840000000000000000e+02 2.865869998931884766e-01
8.055000000000000000e+03 5.718700000000000000e+04 1.330000000000000000e+02 1.525999307632446289e-01
1.014000000000000000e+03 5.270700000000000000e+04 1.850000000000000000e+02 3.473925888538360596e-01
7.853000000000000000e+03 5.698800000000000000e+04 7.750000000000000000e+02 3.389025032520294189e-01
2.093000000000000000e+03 5.381800000000000000e+04 2.860000000000000000e+02 2.400988936424255371e-01
7.725000000000000000e+03 5.815800000000000000e+04 5.570000000000000000e+02 3.327512145042419434e-01
1.279000000000000000e+03 5.273600000000000000e+04 5.720000000000000000e+02 1.217261031270027161e-01
6.033000000000000000e+03 5.606900000000000000e+04 7.360000000000000000e+02 2.298039942979812622e-01
4.490000000000000000e+02 5.190000000000000000e+04 4.170000000000000000e+02 2.593325078487396240e-01
7.287000000000000000e+03 5.704200000000000000e+04 4.640000000000000000e+02 3.418960869312286377e-01
4.401000000000000000e+03 5.551000000000000000e+04 3.440000000000000000e+02 2.522025108337402344e-01
1.025300000000000000e+04 5.848700000000000000e+04 8.070000000000000000e+02 2.421638071537017822e-01
8.376000000000000000e+03 5.778600000000000000e+04 8.400000000000000000e+02 2.363864034414291382e-01
1.160000000000000000e+03 5.267400000000000000e+04 4.570000000000000000e+02 1.610254943370819092e-01
7.915000000000000000e+03 5.730900000000000000e+04 7.080000000000000000e+02 1.916951984167098999e-01
7.100000000000000000e+03 5.663600000000000000e+04 3.980000000000000000e+02 1.818183958530426025e-01
1.214000000000000000e+03 5.273100000000000000e+04 6.190000000000000000e+02 2.450466006994247437e-01
6.160000000000000000e+02 5.244200000000000000e+04 1.580000000000000000e+02 2.851006984710693359e-01
2.342000000000000000e+03 5.374200000000000000e+04 3.670000000000000000e+02 1.158661991357803345e-01
6.315000000000000000e+03 5.618100000000000000e+04 5.400000000000000000e+01 3.740068078041076660e-01
2.095000000000000000e+03 5.347400000000000000e+04 4.420000000000000000e+02 2.153623998165130615e-01
8.190000000000000000e+03 5.744800000000000000e+04 2.770000000000000000e+02 2.074178010225296021e-01
5.107000000000000000e+03 5.594000000000000000e+04 1.960000000000000000e+02 2.307655066251754761e-01
1.394000000000000000e+03 5.310800000000000000e+04 3.560000000000000000e+02 3.063935041427612305e-01
1.292000000000000000e+03 5.273600000000000000e+04 3.460000000000000000e+02 4.681462943553924561e-01
1.345000000000000000e+03 5.281400000000000000e+04 2.570000000000000000e+02 4.178684055805206299e-01
1.073000000000000000e+04 5.824400000000000000e+04 4.580000000000000000e+02 1.790584027767181396e-01
9.355000000000000000e+03 5.781400000000000000e+04 9.200000000000000000e+02 8.330058306455612183e-02
7.764000000000000000e+03 5.804200000000000000e+04 3.560000000000000000e+02 3.853687047958374023e-01
6.796000000000000000e+03 5.645300000000000000e+04 9.150000000000000000e+02 4.951854944229125977e-01
1.736000000000000000e+03 5.305200000000000000e+04 4.670000000000000000e+02 1.352360993623733521e-01
6.786000000000000000e+03 5.644800000000000000e+04 8.690000000000000000e+02 2.711372077465057373e-01
8.062000000000000000e+03 5.825100000000000000e+04 8.800000000000000000e+01 2.808728814125061035e-01
6.210000000000000000e+02 5.205500000000000000e+04 2.000000000000000000e+02 2.194505035877227783e-01
6.120000000000000000e+02 5.207900000000000000e+04 3.150000000000000000e+02 1.480955928564071655e-01
4.303000000000000000e+03 5.550800000000000000e+04 3.440000000000000000e+02 3.796156048774719238e-01
8.235000000000000000e+03 5.819100000000000000e+04 9.300000000000000000e+02 1.494653970003128052e-01
9.060000000000000000e+02 5.236800000000000000e+04 3.540000000000000000e+02 3.238196074962615967e-01
7.818000000000000000e+03 5.698900000000000000e+04 8.490000000000000000e+02 3.790096938610076904e-01
5.951000000000000000e+03 5.610200000000000000e+04 6.700000000000000000e+02 2.532154023647308350e-01
9.550000000000000000e+02 5.240900000000000000e+04 1.670000000000000000e+02 6.086535006761550903e-02
1.355000000000000000e+03 5.282300000000000000e+04 3.960000000000000000e+02 3.351863026618957520e-01
1.320000000000000000e+03 5.275900000000000000e+04 1.160000000000000000e+02 2.974626123905181885e-01
1.025800000000000000e+04 5.849200000000000000e+04 8.900000000000000000e+02 2.853226959705352783e-01
1.354000000000000000e+03 5.281400000000000000e+04 4.610000000000000000e+02 2.553285062313079834e-01
4.551000000000000000e+03 5.556900000000000000e+04 1.350000000000000000e+02 4.854500889778137207e-01
4.702000000000000000e+03 5.561800000000000000e+04 7.920000000000000000e+02 4.073902070522308350e-01
4.459000000000000000e+03 5.553300000000000000e+04 1.800000000000000000e+01 2.323015928268432617e-01
1.971000000000000000e+03 5.347200000000000000e+04 1.000000000000000000e+00 3.068568110466003418e-01
8.545000000000000000e+03 5.804100000000000000e+04 5.250000000000000000e+02 3.719918131828308105e-01
6.230000000000000000e+02 5.205100000000000000e+04 2.950000000000000000e+02 3.928528130054473877e-01
1.344000000000000000e+03 5.279200000000000000e+04 5.250000000000000000e+02 2.518377900123596191e-01
4.416000000000000000e+03 5.582800000000000000e+04 6.000000000000000000e+02 2.634662091732025146e-01
1.345000000000000000e+03 5.281400000000000000e+04 2.910000000000000000e+02 3.591229915618896484e-01
1.464000000000000000e+03 5.309100000000000000e+04 6.220000000000000000e+02 2.510538995265960693e-01
4.540000000000000000e+03 5.586300000000000000e+04 3.400000000000000000e+01 2.494134008884429932e-01
2.028000000000000000e+03 5.381800000000000000e+04 5.300000000000000000e+02 2.515859007835388184e-01
1.042000000000000000e+03 5.272500000000000000e+04 4.700000000000000000e+01 3.298231959342956543e-01
1.460000000000000000e+03 5.313800000000000000e+04 2.790000000000000000e+02 3.780053853988647461e-01
1.590000000000000000e+03 5.297400000000000000e+04 2.990000000000000000e+02 2.815181016921997070e-01
1.995000000000000000e+03 5.341500000000000000e+04 1.220000000000000000e+02 3.395467996597290039e-01
6.813000000000000000e+03 5.641900000000000000e+04 3.800000000000000000e+02 4.073243141174316406e-01
1.319000000000000000e+03 5.279100000000000000e+04 5.390000000000000000e+02 1.928835958242416382e-01
6.281000000000000000e+03 5.629500000000000000e+04 7.140000000000000000e+02 3.645894527435302734e-01
5.510000000000000000e+02 5.199300000000000000e+04 5.250000000000000000e+02 2.014368027448654175e-01
4.983000000000000000e+03 5.583600000000000000e+04 9.580000000000000000e+02 1.274089962244033813e-01
4.974000000000000000e+03 5.603800000000000000e+04 8.600000000000000000e+02 3.323023021221160889e-01
8.174000000000000000e+03 5.737400000000000000e+04 2.070000000000000000e+02 1.395909339189529419e-01
7.746000000000000000e+03 5.807400000000000000e+04 2.130000000000000000e+02 3.293957114219665527e-01
3.930000000000000000e+02 5.179400000000000000e+04 9.500000000000000000e+01 1.099779978394508362e-01
1.351000000000000000e+03 5.279000000000000000e+04 5.230000000000000000e+02 3.433013856410980225e-01
7.910000000000000000e+02 5.243500000000000000e+04 6.330000000000000000e+02 4.825505912303924561e-01
1.329000000000000000e+03 5.276700000000000000e+04 2.500000000000000000e+02 2.023081034421920776e-01
8.505000000000000000e+03 5.783400000000000000e+04 9.570000000000000000e+02 9.050069004297256470e-02
7.415000000000000000e+03 5.709700000000000000e+04 3.560000000000000000e+02 3.756881058216094971e-01
1.072000000000000000e+04 5.825000000000000000e+04 7.760000000000000000e+02 4.100469946861267090e-01
1.269000000000000000e+03 5.293700000000000000e+04 6.600000000000000000e+01 3.932138085365295410e-01
7.662000000000000000e+03 5.735800000000000000e+04 3.440000000000000000e+02 3.699879944324493408e-01
7.767000000000000000e+03 5.804900000000000000e+04 7.880000000000000000e+02 3.178589940071105957e-01
5.955000000000000000e+03 5.645600000000000000e+04 5.690000000000000000e+02 2.530434131622314453e-01
8.858000000000000000e+03 5.745000000000000000e+04 2.700000000000000000e+02 2.962595224380493164e-01
1.028900000000000000e+04 5.813300000000000000e+04 7.550000000000000000e+02 3.749389946460723877e-01
1.644000000000000000e+03 5.314400000000000000e+04 3.510000000000000000e+02 1.720198988914489746e-01
1.457000000000000000e+03 5.311600000000000000e+04 6.270000000000000000e+02 2.582384943962097168e-01
6.193000000000000000e+03 5.623700000000000000e+04 2.720000000000000000e+02 1.446513980627059937e-01
9.570000000000000000e+02 5.239800000000000000e+04 5.470000000000000000e+02 3.455932140350341797e-01
6.751000000000000000e+03 5.636800000000000000e+04 1.290000000000000000e+02 4.391958117485046387e-01
1.129500000000000000e+04 5.845600000000000000e+04 3.640000000000000000e+02 3.077375888824462891e-01
6.638000000000000000e+03 5.637000000000000000e+04 6.690000000000000000e+02 4.924944937229156494e-01
6.291000000000000000e+03 5.620900000000000000e+04 6.200000000000000000e+01 2.587671875953674316e-01
1.091700000000000000e+04 5.825200000000000000e+04 1.800000000000000000e+02 1.592026948928833008e-01
8.398000000000000000e+03 5.787000000000000000e+04 6.120000000000000000e+02 1.091020032763481140e-01
6.166000000000000000e+03 5.618100000000000000e+04 2.150000000000000000e+02 2.842319905757904053e-01
5.739000000000000000e+03 5.597600000000000000e+04 8.500000000000000000e+02 2.459792047739028931e-01
1.348000000000000000e+03 5.308400000000000000e+04 1.450000000000000000e+02 2.759042084217071533e-01
4.288000000000000000e+03 5.550100000000000000e+04 3.360000000000000000e+02 3.881697952747344971e-01
7.618000000000000000e+03 5.689800000000000000e+04 4.910000000000000000e+02 1.539984047412872314e-01
8.202000000000000000e+03 5.815800000000000000e+04 5.500000000000000000e+02 3.012323975563049316e-01
2.024000000000000000e+03 5.350300000000000000e+04 3.690000000000000000e+02 2.846542000770568848e-01
9.357000000000000000e+03 5.780700000000000000e+04 2.380000000000000000e+02 2.190081030130386353e-01
9.161000000000000000e+03 5.769100000000000000e+04 2.340000000000000000e+02 1.370023041963577271e-01
7.756000000000000000e+03 5.839200000000000000e+04 7.260000000000000000e+02 4.229520857334136963e-01
8.226000000000000000e+03 5.742300000000000000e+04 3.130000000000000000e+02 2.698805034160614014e-01
6.300000000000000000e+02 5.205000000000000000e+04 5.300000000000000000e+02 3.383846879005432129e-01
7.433000000000000000e+03 5.716600000000000000e+04 9.260000000000000000e+02 2.783778905868530273e-01
6.054000000000000000e+03 5.608900000000000000e+04 2.500000000000000000e+02 3.425424098968505859e-01
6.200000000000000000e+03 5.621700000000000000e+04 3.200000000000000000e+01 2.751367092132568359e-01
6.260000000000000000e+03 5.656800000000000000e+04 8.740000000000000000e+02 2.389882057905197144e-01
4.301000000000000000e+03 5.581000000000000000e+04 2.240000000000000000e+02 3.653225004673004150e-01
6.634000000000000000e+03 5.636700000000000000e+04 1.100000000000000000e+02 2.381753027439117432e-01
1.382000000000000000e+03 5.311500000000000000e+04 5.030000000000000000e+02 2.604067921638488770e-01
1.074800000000000000e+04 5.822400000000000000e+04 9.700000000000000000e+02 1.929972022771835327e-01
3.855000000000000000e+03 5.526800000000000000e+04 9.430000000000000000e+02 3.262835144996643066e-01
1.382000000000000000e+03 5.311500000000000000e+04 4.620000000000000000e+02 2.596836090087890625e-01
7.650000000000000000e+03 5.757500000000000000e+04 4.220000000000000000e+02 2.354813963174819946e-01
8.910000000000000000e+02 5.258400000000000000e+04 3.370000000000000000e+02 1.574161946773529053e-01
1.263000000000000000e+03 5.270800000000000000e+04 4.370000000000000000e+02 2.630884945392608643e-01
1.272000000000000000e+03 5.298900000000000000e+04 2.110000000000000000e+02 3.534575104713439941e-01
9.430000000000000000e+02 5.237600000000000000e+04 5.920000000000000000e+02 1.593226045370101929e-01
6.670000000000000000e+03 5.638900000000000000e+04 5.240000000000000000e+02 2.607159912586212158e-01
1.677000000000000000e+03 5.314800000000000000e+04 5.430000000000000000e+02 1.350909024477005005e-01
3.586000000000000000e+03 5.518100000000000000e+04 7.910000000000000000e+02 3.899427056312561035e-01
5.180000000000000000e+03 5.594700000000000000e+04 2.200000000000000000e+02 2.523787915706634521e-01
4.302000000000000000e+03 5.553100000000000000e+04 8.770000000000000000e+02 4.696384072303771973e-01
1.131200000000000000e+04 5.843300000000000000e+04 9.600000000000000000e+01 1.847926974296569824e-01
8.064000000000000000e+03 5.825500000000000000e+04 2.070000000000000000e+02 1.324364989995956421e-01
6.468000000000000000e+03 5.631100000000000000e+04 7.660000000000000000e+02 4.185064136981964111e-01
1.042000000000000000e+03 5.272500000000000000e+04 4.140000000000000000e+02 1.644560992717742920e-01
1.735000000000000000e+03 5.303500000000000000e+04 5.830000000000000000e+02 3.955723941326141357e-01
7.318000000000000000e+03 5.699000000000000000e+04 6.840000000000000000e+02 1.337078064680099487e-01
6.874000000000000000e+03 5.655000000000000000e+04 9.400000000000000000e+02 1.575947999954223633e-01
1.421000000000000000e+03 5.314900000000000000e+04 5.750000000000000000e+02 2.598975896835327148e-01
4.562000000000000000e+03 5.557000000000000000e+04 8.260000000000000000e+02 4.370935857295989990e-01
1.024200000000000000e+04 5.816100000000000000e+04 9.170000000000000000e+02 2.354789972305297852e-01
4.975000000000000000e+03 5.603700000000000000e+04 7.920000000000000000e+02 3.409495949745178223e-01
7.394000000000000000e+03 5.713100000000000000e+04 2.360000000000000000e+02 1.127789989113807678e-01
1.130400000000000000e+04 5.844800000000000000e+04 5.360000000000000000e+02 1.588356941938400269e-01
1.427000000000000000e+03 5.299600000000000000e+04 5.270000000000000000e+02 1.547829955816268921e-01
1.049000000000000000e+03 5.275100000000000000e+04 1.060000000000000000e+02 2.654406130313873291e-01
2.000000000000000000e+03 5.349500000000000000e+04 4.850000000000000000e+02 1.911702007055282593e-01
5.793000000000000000e+03 5.633700000000000000e+04 5.100000000000000000e+02 3.598110079765319824e-01
6.266000000000000000e+03 5.622300000000000000e+04 6.540000000000000000e+02 2.602233886718750000e-01
8.517000000000000000e+03 5.789900000000000000e+04 4.080000000000000000e+02 2.819469869136810303e-01
6.289000000000000000e+03 5.655900000000000000e+04 2.060000000000000000e+02 1.125895008444786072e-01
7.898000000000000000e+03 5.736300000000000000e+04 8.200000000000000000e+02 2.401246726512908936e-01
1.309000000000000000e+03 5.276200000000000000e+04 2.890000000000000000e+02 4.426108896732330322e-01
1.400000000000000000e+03 5.347000000000000000e+04 1.530000000000000000e+02 1.960638016462326050e-01
1.340000000000000000e+03 5.278100000000000000e+04 3.730000000000000000e+02 3.659288883209228516e-01
4.078000000000000000e+03 5.535800000000000000e+04 8.040000000000000000e+02 2.158976048231124878e-01
4.250000000000000000e+02 5.189800000000000000e+04 2.510000000000000000e+02 3.339225947856903076e-01
7.668000000000000000e+03 5.757900000000000000e+04 8.520000000000000000e+02 2.864953875541687012e-01
7.960000000000000000e+02 5.240100000000000000e+04 2.660000000000000000e+02 2.987842857837677002e-01
1.969000000000000000e+03 5.338300000000000000e+04 3.010000000000000000e+02 2.726665139198303223e-01
1.358000000000000000e+03 5.299400000000000000e+04 1.320000000000000000e+02 1.353178024291992188e-01
6.165000000000000000e+03 5.620800000000000000e+04 4.340000000000000000e+02 3.625654876232147217e-01
7.629000000000000000e+03 5.698800000000000000e+04 6.080000000000000000e+02 1.766639947891235352e-01
7.285000000000000000e+03 5.699100000000000000e+04 7.700000000000000000e+01 1.280281990766525269e-01
4.298000000000000000e+03 5.551100000000000000e+04 4.760000000000000000e+02 3.667176961898803711e-01
7.550000000000000000e+02 5.223500000000000000e+04 4.270000000000000000e+02 2.196741998195648193e-01
6.299000000000000000e+03 5.647800000000000000e+04 8.010000000000000000e+02 3.209725916385650635e-01
1.985000000000000000e+03 5.343100000000000000e+04 4.410000000000000000e+02 1.553280949592590332e-01
7.868000000000000000e+03 5.700600000000000000e+04 6.340000000000000000e+02 1.947952061891555786e-01
2.001000000000000000e+03 5.349300000000000000e+04 5.050000000000000000e+02 3.673543035984039307e-01
7.667000000000000000e+03 5.758000000000000000e+04 6.840000000000000000e+02 1.739311069250106812e-01
7.379000000000000000e+03 5.671300000000000000e+04 3.730000000000000000e+02 1.533146053552627563e-01
7.643000000000000000e+03 5.730200000000000000e+04 6.850000000000000000e+02 2.768459022045135498e-01
7.702000000000000000e+03 5.801700000000000000e+04 7.700000000000000000e+02 4.030880033969879150e-01
1.201000000000000000e+03 5.267400000000000000e+04 4.380000000000000000e+02 3.633066117763519287e-01
3.970000000000000000e+02 5.179400000000000000e+04 3.220000000000000000e+02 2.642697989940643311e-01
4.708000000000000000e+03 5.570400000000000000e+04 4.800000000000000000e+01 3.006500005722045898e-01
1.065900000000000000e+04 5.816100000000000000e+04 1.370000000000000000e+02 8.626568317413330078e-02
9.300000000000000000e+02 5.261800000000000000e+04 1.540000000000000000e+02 2.705199122428894043e-01
2.113000000000000000e+03 5.346800000000000000e+04 1.730000000000000000e+02 4.023176133632659912e-01
4.342000000000000000e+03 5.553100000000000000e+04 8.460000000000000000e+02 2.416778951883316040e-01
1.461000000000000000e+03 5.306200000000000000e+04 3.550000000000000000e+02 4.544922113418579102e-01
1.029000000000000000e+04 5.809900000000000000e+04 3.590000000000000000e+02 3.134590089321136475e-01
5.500000000000000000e+02 5.195900000000000000e+04 1.530000000000000000e+02 3.817155957221984863e-01
6.252000000000000000e+03 5.624800000000000000e+04 5.630000000000000000e+02 2.305292040109634399e-01
1.975000000000000000e+03 5.373400000000000000e+04 5.990000000000000000e+02 4.209103882312774658e-01
4.297000000000000000e+03 5.580600000000000000e+04 3.400000000000000000e+01 1.956616044044494629e-01
7.579000000000000000e+03 5.695400000000000000e+04 4.200000000000000000e+01 2.775864899158477783e-01
4.539000000000000000e+03 5.586500000000000000e+04 7.680000000000000000e+02 2.662920951843261719e-01
6.516000000000000000e+03 5.657100000000000000e+04 3.360000000000000000e+02 1.738796979188919067e-01
9.162000000000000000e+03 5.804000000000000000e+04 7.980000000000000000e+02 3.890899121761322021e-01
2.351000000000000000e+03 5.378600000000000000e+04 5.970000000000000000e+02 3.163442015647888184e-01
1.353000000000000000e+03 5.308300000000000000e+04 6.160000000000000000e+02 2.502023875713348389e-01
2.031000000000000000e+03 5.384800000000000000e+04 3.110000000000000000e+02 4.229325056076049805e-01
8.172000000000000000e+03 5.742300000000000000e+04 1.880000000000000000e+02 2.180041968822479248e-01
2.106000000000000000e+03 5.371400000000000000e+04 8.900000000000000000e+01 4.379029870033264160e-01
1.215000000000000000e+03 5.272500000000000000e+04 9.000000000000000000e+01 2.890653014183044434e-01
5.520000000000000000e+02 5.199200000000000000e+04 6.350000000000000000e+02 1.899815052747726440e-01
8.756000000000000000e+03 5.768700000000000000e+04 3.200000000000000000e+01 3.958809971809387207e-01
8.743000000000000000e+03 5.766300000000000000e+04 6.360000000000000000e+02 9.562429785728454590e-02
1.935000000000000000e+03 5.338700000000000000e+04 2.300000000000000000e+02 3.040975928306579590e-01
4.273000000000000000e+03 5.550600000000000000e+04 1.730000000000000000e+02 2.156286984682083130e-01
1.939000000000000000e+03 5.338900000000000000e+04 4.900000000000000000e+01 2.958624064922332764e-01
7.326000000000000000e+03 5.671000000000000000e+04 5.860000000000000000e+02 1.811088025569915771e-01
7.700000000000000000e+03 5.801600000000000000e+04 5.880000000000000000e+02 1.175715029239654541e-01
9.352000000000000000e+03 5.780500000000000000e+04 6.000000000000000000e+02 1.391375958919525146e-01
4.390000000000000000e+02 5.187700000000000000e+04 3.590000000000000000e+02 1.573989987373352051e-01
2.012000000000000000e+03 5.349300000000000000e+04 3.190000000000000000e+02 3.169156014919281006e-01
9.650000000000000000e+02 5.243800000000000000e+04 3.620000000000000000e+02 3.114883899688720703e-01
1.050000000000000000e+03 5.272100000000000000e+04 4.050000000000000000e+02 4.514890909194946289e-01
8.761000000000000000e+03 5.843000000000000000e+04 3.830000000000000000e+02 4.809540510177612305e-01
7.706000000000000000e+03 5.757500000000000000e+04 7.000000000000000000e+00 1.225780025124549866e-01
1.953000000000000000e+03 5.335800000000000000e+04 5.780000000000000000e+02 2.474775016307830811e-01
1.341000000000000000e+03 5.278600000000000000e+04 2.490000000000000000e+02 2.848230898380279541e-01
7.127000000000000000e+03 5.656600000000000000e+04 8.510000000000000000e+02 4.754432141780853271e-01
1.371000000000000000e+03 5.282100000000000000e+04 3.850000000000000000e+02 2.317176014184951782e-01
7.881000000000000000e+03 5.728200000000000000e+04 5.280000000000000000e+02 1.414349973201751709e-01
1.075000000000000000e+04 5.819900000000000000e+04 3.300000000000000000e+01 3.642936944961547852e-01
7.399000000000000000e+03 5.716200000000000000e+04 6.050000000000000000e+02 2.221114933490753174e-01
2.091000000000000000e+03 5.344700000000000000e+04 3.250000000000000000e+02 3.756375014781951904e-01
8.520000000000000000e+03 5.819100000000000000e+04 6.610000000000000000e+02 2.422149926424026489e-01
4.290000000000000000e+02 5.182000000000000000e+04 2.860000000000000000e+02 1.986031979322433472e-01
1.129400000000000000e+04 5.845100000000000000e+04 2.940000000000000000e+02 1.201751977205276489e-01
4.648000000000000000e+03 5.567300000000000000e+04 6.490000000000000000e+02 4.975807964801788330e-01
5.450000000000000000e+02 5.220200000000000000e+04 6.230000000000000000e+02 3.714618086814880371e-01
7.433000000000000000e+03 5.716600000000000000e+04 1.700000000000000000e+01 3.397612869739532471e-01
5.430000000000000000e+02 5.201700000000000000e+04 3.750000000000000000e+02 7.636108994483947754e-02
2.090000000000000000e+03 5.346300000000000000e+04 1.620000000000000000e+02 3.224175870418548584e-01
7.038000000000000000e+03 5.657100000000000000e+04 7.210000000000000000e+02 4.950653910636901855e-01
3.850000000000000000e+02 5.178300000000000000e+04 3.400000000000000000e+01 2.643376886844635010e-01
6.513000000000000000e+03 5.654300000000000000e+04 9.540000000000000000e+02 3.854567110538482666e-01
4.289000000000000000e+03 5.585600000000000000e+04 6.870000000000000000e+02 1.783864051103591919e-01
4.417000000000000000e+03 5.582900000000000000e+04 4.730000000000000000e+02 4.667753875255584717e-01
7.912000000000000000e+03 5.731000000000000000e+04 2.100000000000000000e+02 3.875047862529754639e-01
6.123000000000000000e+03 5.621700000000000000e+04 6.800000000000000000e+01 2.975400984287261963e-01
7.609000000000000000e+03 5.695900000000000000e+04 1.400000000000000000e+01 2.863005399703979492e-01
1.065700000000000000e+04 5.815700000000000000e+04 7.120000000000000000e+02 1.681690067052841187e-01
4.030000000000000000e+02 5.187100000000000000e+04 4.180000000000000000e+02 2.175536006689071655e-01
8.738000000000000000e+03 5.740200000000000000e+04 1.740000000000000000e+02 4.205648303031921387e-01
1.273000000000000000e+03 5.299300000000000000e+04 1.230000000000000000e+02 3.429198861122131348e-01
5.961000000000000000e+03 5.646000000000000000e+04 3.170000000000000000e+02 1.997337043285369873e-01
1.201000000000000000e+03 5.267400000000000000e+04 3.970000000000000000e+02 2.661451101303100586e-01
3.900000000000000000e+02 5.190000000000000000e+04 1.890000000000000000e+02 1.674675047397613525e-01
6.595000000000000000e+03 5.656900000000000000e+04 9.920000000000000000e+02 1.569256931543350220e-01
1.361000000000000000e+03 5.304700000000000000e+04 3.800000000000000000e+02 1.662802994251251221e-01
1.449000000000000000e+03 5.311600000000000000e+04 3.900000000000000000e+02 2.695099115371704102e-01
6.257000000000000000e+03 5.627400000000000000e+04 8.050000000000000000e+02 4.613296985626220703e-01
9.144000000000000000e+03 5.766600000000000000e+04 7.610000000000000000e+02 2.267286926507949829e-01
1.935000000000000000e+03 5.338700000000000000e+04 3.870000000000000000e+02 4.897089898586273193e-01
2.956000000000000000e+03 5.452500000000000000e+04 6.200000000000000000e+02 3.900381922721862793e-01
7.724000000000000000e+03 5.843400000000000000e+04 5.800000000000000000e+02 1.209148988127708435e-01
7.126000000000000000e+03 5.656800000000000000e+04 3.400000000000000000e+01 2.987261116504669189e-01
6.166000000000000000e+03 5.618100000000000000e+04 6.300000000000000000e+01 2.945145070552825928e-01
4.387000000000000000e+03 5.553400000000000000e+04 7.820000000000000000e+02 1.406762003898620605e-01
3.790000000000000000e+02 5.178900000000000000e+04 7.400000000000000000e+01 1.102717965841293335e-01
1.447000000000000000e+03 5.312000000000000000e+04 4.590000000000000000e+02 3.878368139266967773e-01
1.400000000000000000e+03 5.347000000000000000e+04 5.720000000000000000e+02 3.331044018268585205e-01
3.850000000000000000e+02 5.178300000000000000e+04 5.480000000000000000e+02 2.722971141338348389e-01
1.132400000000000000e+04 5.839500000000000000e+04 8.070000000000000000e+02 2.330181002616882324e-01
3.830000000000000000e+02 5.181800000000000000e+04 6.000000000000000000e+00 3.007163107395172119e-01
4.310000000000000000e+02 5.187700000000000000e+04 1.900000000000000000e+02 2.034374028444290161e-01
3.900000000000000000e+02 5.190000000000000000e+04 5.010000000000000000e+02 1.585032045841217041e-01
5.124000000000000000e+03 5.589400000000000000e+04 6.050000000000000000e+02 3.582192063331604004e-01
7.722000000000000000e+03 5.842500000000000000e+04 8.370000000000000000e+02 1.119100004434585571e-01
1.206000000000000000e+03 5.267000000000000000e+04 4.750000000000000000e+02 2.363169044256210327e-01
6.880000000000000000e+03 5.654300000000000000e+04 4.100000000000000000e+01 3.802615106105804443e-01
1.130300000000000000e+04 5.842800000000000000e+04 7.700000000000000000e+02 3.140990138053894043e-01
4.548000000000000000e+03 5.556500000000000000e+04 7.340000000000000000e+02 4.139680862426757812e-01
4.402000000000000000e+03 5.551400000000000000e+04 6.200000000000000000e+02 2.979252934455871582e-01
4.274000000000000000e+03 5.550800000000000000e+04 5.650000000000000000e+02 2.598696947097778320e-01
7.584000000000000000e+03 5.695700000000000000e+04 7.550000000000000000e+02 3.889406025409698486e-01
4.320000000000000000e+03 5.589400000000000000e+04 1.740000000000000000e+02 1.662545949220657349e-01
4.537000000000000000e+03 5.580600000000000000e+04 4.500000000000000000e+02 4.099538922309875488e-01
7.049000000000000000e+03 5.657000000000000000e+04 7.200000000000000000e+02 2.382760941982269287e-01
7.620000000000000000e+02 5.223200000000000000e+04 2.190000000000000000e+02 3.054277896881103516e-01
6.760000000000000000e+02 5.217800000000000000e+04 2.860000000000000000e+02 3.399150073528289795e-01
4.543000000000000000e+03 5.588800000000000000e+04 5.650000000000000000e+02 2.688049077987670898e-01
