6.786000000000000000e+03 5.644800000000000000e+04 9.580000000000000000e+02 9.589999914169311523e-01
8.496000000000000000e+03 5.815900000000000000e+04 5.390000000000000000e+02 9.197317957878112793e-01
6.110000000000000000e+02 5.205500000000000000e+04 1.200000000000000000e+01 8.610000014305114746e-01
8.538000000000000000e+03 5.754900000000000000e+04 7.250000000000000000e+02 8.980175852775573730e-01
8.150000000000000000e+02 5.237400000000000000e+04 1.140000000000000000e+02 8.590000271797180176e-01
2.005000000000000000e+03 5.347200000000000000e+04 4.460000000000000000e+02 8.347713947296142578e-01
6.031000000000000000e+03 5.609100000000000000e+04 1.160000000000000000e+02 8.560000061988830566e-01
8.519000000000000000e+03 5.819800000000000000e+04 9.900000000000000000e+02 9.693700075149536133e-01
6.210000000000000000e+02 5.205500000000000000e+04 4.410000000000000000e+02 8.750000000000000000e-01
8.545000000000000000e+03 5.804100000000000000e+04 6.310000000000000000e+02 8.862118721008300781e-01
6.793000000000000000e+03 5.643000000000000000e+04 9.800000000000000000e+02 9.779999852180480957e-01
1.975000000000000000e+03 5.373400000000000000e+04 5.590000000000000000e+02 9.505000114440917969e-01
6.059000000000000000e+03 5.609300000000000000e+04 5.920000000000000000e+02 8.859999775886535645e-01
5.743000000000000000e+03 5.601100000000000000e+04 1.600000000000000000e+02 9.020000100135803223e-01
5.171000000000000000e+03 5.603800000000000000e+04 4.040000000000000000e+02 9.300000071525573730e-01
8.064000000000000000e+03 5.825500000000000000e+04 8.160000000000000000e+02 8.621032238006591797e-01
6.130000000000000000e+02 5.234500000000000000e+04 2.000000000000000000e+02 8.830000162124633789e-01
2.109000000000000000e+03 5.346800000000000000e+04 4.910000000000000000e+02 9.549999833106994629e-01
1.158000000000000000e+03 5.266800000000000000e+04 4.040000000000000000e+02 8.109999895095825195e-01
1.290000000000000000e+03 5.273400000000000000e+04 1.710000000000000000e+02 8.299999833106994629e-01
1.309000000000000000e+03 5.276200000000000000e+04 3.340000000000000000e+02 9.057174921035766602e-01
1.643000000000000000e+03 5.314300000000000000e+04 5.660000000000000000e+02 9.200000166893005371e-01
7.564000000000000000e+03 5.680400000000000000e+04 6.190000000000000000e+02 8.759999871253967285e-01
1.373000000000000000e+03 5.306300000000000000e+04 1.990000000000000000e+02 8.029999732971191406e-01
1.437000000000000000e+03 5.304600000000000000e+04 5.650000000000000000e+02 8.830000162124633789e-01
8.489000000000000000e+03 5.748300000000000000e+04 8.120000000000000000e+02 9.051154255867004395e-01
6.120000000000000000e+02 5.207900000000000000e+04 3.990000000000000000e+02 8.169999718666076660e-01
2.029000000000000000e+03 5.381900000000000000e+04 6.020000000000000000e+02 9.973000288009643555e-01
7.426000000000000000e+03 5.677100000000000000e+04 6.520000000000000000e+02 8.169999718666076660e-01
8.426000000000000000e+03 5.822400000000000000e+04 9.500000000000000000e+01 8.529999852180480957e-01
7.930000000000000000e+02 5.237000000000000000e+04 4.190000000000000000e+02 9.779999852180480957e-01
8.061000000000000000e+03 5.825300000000000000e+04 8.040000000000000000e+02 8.465462923049926758e-01
7.940000000000000000e+02 5.237600000000000000e+04 3.410000000000000000e+02 8.859999775886535645e-01
2.112000000000000000e+03 5.353400000000000000e+04 5.980000000000000000e+02 8.130000233650207520e-01
1.673000000000000000e+03 5.346200000000000000e+04 8.000000000000000000e+01 8.740000128746032715e-01
1.459000000000000000e+03 5.311700000000000000e+04 5.940000000000000000e+02 8.840000033378601074e-01
6.030000000000000000e+03 5.609700000000000000e+04 5.920000000000000000e+02 8.909999728202819824e-01
7.875000000000000000e+03 5.698000000000000000e+04 3.860000000000000000e+02 9.577450156211853027e-01
6.130000000000000000e+02 5.234500000000000000e+04 7.000000000000000000e+01 9.549999833106994629e-01
5.520000000000000000e+02 5.199200000000000000e+04 5.730000000000000000e+02 8.963795900344848633e-01
6.683000000000000000e+03 5.641600000000000000e+04 1.000000000000000000e+03 8.019999861717224121e-01
6.712000000000000000e+03 5.642100000000000000e+04 1.220000000000000000e+02 9.860000014305114746e-01
1.057000000000000000e+03 5.252200000000000000e+04 4.480000000000000000e+02 8.309999704360961914e-01
1.043000000000000000e+03 5.246500000000000000e+04 4.600000000000000000e+02 9.789999723434448242e-01
6.729000000000000000e+03 5.641900000000000000e+04 6.640000000000000000e+02 9.143980741500854492e-01
6.707000000000000000e+03 5.638300000000000000e+04 2.360000000000000000e+02 8.439999818801879883e-01
4.990000000000000000e+03 5.574300000000000000e+04 1.100000000000000000e+02 8.280000090599060059e-01
4.530000000000000000e+02 5.191500000000000000e+04 3.740000000000000000e+02 9.679999947547912598e-01
2.101000000000000000e+03 5.385800000000000000e+04 2.060000000000000000e+02 9.664000272750854492e-01
6.482000000000000000e+03 5.635800000000000000e+04 7.040000000000000000e+02 8.119999766349792480e-01
8.850000000000000000e+02 5.237900000000000000e+04 9.500000000000000000e+01 8.230000138282775879e-01
9.404000000000000000e+03 5.804500000000000000e+04 8.410000000000000000e+02 9.380000233650207520e-01
6.045000000000000000e+03 5.607200000000000000e+04 3.840000000000000000e+02 9.089999794960021973e-01
1.016000000000000000e+03 5.275900000000000000e+04 2.340000000000000000e+02 8.740000128746032715e-01
6.627000000000000000e+03 5.636900000000000000e+04 6.320000000000000000e+02 8.050000071525573730e-01
1.464000000000000000e+03 5.309100000000000000e+04 5.890000000000000000e+02 8.059999942779541016e-01
2.176000000000000000e+03 5.424300000000000000e+04 2.660000000000000000e+02 8.125000000000000000e-01
1.025200000000000000e+04 5.848500000000000000e+04 3.820000000000000000e+02 8.052707910537719727e-01
1.950000000000000000e+03 5.343600000000000000e+04 3.720000000000000000e+02 8.470000028610229492e-01
8.539000000000000000e+03 5.802100000000000000e+04 7.980000000000000000e+02 9.396020770072937012e-01
1.074700000000000000e+04 5.822000000000000000e+04 4.260000000000000000e+02 9.314553141593933105e-01
1.286000000000000000e+03 5.272500000000000000e+04 5.300000000000000000e+01 8.349999785423278809e-01
3.367000000000000000e+03 5.499800000000000000e+04 6.140000000000000000e+02 8.740000128746032715e-01
7.570000000000000000e+02 5.223800000000000000e+04 3.680000000000000000e+02 8.853638172149658203e-01
8.762000000000000000e+03 5.769300000000000000e+04 8.260000000000000000e+02 9.839572906494140625e-01
7.871000000000000000e+03 5.690200000000000000e+04 9.700000000000000000e+02 8.404055237770080566e-01
1.056000000000000000e+03 5.276400000000000000e+04 5.700000000000000000e+02 8.080000281333923340e-01
2.001000000000000000e+03 5.349300000000000000e+04 3.490000000000000000e+02 8.370000123977661133e-01
1.359000000000000000e+03 5.300200000000000000e+04 2.260000000000000000e+02 9.860000014305114746e-01
1.043000000000000000e+03 5.246500000000000000e+04 2.570000000000000000e+02 9.639999866485595703e-01
1.171000000000000000e+03 5.275300000000000000e+04 5.400000000000000000e+01 8.059999942779541016e-01
1.419000000000000000e+03 5.314400000000000000e+04 6.120000000000000000e+02 8.759999871253967285e-01
7.562000000000000000e+03 5.679900000000000000e+04 6.670000000000000000e+02 9.280390739440917969e-01
2.005000000000000000e+03 5.347200000000000000e+04 5.300000000000000000e+01 9.649999737739562988e-01
4.714000000000000000e+03 5.604100000000000000e+04 8.920000000000000000e+02 8.610000014305114746e-01
8.425000000000000000e+03 5.822600000000000000e+04 3.860000000000000000e+02 9.253333210945129395e-01
7.099000000000000000e+03 5.666600000000000000e+04 5.180000000000000000e+02 9.350000023841857910e-01
1.377000000000000000e+03 5.305000000000000000e+04 4.430000000000000000e+02 9.160000085830688477e-01
6.210000000000000000e+02 5.205500000000000000e+04 5.110000000000000000e+02 8.202999830245971680e-01
1.377000000000000000e+03 5.305000000000000000e+04 4.330000000000000000e+02 9.059000015258789062e-01
7.563000000000000000e+03 5.681000000000000000e+04 4.430000000000000000e+02 9.919999837875366211e-01
7.930000000000000000e+02 5.237000000000000000e+04 1.530000000000000000e+02 8.669999837875366211e-01
8.720000000000000000e+02 5.233900000000000000e+04 9.400000000000000000e+01 8.980000019073486328e-01
8.205000000000000000e+03 5.814300000000000000e+04 1.410000000000000000e+02 9.525818824768066406e-01
4.977000000000000000e+03 5.604700000000000000e+04 5.060000000000000000e+02 8.610000014305114746e-01
1.057000000000000000e+03 5.252200000000000000e+04 6.040000000000000000e+02 8.659999966621398926e-01
1.005000000000000000e+03 5.270300000000000000e+04 3.660000000000000000e+02 9.919999837875366211e-01
6.055000000000000000e+03 5.610200000000000000e+04 7.640000000000000000e+02 8.130000233650207520e-01
4.634000000000000000e+03 5.562600000000000000e+04 4.360000000000000000e+02 8.109999895095825195e-01
1.010000000000000000e+03 5.264900000000000000e+04 4.380000000000000000e+02 9.539999961853027344e-01
8.852000000000000000e+03 5.744900000000000000e+04 3.180000000000000000e+02 8.412074446678161621e-01
6.677000000000000000e+03 5.638500000000000000e+04 5.860000000000000000e+02 8.923256993293762207e-01
6.668000000000000000e+03 5.660500000000000000e+04 9.060000000000000000e+02 9.729999899864196777e-01
1.163000000000000000e+03 5.266900000000000000e+04 4.830000000000000000e+02 8.989999890327453613e-01
7.339000000000000000e+03 5.676800000000000000e+04 9.300000000000000000e+01 9.620066881179809570e-01
9.440000000000000000e+02 5.261400000000000000e+04 3.560000000000000000e+02 8.899999856948852539e-01
8.420000000000000000e+03 5.819700000000000000e+04 7.570000000000000000e+02 8.545290231704711914e-01
1.384000000000000000e+03 5.312100000000000000e+04 4.140000000000000000e+02 9.430000185966491699e-01
1.073100000000000000e+04 5.824700000000000000e+04 3.890000000000000000e+02 9.107018709182739258e-01
8.068000000000000000e+03 5.718500000000000000e+04 9.000000000000000000e+02 8.047118782997131348e-01
8.770000000000000000e+02 5.235300000000000000e+04 3.340000000000000000e+02 9.229999780654907227e-01
8.420000000000000000e+03 5.819700000000000000e+04 1.120000000000000000e+02 8.736929893493652344e-01
6.170000000000000000e+02 5.207200000000000000e+04 4.410000000000000000e+02 8.439999818801879883e-01
7.846000000000000000e+03 5.698400000000000000e+04 5.970000000000000000e+02 8.258163332939147949e-01
4.988000000000000000e+03 5.582500000000000000e+04 8.560000000000000000e+02 9.169999957084655762e-01
1.277000000000000000e+03 5.276500000000000000e+04 5.070000000000000000e+02 9.200000166893005371e-01
4.711000000000000000e+03 5.573700000000000000e+04 5.060000000000000000e+02 8.080000281333923340e-01
1.591000000000000000e+03 5.297600000000000000e+04 4.220000000000000000e+02 8.090000152587890625e-01
1.289000000000000000e+03 5.273400000000000000e+04 2.100000000000000000e+02 9.020000100135803223e-01
1.670000000000000000e+03 5.455300000000000000e+04 4.320000000000000000e+02 8.489999771118164062e-01
1.025700000000000000e+04 5.852600000000000000e+04 9.480000000000000000e+02 9.447278976440429688e-01
8.064000000000000000e+03 5.825500000000000000e+04 8.160000000000000000e+02 8.621032238006591797e-01
4.630000000000000000e+03 5.562300000000000000e+04 8.200000000000000000e+02 9.969999790191650391e-01
1.344000000000000000e+03 5.279200000000000000e+04 2.350000000000000000e+02 8.259999752044677734e-01
1.594000000000000000e+03 5.299200000000000000e+04 2.110000000000000000e+02 9.160000085830688477e-01
6.715000000000000000e+03 5.644900000000000000e+04 5.530000000000000000e+02 8.439999818801879883e-01
1.933000000000000000e+03 5.338100000000000000e+04 5.460000000000000000e+02 9.079999923706054688e-01
8.172000000000000000e+03 5.742300000000000000e+04 3.060000000000000000e+02 9.984529614448547363e-01
6.740000000000000000e+03 5.640100000000000000e+04 5.720000000000000000e+02 8.040000200271606445e-01
6.170000000000000000e+02 5.207200000000000000e+04 5.880000000000000000e+02 9.398999810218811035e-01
7.411000000000000000e+03 5.677600000000000000e+04 6.220000000000000000e+02 8.851146101951599121e-01
4.708000000000000000e+03 5.570400000000000000e+04 6.380000000000000000e+02 8.149999976158142090e-01
6.644000000000000000e+03 5.638400000000000000e+04 5.600000000000000000e+02 8.629999756813049316e-01
5.197000000000000000e+03 5.582800000000000000e+04 5.540000000000000000e+02 8.389999866485595703e-01
8.388000000000000000e+03 5.748800000000000000e+04 9.380000000000000000e+02 9.696580171585083008e-01
5.010000000000000000e+03 5.574800000000000000e+04 3.500000000000000000e+01 8.059999942779541016e-01
6.260000000000000000e+02 5.205700000000000000e+04 1.150000000000000000e+02 9.207000136375427246e-01
6.708000000000000000e+03 5.645200000000000000e+04 8.380000000000000000e+02 8.529999852180480957e-01
1.046000000000000000e+03 5.246000000000000000e+04 4.380000000000000000e+02 9.868000149726867676e-01
1.431000000000000000e+03 5.299200000000000000e+04 1.440000000000000000e+02 8.119999766349792480e-01
7.920000000000000000e+02 5.235300000000000000e+04 4.290000000000000000e+02 9.430000185966491699e-01
2.093000000000000000e+03 5.381800000000000000e+04 5.890000000000000000e+02 9.368000030517578125e-01
1.020000000000000000e+03 5.272100000000000000e+04 3.720000000000000000e+02 8.709999918937683105e-01
1.290000000000000000e+03 5.273400000000000000e+04 1.200000000000000000e+01 9.783999919891357422e-01
8.408000000000000000e+03 5.787400000000000000e+04 2.900000000000000000e+02 8.916519880294799805e-01
1.134500000000000000e+04 5.842800000000000000e+04 7.790000000000000000e+02 8.080000281333923340e-01
8.067000000000000000e+03 5.825300000000000000e+04 8.690000000000000000e+02 9.613612294197082520e-01
1.995000000000000000e+03 5.341500000000000000e+04 4.720000000000000000e+02 9.079999923706054688e-01
1.075000000000000000e+04 5.819900000000000000e+04 6.230000000000000000e+02 8.460826277732849121e-01
4.613000000000000000e+03 5.559100000000000000e+04 7.480000000000000000e+02 8.550000190734863281e-01
6.029000000000000000e+03 5.609900000000000000e+04 2.400000000000000000e+01 8.379999995231628418e-01
8.066000000000000000e+03 5.754400000000000000e+04 7.100000000000000000e+02 9.234640002250671387e-01
1.643000000000000000e+03 5.314300000000000000e+04 5.470000000000000000e+02 9.760000109672546387e-01
1.169000000000000000e+03 5.275300000000000000e+04 6.130000000000000000e+02 8.450000286102294922e-01
1.682000000000000000e+03 5.317300000000000000e+04 2.180000000000000000e+02 9.750000238418579102e-01
4.699000000000000000e+03 5.568400000000000000e+04 1.440000000000000000e+02 8.190000057220458984e-01
8.532000000000000000e+03 5.802200000000000000e+04 1.080000000000000000e+02 8.697251081466674805e-01
8.378000000000000000e+03 5.778500000000000000e+04 8.900000000000000000e+02 8.714540004730224609e-01
4.710000000000000000e+03 5.570700000000000000e+04 9.680000000000000000e+02 8.790000081062316895e-01
9.490000000000000000e+02 5.242700000000000000e+04 4.480000000000000000e+02 9.470000267028808594e-01
7.890000000000000000e+02 5.234200000000000000e+04 2.780000000000000000e+02 8.989999890327453613e-01
8.415000000000000000e+03 5.789300000000000000e+04 4.660000000000000000e+02 8.234853744506835938e-01
1.333000000000000000e+03 5.278200000000000000e+04 4.180000000000000000e+02 8.999999761581420898e-01
1.464000000000000000e+03 5.309100000000000000e+04 2.040000000000000000e+02 8.059999942779541016e-01
8.545000000000000000e+03 5.804100000000000000e+04 4.790000000000000000e+02 8.409054875373840332e-01
7.562000000000000000e+03 5.679900000000000000e+04 3.420000000000000000e+02 9.872903823852539062e-01
8.064000000000000000e+03 5.825500000000000000e+04 5.600000000000000000e+02 9.922850131988525391e-01
9.590000000000000000e+02 5.241100000000000000e+04 1.490000000000000000e+02 9.807000160217285156e-01
1.072900000000000000e+04 5.824800000000000000e+04 3.130000000000000000e+02 8.356689810752868652e-01
1.049000000000000000e+03 5.275100000000000000e+04 3.520000000000000000e+02 9.480000138282775879e-01
9.050000000000000000e+02 5.264300000000000000e+04 5.300000000000000000e+02 8.073999881744384766e-01
1.349000000000000000e+03 5.279700000000000000e+04 2.450000000000000000e+02 8.119999766349792480e-01
1.074900000000000000e+04 5.848500000000000000e+04 5.120000000000000000e+02 9.260712862014770508e-01
6.130000000000000000e+02 5.234500000000000000e+04 4.500000000000000000e+01 9.679999947547912598e-01
8.493000000000000000e+03 5.816200000000000000e+04 7.940000000000000000e+02 9.392313957214355469e-01
9.050000000000000000e+02 5.264300000000000000e+04 5.750000000000000000e+02 9.018999934196472168e-01
1.025700000000000000e+04 5.852600000000000000e+04 5.300000000000000000e+01 8.809027075767517090e-01
1.465000000000000000e+03 5.308200000000000000e+04 2.240000000000000000e+02 9.020000100135803223e-01
8.537000000000000000e+03 5.801400000000000000e+04 6.000000000000000000e+01 8.782619237899780273e-01
1.676000000000000000e+03 5.314700000000000000e+04 6.350000000000000000e+02 8.249999880790710449e-01
6.759000000000000000e+03 5.641600000000000000e+04 1.820000000000000000e+02 8.999999761581420898e-01
7.032000000000000000e+03 5.647100000000000000e+04 8.790000000000000000e+02 8.799999952316284180e-01
1.108600000000000000e+04 5.840100000000000000e+04 4.650000000000000000e+02 9.370002150535583496e-01
1.046000000000000000e+03 5.246000000000000000e+04 4.520000000000000000e+02 9.570000171661376953e-01
7.373000000000000000e+03 5.699000000000000000e+04 9.800000000000000000e+02 8.184123039245605469e-01
1.670000000000000000e+03 5.455300000000000000e+04 3.800000000000000000e+02 8.669999837875366211e-01
6.790000000000000000e+03 5.643000000000000000e+04 2.380000000000000000e+02 8.550000190734863281e-01
1.460000000000000000e+03 5.313800000000000000e+04 1.300000000000000000e+01 8.040000200271606445e-01
1.975000000000000000e+03 5.373400000000000000e+04 1.710000000000000000e+02 8.396000266075134277e-01
8.424000000000000000e+03 5.824800000000000000e+04 1.980000000000000000e+02 9.944729804992675781e-01
8.839000000000000000e+03 5.784600000000000000e+04 3.480000000000000000e+02 8.980141282081604004e-01
1.671000000000000000e+03 5.344600000000000000e+04 2.400000000000000000e+01 9.183999896049499512e-01
6.120000000000000000e+02 5.207900000000000000e+04 5.870000000000000000e+02 8.560000061988830566e-01
8.493000000000000000e+03 5.816200000000000000e+04 7.600000000000000000e+02 8.476619720458984375e-01
1.349000000000000000e+03 5.279700000000000000e+04 1.300000000000000000e+01 9.200000166893005371e-01
1.169000000000000000e+03 5.275300000000000000e+04 2.880000000000000000e+02 9.020000100135803223e-01
7.670000000000000000e+02 5.225200000000000000e+04 4.280000000000000000e+02 8.130000233650207520e-01
1.970000000000000000e+03 5.338600000000000000e+04 5.400000000000000000e+01 8.130000233650207520e-01
1.093800000000000000e+04 5.851400000000000000e+04 2.770000000000000000e+02 9.715201854705810547e-01
1.397000000000000000e+03 5.311900000000000000e+04 5.760000000000000000e+02 8.050000071525573730e-01
8.055000000000000000e+03 5.718700000000000000e+04 9.390000000000000000e+02 9.383999705314636230e-01
1.282000000000000000e+03 5.275900000000000000e+04 1.400000000000000000e+01 9.229999780654907227e-01
9.600000000000000000e+02 5.242500000000000000e+04 3.200000000000000000e+01 9.319999814033508301e-01
1.332000000000000000e+03 5.278100000000000000e+04 3.430000000000000000e+02 9.925000071525573730e-01
1.669000000000000000e+03 5.343300000000000000e+04 4.760000000000000000e+02 8.040000200271606445e-01
1.671000000000000000e+03 5.344600000000000000e+04 2.250000000000000000e+02 8.068000078201293945e-01
8.720000000000000000e+02 5.233900000000000000e+04 5.900000000000000000e+02 8.149999976158142090e-01
1.419000000000000000e+03 5.314400000000000000e+04 5.190000000000000000e+02 9.610000252723693848e-01
4.350000000000000000e+02 5.188200000000000000e+04 5.330000000000000000e+02 9.670000076293945312e-01
5.715000000000000000e+03 5.665700000000000000e+04 8.320000000000000000e+02 9.369999766349792480e-01
8.434000000000000000e+03 5.748400000000000000e+04 1.150000000000000000e+02 9.471229910850524902e-01
1.998000000000000000e+03 5.343300000000000000e+04 1.590000000000000000e+02 9.049999713897705078e-01
1.332000000000000000e+03 5.278100000000000000e+04 4.520000000000000000e+02 8.849999904632568359e-01
1.025700000000000000e+04 5.852600000000000000e+04 2.720000000000000000e+02 8.089234232902526855e-01
1.668000000000000000e+03 5.343300000000000000e+04 4.440000000000000000e+02 8.889999985694885254e-01
6.683000000000000000e+03 5.641600000000000000e+04 2.950000000000000000e+02 8.700000047683715820e-01
4.714000000000000000e+03 5.604100000000000000e+04 3.140000000000000000e+02 8.159999847412109375e-01
1.072000000000000000e+04 5.825000000000000000e+04 6.790000000000000000e+02 8.403337001800537109e-01
1.166000000000000000e+03 5.275100000000000000e+04 1.930000000000000000e+02 8.479999899864196777e-01
1.286000000000000000e+03 5.272500000000000000e+04 3.860000000000000000e+02 8.156999945640563965e-01
1.053000000000000000e+03 5.246800000000000000e+04 8.600000000000000000e+01 8.169999718666076660e-01
5.470000000000000000e+02 5.195900000000000000e+04 6.400000000000000000e+02 9.010000228881835938e-01
1.976000000000000000e+03 5.340100000000000000e+04 5.320000000000000000e+02 9.359999895095825195e-01
8.054000000000000000e+03 5.719400000000000000e+04 4.470000000000000000e+02 8.552315831184387207e-01
5.189000000000000000e+03 5.607400000000000000e+04 8.980000000000000000e+02 8.690000176429748535e-01
1.218000000000000000e+03 5.270900000000000000e+04 2.370000000000000000e+02 9.350000023841857910e-01
8.235000000000000000e+03 5.819100000000000000e+04 3.320000000000000000e+02 9.629132747650146484e-01
7.299000000000000000e+03 5.668600000000000000e+04 3.600000000000000000e+01 8.299999833106994629e-01
6.786000000000000000e+03 5.644800000000000000e+04 2.980000000000000000e+02 8.309999704360961914e-01
8.730000000000000000e+02 5.267400000000000000e+04 2.060000000000000000e+02 8.220000267028808594e-01
1.076300000000000000e+04 5.839500000000000000e+04 1.830000000000000000e+02 8.339691758155822754e-01
1.319000000000000000e+03 5.279100000000000000e+04 1.280000000000000000e+02 8.740000128746032715e-01
1.320000000000000000e+03 5.275900000000000000e+04 5.600000000000000000e+01 8.569999933242797852e-01
2.097000000000000000e+03 5.349100000000000000e+04 5.840000000000000000e+02 8.510000109672546387e-01
8.066000000000000000e+03 5.754400000000000000e+04 5.660000000000000000e+02 8.012682199478149414e-01
8.870000000000000000e+02 5.237600000000000000e+04 4.480000000000000000e+02 8.650000095367431641e-01
1.093800000000000000e+04 5.851400000000000000e+04 1.660000000000000000e+02 9.988703727722167969e-01
6.100000000000000000e+02 5.205600000000000000e+04 5.150000000000000000e+02 9.599999785423278809e-01
2.972000000000000000e+03 5.458600000000000000e+04 1.250000000000000000e+02 9.445999860763549805e-01
1.282000000000000000e+03 5.275900000000000000e+04 1.370000000000000000e+02 9.589999914169311523e-01
8.820000000000000000e+02 5.237000000000000000e+04 4.000000000000000000e+01 8.050000071525573730e-01
8.175000000000000000e+03 5.703900000000000000e+04 9.460000000000000000e+02 8.858029246330261230e-01
1.993000000000000000e+03 5.376200000000000000e+04 4.110000000000000000e+02 9.110000133514404297e-01
6.795000000000000000e+03 5.642500000000000000e+04 1.980000000000000000e+02 8.389999866485595703e-01
6.789000000000000000e+03 5.640100000000000000e+04 4.240000000000000000e+02 9.319999814033508301e-01
4.355000000000000000e+03 5.553300000000000000e+04 7.460000000000000000e+02 9.909999966621398926e-01
8.860000000000000000e+02 5.238100000000000000e+04 3.930000000000000000e+02 9.470000267028808594e-01
8.836000000000000000e+03 5.742400000000000000e+04 8.420000000000000000e+02 9.031220674514770508e-01
8.434000000000000000e+03 5.748400000000000000e+04 2.600000000000000000e+02 9.455857872962951660e-01
1.170000000000000000e+03 5.275600000000000000e+04 2.790000000000000000e+02 8.377000093460083008e-01
6.813000000000000000e+03 5.641900000000000000e+04 3.720000000000000000e+02 8.740000128746032715e-01
6.190000000000000000e+02 5.205600000000000000e+04 2.440000000000000000e+02 9.250000119209289551e-01
1.356000000000000000e+03 5.303300000000000000e+04 2.570000000000000000e+02 9.240000247955322266e-01
8.357000000000000000e+03 5.815700000000000000e+04 7.800000000000000000e+02 8.659121990203857422e-01
8.538000000000000000e+03 5.754900000000000000e+04 8.220000000000000000e+02 9.617456793785095215e-01
1.072100000000000000e+04 5.828800000000000000e+04 7.130000000000000000e+02 8.579065799713134766e-01
1.010000000000000000e+03 5.264900000000000000e+04 2.760000000000000000e+02 8.820000290870666504e-01
1.467000000000000000e+03 5.311500000000000000e+04 6.100000000000000000e+02 9.395999908447265625e-01
1.685000000000000000e+03 5.346300000000000000e+04 4.500000000000000000e+02 8.379999995231628418e-01
1.440000000000000000e+03 5.308400000000000000e+04 3.050000000000000000e+02 8.159999847412109375e-01
4.557000000000000000e+03 5.558800000000000000e+04 4.740000000000000000e+02 8.119999766349792480e-01
9.630000000000000000e+02 5.264300000000000000e+04 3.230000000000000000e+02 8.659999966621398926e-01
1.461000000000000000e+03 5.306200000000000000e+04 7.600000000000000000e+01 9.559999704360961914e-01
2.015000000000000000e+03 5.381900000000000000e+04 6.230000000000000000e+02 8.891999721527099609e-01
4.713000000000000000e+03 5.604400000000000000e+04 2.540000000000000000e+02 8.190000057220458984e-01
1.328000000000000000e+03 5.278600000000000000e+04 2.600000000000000000e+01 8.190000057220458984e-01
1.206000000000000000e+03 5.267000000000000000e+04 4.950000000000000000e+02 9.089030027389526367e-01
8.822000000000000000e+03 5.816700000000000000e+04 4.900000000000000000e+02 8.282207250595092773e-01
9.180000000000000000e+03 5.769300000000000000e+04 5.000000000000000000e+00 9.261519908905029297e-01
6.786000000000000000e+03 5.644800000000000000e+04 5.620000000000000000e+02 9.850000143051147461e-01
2.003000000000000000e+03 5.344200000000000000e+04 2.260000000000000000e+02 8.420000076293945312e-01
1.055000000000000000e+03 5.276100000000000000e+04 2.170000000000000000e+02 8.169999718666076660e-01
1.999000000000000000e+03 5.350300000000000000e+04 5.100000000000000000e+01 9.710000157356262207e-01
6.697000000000000000e+03 5.641900000000000000e+04 2.000000000000000000e+00 8.410000205039978027e-01
6.786000000000000000e+03 5.644800000000000000e+04 1.940000000000000000e+02 8.880000114440917969e-01
9.530000000000000000e+02 5.241100000000000000e+04 3.430000000000000000e+02 8.040000200271606445e-01
1.683000000000000000e+03 5.343600000000000000e+04 6.180000000000000000e+02 8.169999718666076660e-01
1.025000000000000000e+04 5.847200000000000000e+04 1.840000000000000000e+02 9.542310237884521484e-01
1.340000000000000000e+03 5.278100000000000000e+04 5.330000000000000000e+02 9.580000042915344238e-01
8.419000000000000000e+03 5.824900000000000000e+04 8.370000000000000000e+02 9.468470215797424316e-01
6.629000000000000000e+03 5.636500000000000000e+04 8.800000000000000000e+01 8.870000243186950684e-01
6.037000000000000000e+03 5.610600000000000000e+04 4.280000000000000000e+02 8.330000042915344238e-01
8.424000000000000000e+03 5.824800000000000000e+04 2.940000000000000000e+02 9.821323156356811523e-01
7.285000000000000000e+03 5.699100000000000000e+04 1.070000000000000000e+02 8.605780005455017090e-01
3.478000000000000000e+03 5.500800000000000000e+04 5.220000000000000000e+02 9.423325061798095703e-01
8.054000000000000000e+03 5.719400000000000000e+04 1.250000000000000000e+02 8.719853758811950684e-01
1.025300000000000000e+04 5.848700000000000000e+04 9.800000000000000000e+01 8.382794260978698730e-01
8.427000000000000000e+03 5.784600000000000000e+04 1.860000000000000000e+02 9.786300063133239746e-01
1.138000000000000000e+04 5.846200000000000000e+04 4.200000000000000000e+02 9.907109737396240234e-01
1.645000000000000000e+03 5.317200000000000000e+04 3.800000000000000000e+01 8.140000104904174805e-01
8.856000000000000000e+03 5.745300000000000000e+04 5.680000000000000000e+02 8.293250799179077148e-01
2.956000000000000000e+03 5.452500000000000000e+04 4.900000000000000000e+02 9.963999986648559570e-01
8.755000000000000000e+03 5.813800000000000000e+04 4.600000000000000000e+01 8.196830749511718750e-01
9.420000000000000000e+02 5.270300000000000000e+04 5.950000000000000000e+02 9.570000171661376953e-01
1.330000000000000000e+03 5.282200000000000000e+04 3.490000000000000000e+02 8.008999824523925781e-01
1.046500000000000000e+04 5.814400000000000000e+04 3.650000000000000000e+02 8.600000143051147461e-01
8.532000000000000000e+03 5.802200000000000000e+04 6.200000000000000000e+01 8.156563043594360352e-01
5.794000000000000000e+03 5.628200000000000000e+04 2.980000000000000000e+02 9.869999885559082031e-01
8.175000000000000000e+03 5.703900000000000000e+04 7.570000000000000000e+02 8.439456224441528320e-01
8.869000000000000000e+03 5.748100000000000000e+04 8.200000000000000000e+01 8.188689947128295898e-01
2.109000000000000000e+03 5.346800000000000000e+04 5.470000000000000000e+02 8.280000090599060059e-01
1.464000000000000000e+03 5.309100000000000000e+04 3.190000000000000000e+02 9.200999736785888672e-01
8.379000000000000000e+03 5.778700000000000000e+04 7.680000000000000000e+02 8.339847922325134277e-01
7.030000000000000000e+03 5.644800000000000000e+04 1.660000000000000000e+02 8.470000028610229492e-01
1.047000000000000000e+04 5.813000000000000000e+04 8.370000000000000000e+02 8.944110274314880371e-01
8.838000000000000000e+03 5.787000000000000000e+04 4.890000000000000000e+02 9.749279022216796875e-01
6.046000000000000000e+03 5.609600000000000000e+04 3.560000000000000000e+02 9.200000166893005371e-01
1.056000000000000000e+03 5.276400000000000000e+04 1.100000000000000000e+02 9.729999899864196777e-01
8.489000000000000000e+03 5.748300000000000000e+04 3.940000000000000000e+02 8.814575076103210449e-01
6.783000000000000000e+03 5.628400000000000000e+04 2.420000000000000000e+02 8.889999985694885254e-01
1.160000000000000000e+03 5.267400000000000000e+04 1.940000000000000000e+02 8.690000176429748535e-01
9.490000000000000000e+02 5.242700000000000000e+04 4.690000000000000000e+02 8.327000141143798828e-01
1.025100000000000000e+04 5.817300000000000000e+04 7.300000000000000000e+01 9.217622876167297363e-01
3.466000000000000000e+03 5.499800000000000000e+04 1.170000000000000000e+02 8.740000128746032715e-01
6.724000000000000000e+03 5.641600000000000000e+04 9.830000000000000000e+02 8.669999837875366211e-01
6.062000000000000000e+03 5.609100000000000000e+04 7.720000000000000000e+02 9.499999880790710449e-01
1.429000000000000000e+03 5.299000000000000000e+04 4.450000000000000000e+02 8.230000138282775879e-01
1.382000000000000000e+03 5.311500000000000000e+04 4.840000000000000000e+02 8.651000261306762695e-01
1.091300000000000000e+04 5.825600000000000000e+04 3.790000000000000000e+02 9.452357888221740723e-01
1.056000000000000000e+03 5.276400000000000000e+04 4.820000000000000000e+02 8.100000023841857910e-01
1.364000000000000000e+03 5.306100000000000000e+04 5.690000000000000000e+02 9.539999961853027344e-01
1.871000000000000000e+03 5.338400000000000000e+04 1.640000000000000000e+02 9.900000095367431641e-01
8.760000000000000000e+02 5.266900000000000000e+04 1.120000000000000000e+02 8.202000260353088379e-01
4.714000000000000000e+03 5.604100000000000000e+04 3.740000000000000000e+02 8.289999961853027344e-01
5.570000000000000000e+02 5.225300000000000000e+04 5.560000000000000000e+02 9.160000085830688477e-01
1.164900000000000000e+04 5.851400000000000000e+04 8.000000000000000000e+00 8.813043832778930664e-01
6.683000000000000000e+03 5.641600000000000000e+04 3.860000000000000000e+02 8.709999918937683105e-01
8.189000000000000000e+03 5.744800000000000000e+04 1.060000000000000000e+02 8.070544004440307617e-01
8.760000000000000000e+02 5.266900000000000000e+04 3.790000000000000000e+02 8.507000207901000977e-01
1.338000000000000000e+03 5.276500000000000000e+04 1.310000000000000000e+02 8.539999723434448242e-01
9.460000000000000000e+02 5.240700000000000000e+04 3.710000000000000000e+02 9.620000123977661133e-01
1.173000000000000000e+03 5.279000000000000000e+04 9.300000000000000000e+01 9.035000205039978027e-01
1.457000000000000000e+03 5.311600000000000000e+04 4.030000000000000000e+02 9.210000038146972656e-01
1.166000000000000000e+03 5.275100000000000000e+04 4.780000000000000000e+02 8.289999961853027344e-01
1.214000000000000000e+03 5.273100000000000000e+04 9.300000000000000000e+01 8.992999792098999023e-01
1.467000000000000000e+03 5.311500000000000000e+04 4.300000000000000000e+01 8.539999723434448242e-01
1.162000000000000000e+03 5.266800000000000000e+04 8.600000000000000000e+01 8.546000123023986816e-01
1.047600000000000000e+04 5.814100000000000000e+04 7.780000000000000000e+02 9.779999852180480957e-01
6.330000000000000000e+02 5.207900000000000000e+04 4.720000000000000000e+02 8.410000205039978027e-01
6.034000000000000000e+03 5.610300000000000000e+04 3.100000000000000000e+02 9.309999942779541016e-01
9.080000000000000000e+02 5.237300000000000000e+04 3.400000000000000000e+02 9.290000200271606445e-01
8.845000000000000000e+03 5.815900000000000000e+04 1.070000000000000000e+02 8.344457745552062988e-01
3.110000000000000000e+03 5.474700000000000000e+04 5.140000000000000000e+02 8.589711189270019531e-01
7.087000000000000000e+03 5.663700000000000000e+04 2.420000000000000000e+02 9.290000200271606445e-01
1.025600000000000000e+04 5.819300000000000000e+04 4.240000000000000000e+02 8.822410106658935547e-01
1.075300000000000000e+04 5.824200000000000000e+04 9.800000000000000000e+01 9.825788140296936035e-01
6.662000000000000000e+03 5.636400000000000000e+04 1.020000000000000000e+02 9.399999976158142090e-01
6.039000000000000000e+03 5.609900000000000000e+04 4.260000000000000000e+02 8.019999861717224121e-01
1.165400000000000000e+04 5.854300000000000000e+04 4.020000000000000000e+02 8.607493042945861816e-01
1.045000000000000000e+03 5.272500000000000000e+04 6.030000000000000000e+02 8.224999904632568359e-01
1.338000000000000000e+03 5.276500000000000000e+04 2.100000000000000000e+02 8.600000143051147461e-01
1.131100000000000000e+04 5.842900000000000000e+04 1.420000000000000000e+02 9.571242332458496094e-01
1.642000000000000000e+03 5.311500000000000000e+04 5.700000000000000000e+02 8.949999809265136719e-01
8.412000000000000000e+03 5.817200000000000000e+04 5.130000000000000000e+02 9.338474273681640625e-01
1.076200000000000000e+04 5.839000000000000000e+04 8.650000000000000000e+02 9.666268825531005859e-01
8.746000000000000000e+03 5.839600000000000000e+04 2.010000000000000000e+02 9.787418246269226074e-01
6.827000000000000000e+03 5.642800000000000000e+04 7.020000000000000000e+02 9.399999976158142090e-01
4.695000000000000000e+03 5.595700000000000000e+04 3.700000000000000000e+02 9.720000028610229492e-01
8.406000000000000000e+03 5.751300000000000000e+04 4.560000000000000000e+02 8.332111239433288574e-01
8.519000000000000000e+03 5.819800000000000000e+04 6.100000000000000000e+02 9.509456157684326172e-01
5.189000000000000000e+03 5.607400000000000000e+04 5.940000000000000000e+02 8.209999799728393555e-01
1.043200000000000000e+04 5.813600000000000000e+04 5.560000000000000000e+02 8.750000000000000000e-01
1.046000000000000000e+03 5.246000000000000000e+04 1.900000000000000000e+01 8.169999718666076660e-01
8.416000000000000000e+03 5.789400000000000000e+04 1.080000000000000000e+02 9.803048968315124512e-01
3.982000000000000000e+03 5.533200000000000000e+04 7.420000000000000000e+02 9.039999842643737793e-01
9.353000000000000000e+03 5.781400000000000000e+04 1.820000000000000000e+02 8.432791233062744141e-01
6.689000000000000000e+03 5.639600000000000000e+04 6.480000000000000000e+02 9.449999928474426270e-01
7.950000000000000000e+02 5.237800000000000000e+04 5.590000000000000000e+02 9.814944863319396973e-01
6.833000000000000000e+03 5.641300000000000000e+04 6.980000000000000000e+02 9.120000004768371582e-01
8.202000000000000000e+03 5.815800000000000000e+04 9.580000000000000000e+02 8.396810293197631836e-01
6.968000000000000000e+03 5.644300000000000000e+04 3.500000000000000000e+01 8.009999990463256836e-01
5.570000000000000000e+02 5.225300000000000000e+04 5.820000000000000000e+02 9.810000061988830566e-01
4.330000000000000000e+02 5.187300000000000000e+04 2.280000000000000000e+02 8.059999942779541016e-01
6.290000000000000000e+02 5.205100000000000000e+04 2.710000000000000000e+02 9.405000209808349609e-01
8.230000000000000000e+03 5.743000000000000000e+04 9.440000000000000000e+02 8.334329724311828613e-01
6.746000000000000000e+03 5.638600000000000000e+04 1.420000000000000000e+02 9.060000181198120117e-01
7.880000000000000000e+02 5.233800000000000000e+04 1.840000000000000000e+02 9.959999918937683105e-01
8.388000000000000000e+03 5.748800000000000000e+04 4.880000000000000000e+02 9.562423825263977051e-01
1.074800000000000000e+04 5.822400000000000000e+04 2.480000000000000000e+02 9.510992169380187988e-01
1.128700000000000000e+04 5.842900000000000000e+04 2.760000000000000000e+02 9.613860249519348145e-01
1.377000000000000000e+03 5.305000000000000000e+04 5.460000000000000000e+02 9.553999900817871094e-01
8.862000000000000000e+03 5.746100000000000000e+04 1.670000000000000000e+02 9.969788789749145508e-01
8.749000000000000000e+03 5.768400000000000000e+04 6.540000000000000000e+02 9.244391918182373047e-01
1.075800000000000000e+04 5.822000000000000000e+04 3.740000000000000000e+02 9.118574857711791992e-01
8.519000000000000000e+03 5.819800000000000000e+04 9.230000000000000000e+02 9.401978254318237305e-01
8.544000000000000000e+03 5.828100000000000000e+04 9.410000000000000000e+02 8.994802236557006836e-01
8.870000000000000000e+02 5.237600000000000000e+04 6.050000000000000000e+02 8.370000123977661133e-01
6.170000000000000000e+02 5.207200000000000000e+04 3.970000000000000000e+02 9.290000200271606445e-01
5.736000000000000000e+03 5.598400000000000000e+04 5.080000000000000000e+02 9.229999780654907227e-01
1.999000000000000000e+03 5.350300000000000000e+04 3.190000000000000000e+02 8.565000295639038086e-01
8.422000000000000000e+03 5.821900000000000000e+04 5.360000000000000000e+02 8.491871953010559082e-01
6.330000000000000000e+02 5.207900000000000000e+04 2.420000000000000000e+02 8.629999756813049316e-01
7.832000000000000000e+03 5.690400000000000000e+04 5.170000000000000000e+02 9.905240535736083984e-01
8.519000000000000000e+03 5.819800000000000000e+04 4.750000000000000000e+02 9.819570183753967285e-01
1.450000000000000000e+03 5.312000000000000000e+04 6.140000000000000000e+02 8.493000268936157227e-01
9.410000000000000000e+03 5.806900000000000000e+04 9.890000000000000000e+02 8.724600076675415039e-01
2.102000000000000000e+03 5.411500000000000000e+04 4.300000000000000000e+02 8.460000157356262207e-01
7.841000000000000000e+03 5.696000000000000000e+04 5.040000000000000000e+02 8.514599800109863281e-01
1.426000000000000000e+03 5.299300000000000000e+04 1.240000000000000000e+02 8.479999899864196777e-01
9.700000000000000000e+02 5.241300000000000000e+04 2.670000000000000000e+02 9.990000128746032715e-01
7.340000000000000000e+03 5.683700000000000000e+04 5.930000000000000000e+02 8.649218082427978516e-01
1.458000000000000000e+03 5.311900000000000000e+04 3.310000000000000000e+02 9.029999971389770508e-01
8.388000000000000000e+03 5.748800000000000000e+04 2.260000000000000000e+02 8.997834920883178711e-01
8.537000000000000000e+03 5.801400000000000000e+04 6.280000000000000000e+02 8.870249986648559570e-01
8.507000000000000000e+03 5.787800000000000000e+04 2.260000000000000000e+02 8.087657094001770020e-01
5.724000000000000000e+03 5.636400000000000000e+04 9.580000000000000000e+02 8.299999833106994629e-01
1.050000000000000000e+03 5.272100000000000000e+04 5.420000000000000000e+02 8.851000070571899414e-01
1.005000000000000000e+03 5.270300000000000000e+04 3.110000000000000000e+02 9.635999798774719238e-01
8.063000000000000000e+03 5.757600000000000000e+04 4.190000000000000000e+02 9.538369774818420410e-01
6.827000000000000000e+03 5.642800000000000000e+04 2.640000000000000000e+02 8.439999818801879883e-01
1.318000000000000000e+03 5.278100000000000000e+04 1.330000000000000000e+02 9.344000220298767090e-01
5.191000000000000000e+03 5.606500000000000000e+04 5.980000000000000000e+02 8.159999847412109375e-01
7.393000000000000000e+03 5.674900000000000000e+04 6.340000000000000000e+02 8.899999856948852539e-01
6.793000000000000000e+03 5.643000000000000000e+04 2.450000000000000000e+02 9.043598175048828125e-01
8.205000000000000000e+03 5.814300000000000000e+04 1.900000000000000000e+01 9.678230285644531250e-01
7.095000000000000000e+03 5.662500000000000000e+04 9.300000000000000000e+02 8.859999775886535645e-01
1.075800000000000000e+04 5.822000000000000000e+04 9.300000000000000000e+01 9.169722795486450195e-01
1.330000000000000000e+03 5.282200000000000000e+04 9.600000000000000000e+01 9.129999876022338867e-01
1.684000000000000000e+03 5.323900000000000000e+04 6.000000000000000000e+00 9.050999879837036133e-01
6.747000000000000000e+03 5.638800000000000000e+04 5.620000000000000000e+02 9.449999928474426270e-01
8.425000000000000000e+03 5.822600000000000000e+04 2.990000000000000000e+02 8.066508173942565918e-01
8.505000000000000000e+03 5.783400000000000000e+04 1.440000000000000000e+02 9.024969935417175293e-01
8.408000000000000000e+03 5.787400000000000000e+04 5.860000000000000000e+02 9.319261908531188965e-01
6.832000000000000000e+03 5.642600000000000000e+04 2.640000000000000000e+02 9.710000157356262207e-01
7.305000000000000000e+03 5.699100000000000000e+04 2.030000000000000000e+02 9.734892249107360840e-01
1.309000000000000000e+03 5.276200000000000000e+04 6.260000000000000000e+02 9.629999995231628418e-01
1.054000000000000000e+03 5.251600000000000000e+04 3.520000000000000000e+02 9.480000138282775879e-01
8.851000000000000000e+03 5.746000000000000000e+04 7.210000000000000000e+02 9.426392912864685059e-01
1.437000000000000000e+03 5.304600000000000000e+04 2.340000000000000000e+02 8.420000076293945312e-01
7.645000000000000000e+03 5.757300000000000000e+04 1.800000000000000000e+02 8.973199725151062012e-01
6.698000000000000000e+03 5.663700000000000000e+04 5.880000000000000000e+02 9.760000109672546387e-01
4.701000000000000000e+03 5.570900000000000000e+04 2.240000000000000000e+02 8.259999752044677734e-01
8.178000000000000000e+03 5.742800000000000000e+04 3.190000000000000000e+02 9.870371222496032715e-01
6.668000000000000000e+03 5.660500000000000000e+04 7.660000000000000000e+02 8.309999704360961914e-01
1.072300000000000000e+04 5.828700000000000000e+04 1.190000000000000000e+02 8.323510289192199707e-01
1.011000000000000000e+03 5.265200000000000000e+04 2.500000000000000000e+02 8.379999995231628418e-01
3.981000000000000000e+03 5.560300000000000000e+04 2.380000000000000000e+02 8.399999737739562988e-01
8.877000000000000000e+03 5.778200000000000000e+04 6.860000000000000000e+02 8.700000047683715820e-01
7.386000000000000000e+03 5.676900000000000000e+04 2.420000000000000000e+02 8.399999737739562988e-01
8.530000000000000000e+03 5.801600000000000000e+04 5.940000000000000000e+02 8.519999980926513672e-01
8.216000000000000000e+03 5.817200000000000000e+04 8.330000000000000000e+02 9.490000009536743164e-01
1.372000000000000000e+03 5.306200000000000000e+04 1.720000000000000000e+02 9.399999976158142090e-01
1.012000000000000000e+03 5.264900000000000000e+04 6.000000000000000000e+02 9.229999780654907227e-01
1.015000000000000000e+03 5.273400000000000000e+04 3.970000000000000000e+02 9.449999928474426270e-01
6.519000000000000000e+03 5.656600000000000000e+04 9.980000000000000000e+02 8.399999737739562988e-01
1.356000000000000000e+03 5.303300000000000000e+04 1.720000000000000000e+02 8.625000119209289551e-01
6.054000000000000000e+03 5.608900000000000000e+04 1.440000000000000000e+02 8.510000109672546387e-01
4.510000000000000000e+02 5.190800000000000000e+04 2.710000000000000000e+02 8.190000057220458984e-01
8.057000000000000000e+03 5.719000000000000000e+04 3.040000000000000000e+02 8.501132726669311523e-01
4.539000000000000000e+03 5.586500000000000000e+04 5.820000000000000000e+02 8.141682744026184082e-01
1.288000000000000000e+03 5.273100000000000000e+04 4.050000000000000000e+02 8.489000201225280762e-01
8.495000000000000000e+03 5.748100000000000000e+04 5.430000000000000000e+02 8.322774767875671387e-01
8.534000000000000000e+03 5.790500000000000000e+04 9.300000000000000000e+01 9.563040137290954590e-01
1.667000000000000000e+03 5.343000000000000000e+04 2.540000000000000000e+02 9.136999845504760742e-01
2.016000000000000000e+03 5.379900000000000000e+04 2.050000000000000000e+02 8.425999879837036133e-01
4.568000000000000000e+03 5.560000000000000000e+04 1.460000000000000000e+02 9.330000281333923340e-01
1.426000000000000000e+03 5.299300000000000000e+04 2.500000000000000000e+01 8.889999985694885254e-01
1.075900000000000000e+04 5.852600000000000000e+04 1.760000000000000000e+02 8.341146707534790039e-01
5.580000000000000000e+02 5.231700000000000000e+04 3.980000000000000000e+02 9.774000048637390137e-01
7.429000000000000000e+03 5.674000000000000000e+04 3.060000000000000000e+02 8.740000128746032715e-01
7.030000000000000000e+03 5.644800000000000000e+04 4.800000000000000000e+01 9.589999914169311523e-01
8.161000000000000000e+03 5.712700000000000000e+04 9.350000000000000000e+02 8.965442776679992676e-01
8.424000000000000000e+03 5.824800000000000000e+04 4.930000000000000000e+02 9.314625859260559082e-01
1.977000000000000000e+03 5.347500000000000000e+04 6.020000000000000000e+02 8.619999885559082031e-01
1.005000000000000000e+03 5.270300000000000000e+04 3.660000000000000000e+02 9.919999837875366211e-01
4.400000000000000000e+02 5.188500000000000000e+04 4.050000000000000000e+02 9.779999852180480957e-01
1.139600000000000000e+04 5.849000000000000000e+04 7.240000000000000000e+02 8.792806863784790039e-01
8.538000000000000000e+03 5.754900000000000000e+04 4.280000000000000000e+02 9.263104796409606934e-01
8.840000000000000000e+03 5.742500000000000000e+04 2.780000000000000000e+02 9.391980171203613281e-01
6.039000000000000000e+03 5.609900000000000000e+04 8.600000000000000000e+02 8.050000071525573730e-01
8.503000000000000000e+03 5.751900000000000000e+04 2.720000000000000000e+02 9.617536067962646484e-01
1.344000000000000000e+03 5.279200000000000000e+04 3.530000000000000000e+02 8.820000290870666504e-01
3.984000000000000000e+03 5.533300000000000000e+04 4.840000000000000000e+02 8.870000243186950684e-01
9.380000000000000000e+02 5.270800000000000000e+04 1.270000000000000000e+02 8.266999721527099609e-01
2.012000000000000000e+03 5.349300000000000000e+04 1.200000000000000000e+01 9.029999971389770508e-01
6.027000000000000000e+03 5.610300000000000000e+04 3.500000000000000000e+02 8.550000190734863281e-01
1.973000000000000000e+03 5.343200000000000000e+04 6.400000000000000000e+01 8.500000238418579102e-01
2.000000000000000000e+03 5.349500000000000000e+04 5.510000000000000000e+02 8.751000165939331055e-01
7.579000000000000000e+03 5.695400000000000000e+04 9.200000000000000000e+01 8.949227333068847656e-01
1.022900000000000000e+04 5.844100000000000000e+04 6.610000000000000000e+02 9.590386748313903809e-01
7.574000000000000000e+03 5.694500000000000000e+04 8.830000000000000000e+02 9.228060245513916016e-01
2.010000000000000000e+03 5.349500000000000000e+04 2.950000000000000000e+02 8.295999765396118164e-01
8.640000000000000000e+02 5.232000000000000000e+04 3.710000000000000000e+02 9.029999971389770508e-01
8.130000000000000000e+02 5.235400000000000000e+04 1.500000000000000000e+01 8.299000263214111328e-01
7.707000000000000000e+03 5.766300000000000000e+04 4.180000000000000000e+02 9.603080749511718750e-01
8.260000000000000000e+02 5.229500000000000000e+04 3.930000000000000000e+02 9.729999899864196777e-01
3.981000000000000000e+03 5.560300000000000000e+04 2.100000000000000000e+02 8.669999837875366211e-01
7.414000000000000000e+03 5.674800000000000000e+04 9.200000000000000000e+01 9.064974784851074219e-01
5.157000000000000000e+03 5.592300000000000000e+04 1.860000000000000000e+02 8.489999771118164062e-01
6.760000000000000000e+03 5.642500000000000000e+04 3.720000000000000000e+02 9.940000176429748535e-01
8.522000000000000000e+03 5.819300000000000000e+04 5.790000000000000000e+02 8.859428167343139648e-01
8.504000000000000000e+03 5.751800000000000000e+04 7.140000000000000000e+02 9.957451224327087402e-01
8.510000000000000000e+03 5.784600000000000000e+04 3.040000000000000000e+02 9.295086264610290527e-01
8.743000000000000000e+03 5.766300000000000000e+04 5.080000000000000000e+02 8.177427053451538086e-01
4.569000000000000000e+03 5.563100000000000000e+04 9.960000000000000000e+02 8.130000233650207520e-01
6.737000000000000000e+03 5.636500000000000000e+04 5.900000000000000000e+02 8.750000000000000000e-01
1.371000000000000000e+03 5.282100000000000000e+04 3.800000000000000000e+01 9.060000181198120117e-01
7.381000000000000000e+03 5.671700000000000000e+04 6.580000000000000000e+02 9.649999737739562988e-01
1.327000000000000000e+03 5.278100000000000000e+04 6.370000000000000000e+02 9.524999856948852539e-01
4.707000000000000000e+03 5.565300000000000000e+04 8.380000000000000000e+02 8.596060276031494141e-01
8.497000000000000000e+03 5.816100000000000000e+04 2.740000000000000000e+02 8.939738273620605469e-01
1.135700000000000000e+04 5.852200000000000000e+04 6.460000000000000000e+02 8.111534714698791504e-01
7.840000000000000000e+03 5.700300000000000000e+04 6.210000000000000000e+02 9.121179580688476562e-01
1.839000000000000000e+03 5.347100000000000000e+04 6.140000000000000000e+02 9.490000009536743164e-01
8.867000000000000000e+03 5.746000000000000000e+04 3.830000000000000000e+02 9.713058471679687500e-01
8.320000000000000000e+02 5.231200000000000000e+04 6.390000000000000000e+02 9.499999880790710449e-01
6.709000000000000000e+03 5.642900000000000000e+04 2.680000000000000000e+02 8.309999704360961914e-01
1.644000000000000000e+03 5.314400000000000000e+04 5.800000000000000000e+02 8.519999980926513672e-01
1.215000000000000000e+03 5.272500000000000000e+04 5.540000000000000000e+02 9.229999780654907227e-01
9.325000000000000000e+03 5.804200000000000000e+04 7.400000000000000000e+01 8.850253224372863770e-01
1.357000000000000000e+03 5.303400000000000000e+04 1.510000000000000000e+02 9.150000214576721191e-01
6.694000000000000000e+03 5.638600000000000000e+04 8.180000000000000000e+02 8.240000009536743164e-01
8.747000000000000000e+03 5.740100000000000000e+04 1.530000000000000000e+02 8.967581987380981445e-01
1.291000000000000000e+03 5.273800000000000000e+04 3.210000000000000000e+02 9.779999852180480957e-01
8.066000000000000000e+03 5.754400000000000000e+04 9.620000000000000000e+02 8.527510166168212891e-01
6.668000000000000000e+03 5.660500000000000000e+04 3.560000000000000000e+02 8.280000090599060059e-01
8.364000000000000000e+03 5.813800000000000000e+04 3.120000000000000000e+02 8.947023153305053711e-01
6.210000000000000000e+02 5.205500000000000000e+04 1.590000000000000000e+02 8.870000243186950684e-01
1.982000000000000000e+03 5.343600000000000000e+04 3.480000000000000000e+02 8.909999728202819824e-01
6.731000000000000000e+03 5.638500000000000000e+04 2.520000000000000000e+02 8.109999895095825195e-01
8.373000000000000000e+03 5.778500000000000000e+04 8.860000000000000000e+02 8.027461767196655273e-01
1.024700000000000000e+04 5.816200000000000000e+04 2.200000000000000000e+01 8.285729885101318359e-01
1.015000000000000000e+03 5.273400000000000000e+04 5.670000000000000000e+02 8.659999966621398926e-01
1.075100000000000000e+04 5.822000000000000000e+04 8.660000000000000000e+02 9.299548864364624023e-01
4.226000000000000000e+03 5.547500000000000000e+04 8.720000000000000000e+02 8.790000081062316895e-01
1.052000000000000000e+03 5.246600000000000000e+04 4.640000000000000000e+02 9.919999837875366211e-01
6.666000000000000000e+03 5.637100000000000000e+04 7.200000000000000000e+01 8.320000171661376953e-01
9.000000000000000000e+02 5.263700000000000000e+04 5.500000000000000000e+01 9.308999776840209961e-01
8.824000000000000000e+03 5.816200000000000000e+04 7.120000000000000000e+02 8.538228273391723633e-01
1.682000000000000000e+03 5.317300000000000000e+04 1.010000000000000000e+02 9.120000004768371582e-01
4.627000000000000000e+03 5.562600000000000000e+04 6.520000000000000000e+02 8.349999785423278809e-01
7.388000000000000000e+03 5.678300000000000000e+04 9.510000000000000000e+02 9.349663853645324707e-01
1.351000000000000000e+03 5.279000000000000000e+04 2.180000000000000000e+02 8.529999852180480957e-01
1.168000000000000000e+03 5.273100000000000000e+04 2.900000000000000000e+01 8.747000098228454590e-01
7.606000000000000000e+03 5.697700000000000000e+04 8.980000000000000000e+02 8.112279176712036133e-01
7.428000000000000000e+03 5.678100000000000000e+04 1.440000000000000000e+02 8.891503214836120605e-01
6.727000000000000000e+03 5.636900000000000000e+04 6.160000000000000000e+02 8.149999976158142090e-01
1.022800000000000000e+04 5.822300000000000000e+04 1.580000000000000000e+02 9.088119864463806152e-01
1.592000000000000000e+03 5.299000000000000000e+04 5.500000000000000000e+01 8.379999995231628418e-01
1.452000000000000000e+03 5.311200000000000000e+04 8.600000000000000000e+01 8.644000291824340820e-01
6.758000000000000000e+03 5.641500000000000000e+04 6.420000000000000000e+02 8.939999938011169434e-01
8.061000000000000000e+03 5.825300000000000000e+04 1.990000000000000000e+02 8.342303037643432617e-01
3.970000000000000000e+03 5.559100000000000000e+04 6.140000000000000000e+02 8.690000176429748535e-01
8.285000000000000000e+03 5.704800000000000000e+04 3.880000000000000000e+02 9.536358118057250977e-01
8.205000000000000000e+03 5.814300000000000000e+04 3.360000000000000000e+02 8.365399837493896484e-01
7.682000000000000000e+03 5.741500000000000000e+04 8.860000000000000000e+02 8.428333997726440430e-01
7.874000000000000000e+03 5.727900000000000000e+04 5.470000000000000000e+02 9.589046835899353027e-01
8.535000000000000000e+03 5.801900000000000000e+04 1.390000000000000000e+02 9.991880059242248535e-01
8.504000000000000000e+03 5.751800000000000000e+04 7.660000000000000000e+02 9.375802874565124512e-01
9.390000000000000000e+03 5.810300000000000000e+04 7.580000000000000000e+02 9.925100207328796387e-01
3.880000000000000000e+02 5.179300000000000000e+04 2.470000000000000000e+02 9.480000138282775879e-01
1.202000000000000000e+03 5.267200000000000000e+04 4.510000000000000000e+02 8.029999732971191406e-01
1.041000000000000000e+03 5.272400000000000000e+04 5.110000000000000000e+02 8.389999866485595703e-01
1.642000000000000000e+03 5.311500000000000000e+04 4.260000000000000000e+02 8.425999879837036133e-01
7.598000000000000000e+03 5.695600000000000000e+04 9.420000000000000000e+02 8.944587111473083496e-01
2.297000000000000000e+03 5.373800000000000000e+04 5.720000000000000000e+02 9.330000281333923340e-01
1.202000000000000000e+03 5.267200000000000000e+04 1.770000000000000000e+02 8.009999990463256836e-01
1.044900000000000000e+04 5.813700000000000000e+04 5.510000000000000000e+02 8.039934039115905762e-01
7.588000000000000000e+03 5.690300000000000000e+04 2.000000000000000000e+02 9.095122218132019043e-01
4.688000000000000000e+03 5.600800000000000000e+04 9.000000000000000000e+01 8.830000162124633789e-01
4.700000000000000000e+03 5.570900000000000000e+04 3.220000000000000000e+02 8.009999990463256836e-01
7.286000000000000000e+03 5.709600000000000000e+04 3.060000000000000000e+02 9.171093702316284180e-01
6.043000000000000000e+03 5.609600000000000000e+04 2.960000000000000000e+02 9.580000042915344238e-01
1.276000000000000000e+03 5.303500000000000000e+04 9.700000000000000000e+01 8.820000290870666504e-01
1.139700000000000000e+04 5.852200000000000000e+04 3.380000000000000000e+02 9.905437827110290527e-01
3.966000000000000000e+03 5.557100000000000000e+04 1.060000000000000000e+02 8.289999961853027344e-01
5.600000000000000000e+02 5.229600000000000000e+04 3.140000000000000000e+02 9.193999767303466797e-01
7.651000000000000000e+03 5.765400000000000000e+04 6.270000000000000000e+02 8.776475191116333008e-01
4.694000000000000000e+03 5.564900000000000000e+04 2.200000000000000000e+01 8.199999928474426270e-01
5.797000000000000000e+03 5.627300000000000000e+04 3.280000000000000000e+02 8.410000205039978027e-01
1.213000000000000000e+03 5.297200000000000000e+04 4.520000000000000000e+02 8.590000271797180176e-01
7.706000000000000000e+03 5.757500000000000000e+04 1.570000000000000000e+02 8.973199725151062012e-01
1.436000000000000000e+03 5.305400000000000000e+04 6.000000000000000000e+02 9.819999933242797852e-01
1.091100000000000000e+04 5.825600000000000000e+04 3.440000000000000000e+02 9.959675073623657227e-01
8.875000000000000000e+03 5.777900000000000000e+04 3.870000000000000000e+02 9.129369854927062988e-01
1.378000000000000000e+03 5.306100000000000000e+04 6.200000000000000000e+01 8.029999732971191406e-01
8.374000000000000000e+03 5.778300000000000000e+04 3.410000000000000000e+02 9.500510096549987793e-01
7.030000000000000000e+03 5.644800000000000000e+04 2.030000000000000000e+02 8.510000109672546387e-01
1.072100000000000000e+04 5.828800000000000000e+04 2.360000000000000000e+02 8.144940733909606934e-01
1.440000000000000000e+03 5.308400000000000000e+04 5.400000000000000000e+01 8.535000085830688477e-01
7.877000000000000000e+03 5.689800000000000000e+04 4.150000000000000000e+02 9.579289555549621582e-01
1.217000000000000000e+03 5.267200000000000000e+04 4.240000000000000000e+02 8.859999775886535645e-01
1.091500000000000000e+04 5.825700000000000000e+04 3.160000000000000000e+02 9.653509855270385742e-01
2.010000000000000000e+03 5.349500000000000000e+04 4.750000000000000000e+02 8.510000109672546387e-01
1.779000000000000000e+03 5.308900000000000000e+04 5.880000000000000000e+02 8.130000233650207520e-01
7.292000000000000000e+03 5.670900000000000000e+04 3.840000000000000000e+02 9.843881726264953613e-01
4.479000000000000000e+03 5.559200000000000000e+04 7.280000000000000000e+02 9.810000061988830566e-01
1.110200000000000000e+04 5.842500000000000000e+04 5.730000000000000000e+02 8.818235397338867188e-01
7.860000000000000000e+03 5.700600000000000000e+04 2.840000000000000000e+02 8.412423133850097656e-01
1.093800000000000000e+04 5.851400000000000000e+04 1.440000000000000000e+02 8.326932191848754883e-01
8.206000000000000000e+03 5.742400000000000000e+04 9.000000000000000000e+01 9.077960848808288574e-01
6.726000000000000000e+03 5.639400000000000000e+04 8.700000000000000000e+01 8.719999790191650391e-01
8.232000000000000000e+03 5.813500000000000000e+04 2.670000000000000000e+02 8.885089755058288574e-01
1.677000000000000000e+03 5.314800000000000000e+04 9.100000000000000000e+01 8.388000130653381348e-01
2.097000000000000000e+03 5.349100000000000000e+04 1.100000000000000000e+02 8.470000028610229492e-01
1.139600000000000000e+04 5.849000000000000000e+04 4.590000000000000000e+02 8.945075869560241699e-01
1.449000000000000000e+03 5.311600000000000000e+04 3.200000000000000000e+01 9.215999841690063477e-01
6.827000000000000000e+03 5.642800000000000000e+04 9.820000000000000000e+02 9.760000109672546387e-01
6.478000000000000000e+03 5.634100000000000000e+04 6.000000000000000000e+00 9.070000052452087402e-01
2.260000000000000000e+03 5.363800000000000000e+04 4.940000000000000000e+02 8.325999975204467773e-01
3.865000000000000000e+03 5.527200000000000000e+04 5.880000000000000000e+02 9.250000119209289551e-01
8.180000000000000000e+02 5.239500000000000000e+04 3.680000000000000000e+02 8.920000195503234863e-01
9.411000000000000000e+03 5.807000000000000000e+04 9.980000000000000000e+02 8.604620099067687988e-01
8.810000000000000000e+02 5.236800000000000000e+04 4.810000000000000000e+02 8.259999752044677734e-01
7.292000000000000000e+03 5.670900000000000000e+04 6.200000000000000000e+02 8.019999861717224121e-01
7.108000000000000000e+03 5.668600000000000000e+04 8.100000000000000000e+02 8.730000257492065430e-01
2.092000000000000000e+03 5.346000000000000000e+04 5.080000000000000000e+02 8.249999880790710449e-01
1.426000000000000000e+03 5.299300000000000000e+04 4.210000000000000000e+02 8.820000290870666504e-01
5.163000000000000000e+03 5.588900000000000000e+04 9.340000000000000000e+02 9.509999752044677734e-01
1.202000000000000000e+03 5.267200000000000000e+04 4.790000000000000000e+02 9.401000142097473145e-01
5.490000000000000000e+02 5.198100000000000000e+04 4.100000000000000000e+01 8.080999851226806641e-01
1.024500000000000000e+04 5.816100000000000000e+04 2.800000000000000000e+01 9.213169813156127930e-01
1.940000000000000000e+03 5.338300000000000000e+04 2.200000000000000000e+01 8.920000195503234863e-01
1.074500000000000000e+04 5.850100000000000000e+04 2.640000000000000000e+02 8.986806869506835938e-01
7.289000000000000000e+03 5.703900000000000000e+04 5.350000000000000000e+02 9.457119703292846680e-01
1.989000000000000000e+03 5.377200000000000000e+04 2.770000000000000000e+02 9.514999985694885254e-01
9.560000000000000000e+02 5.240100000000000000e+04 5.480000000000000000e+02 8.095999956130981445e-01
7.425000000000000000e+03 5.677700000000000000e+04 2.800000000000000000e+01 8.040000200271606445e-01
1.284000000000000000e+03 5.273600000000000000e+04 1.260000000000000000e+02 9.150000214576721191e-01
6.760000000000000000e+03 5.642500000000000000e+04 8.420000000000000000e+02 9.259999990463256836e-01
4.378000000000000000e+03 5.585300000000000000e+04 8.560000000000000000e+02 8.870000243186950684e-01
7.433000000000000000e+03 5.716600000000000000e+04 6.620000000000000000e+02 9.123286008834838867e-01
4.702000000000000000e+03 5.561800000000000000e+04 4.000000000000000000e+01 9.329046010971069336e-01
7.418000000000000000e+03 5.716500000000000000e+04 5.960000000000000000e+02 8.753730058670043945e-01
8.504000000000000000e+03 5.751800000000000000e+04 7.260000000000000000e+02 9.752451181411743164e-01
6.648000000000000000e+03 5.638300000000000000e+04 2.980000000000000000e+02 9.969999790191650391e-01
4.455000000000000000e+03 5.553900000000000000e+04 9.880000000000000000e+02 8.259999752044677734e-01
6.310000000000000000e+03 5.645500000000000000e+04 5.740000000000000000e+02 8.470000028610229492e-01
4.633000000000000000e+03 5.562000000000000000e+04 3.840000000000000000e+02 8.909999728202819824e-01
2.020000000000000000e+03 5.343100000000000000e+04 9.200000000000000000e+01 9.200000166893005371e-01
1.074900000000000000e+04 5.848500000000000000e+04 9.000000000000000000e+02 8.062813282012939453e-01
8.186000000000000000e+03 5.745200000000000000e+04 1.100000000000000000e+02 9.224585890769958496e-01
4.548000000000000000e+03 5.556500000000000000e+04 5.800000000000000000e+02 8.464999794960021973e-01
1.975000000000000000e+03 5.373400000000000000e+04 5.290000000000000000e+02 9.531000256538391113e-01
3.288000000000000000e+03 5.490800000000000000e+04 2.190000000000000000e+02 8.149883747100830078e-01
1.075200000000000000e+04 5.848800000000000000e+04 8.400000000000000000e+02 8.294038176536560059e-01
1.290000000000000000e+03 5.273400000000000000e+04 3.500000000000000000e+02 9.666000008583068848e-01
1.674000000000000000e+03 5.346400000000000000e+04 2.660000000000000000e+02 8.730000257492065430e-01
4.690000000000000000e+03 5.565300000000000000e+04 8.560000000000000000e+02 9.160000085830688477e-01
7.867000000000000000e+03 5.700300000000000000e+04 8.560000000000000000e+02 9.501000046730041504e-01
1.073400000000000000e+04 5.828000000000000000e+04 1.210000000000000000e+02 8.462314009666442871e-01
8.184000000000000000e+03 5.742600000000000000e+04 1.660000000000000000e+02 8.278581500053405762e-01
4.561000000000000000e+03 5.561400000000000000e+04 3.880000000000000000e+02 8.370000123977661133e-01
7.238000000000000000e+03 5.666000000000000000e+04 6.790000000000000000e+02 9.530000090599060059e-01
7.310000000000000000e+03 5.669300000000000000e+04 4.940000000000000000e+02 8.259999752044677734e-01
8.390000000000000000e+03 5.748500000000000000e+04 8.860000000000000000e+02 9.522147178649902344e-01
1.400000000000000000e+03 5.347000000000000000e+04 4.880000000000000000e+02 8.506000041961669922e-01
6.831000000000000000e+03 5.642600000000000000e+04 9.260000000000000000e+02 8.349999785423278809e-01
8.404000000000000000e+03 5.748100000000000000e+04 7.270000000000000000e+02 8.408982753753662109e-01
1.681000000000000000e+03 5.317200000000000000e+04 6.400000000000000000e+02 8.190000057220458984e-01
6.679000000000000000e+03 5.640100000000000000e+04 8.600000000000000000e+02 8.349999785423278809e-01
1.091000000000000000e+04 5.825400000000000000e+04 6.770000000000000000e+02 9.230470061302185059e-01
6.635000000000000000e+03 5.637000000000000000e+04 3.400000000000000000e+02 9.437410831451416016e-01
5.170000000000000000e+03 5.606300000000000000e+04 7.860000000000000000e+02 9.689999818801879883e-01
8.383000000000000000e+03 5.751800000000000000e+04 7.650000000000000000e+02 9.877707958221435547e-01
7.913000000000000000e+03 5.733300000000000000e+04 7.500000000000000000e+02 8.419809937477111816e-01
1.073800000000000000e+04 5.825100000000000000e+04 1.740000000000000000e+02 9.173910021781921387e-01
1.457000000000000000e+03 5.311600000000000000e+04 5.520000000000000000e+02 8.073999881744384766e-01
9.349000000000000000e+03 5.806800000000000000e+04 4.900000000000000000e+02 8.671020269393920898e-01
9.163000000000000000e+03 5.804300000000000000e+04 9.540000000000000000e+02 9.168983101844787598e-01
1.396000000000000000e+03 5.311200000000000000e+04 1.600000000000000000e+02 9.571999907493591309e-01
1.592000000000000000e+03 5.299000000000000000e+04 5.380000000000000000e+02 8.988000154495239258e-01
1.076000000000000000e+04 5.822400000000000000e+04 1.140000000000000000e+02 9.027544856071472168e-01
6.634000000000000000e+03 5.636700000000000000e+04 3.810000000000000000e+02 9.440000057220458984e-01
6.157000000000000000e+03 5.623800000000000000e+04 7.300000000000000000e+02 8.349999785423278809e-01
7.864000000000000000e+03 5.697900000000000000e+04 6.740000000000000000e+02 9.346813559532165527e-01
2.004000000000000000e+03 5.373700000000000000e+04 1.750000000000000000e+02 9.168999791145324707e-01
1.679000000000000000e+03 5.314900000000000000e+04 5.160000000000000000e+02 9.329000115394592285e-01
1.453000000000000000e+03 5.308400000000000000e+04 4.660000000000000000e+02 9.588000178337097168e-01
1.400000000000000000e+03 5.347000000000000000e+04 4.020000000000000000e+02 9.049999713897705078e-01
8.375000000000000000e+03 5.752000000000000000e+04 8.540000000000000000e+02 8.564666509628295898e-01
8.424000000000000000e+03 5.824800000000000000e+04 7.540000000000000000e+02 8.388910293579101562e-01
1.735000000000000000e+03 5.303500000000000000e+04 6.140000000000000000e+02 9.580000042915344238e-01
1.976000000000000000e+03 5.340100000000000000e+04 4.290000000000000000e+02 8.930000066757202148e-01
6.619000000000000000e+03 5.637100000000000000e+04 1.240000000000000000e+02 8.169999718666076660e-01
8.182000000000000000e+03 5.699300000000000000e+04 3.060000000000000000e+02 8.720272779464721680e-01
9.168000000000000000e+03 5.806700000000000000e+04 7.240000000000000000e+02 8.933386206626892090e-01
1.207000000000000000e+03 5.267200000000000000e+04 8.000000000000000000e+00 8.629999756813049316e-01
1.065700000000000000e+04 5.815700000000000000e+04 3.100000000000000000e+02 8.681920766830444336e-01
9.154000000000000000e+03 5.801300000000000000e+04 9.150000000000000000e+02 8.401799798011779785e-01
8.877000000000000000e+03 5.778200000000000000e+04 7.040000000000000000e+02 8.335279822349548340e-01
1.045800000000000000e+04 5.814300000000000000e+04 7.360000000000000000e+02 9.442946910858154297e-01
8.229000000000000000e+03 5.743000000000000000e+04 5.560000000000000000e+02 8.306327462196350098e-01
8.747000000000000000e+03 5.740100000000000000e+04 1.530000000000000000e+02 8.967581987380981445e-01
1.128100000000000000e+04 5.842400000000000000e+04 7.000000000000000000e+01 8.799340724945068359e-01
1.128700000000000000e+04 5.842900000000000000e+04 5.940000000000000000e+02 9.597010016441345215e-01
6.677000000000000000e+03 5.638500000000000000e+04 7.690000000000000000e+02 8.999999761581420898e-01
4.956000000000000000e+03 5.573700000000000000e+04 9.280000000000000000e+02 8.090000152587890625e-01
4.451000000000000000e+03 5.553700000000000000e+04 1.340000000000000000e+02 8.209999799728393555e-01
1.044200000000000000e+04 5.814100000000000000e+04 1.440000000000000000e+02 8.389999866485595703e-01
6.649000000000000000e+03 5.636400000000000000e+04 7.220000000000000000e+02 9.250000119209289551e-01
4.293000000000000000e+03 5.550900000000000000e+04 3.560000000000000000e+02 8.799999952316284180e-01
1.074200000000000000e+04 5.819800000000000000e+04 3.500000000000000000e+01 8.267135024070739746e-01
1.135200000000000000e+04 5.845600000000000000e+04 6.860000000000000000e+02 9.134842753410339355e-01
2.019000000000000000e+03 5.343000000000000000e+04 5.710000000000000000e+02 8.659999966621398926e-01
7.677000000000000000e+03 5.736300000000000000e+04 8.820000000000000000e+02 8.822575807571411133e-01
1.138300000000000000e+04 5.848500000000000000e+04 2.640000000000000000e+02 9.791978001594543457e-01
7.094000000000000000e+03 5.666000000000000000e+04 1.020000000000000000e+02 9.319999814033508301e-01
4.701000000000000000e+03 5.570900000000000000e+04 9.140000000000000000e+02 9.660000205039978027e-01
1.314000000000000000e+03 5.305000000000000000e+04 2.800000000000000000e+01 8.999999761581420898e-01
1.011000000000000000e+03 5.265200000000000000e+04 4.090000000000000000e+02 8.159999847412109375e-01
8.743000000000000000e+03 5.766300000000000000e+04 2.500000000000000000e+02 9.112423062324523926e-01
5.700000000000000000e+03 5.624500000000000000e+04 2.620000000000000000e+02 8.889999985694885254e-01
5.201000000000000000e+03 5.583200000000000000e+04 8.020000000000000000e+02 8.659999966621398926e-01
4.352000000000000000e+03 5.553300000000000000e+04 5.090000000000000000e+02 8.650000095367431641e-01
1.489000000000000000e+03 5.299100000000000000e+04 1.800000000000000000e+02 8.687000274658203125e-01
1.416000000000000000e+03 5.287500000000000000e+04 4.200000000000000000e+02 9.750000238418579102e-01
1.025000000000000000e+04 5.847200000000000000e+04 1.560000000000000000e+02 9.980373978614807129e-01
7.419000000000000000e+03 5.681100000000000000e+04 2.450000000000000000e+02 9.089999794960021973e-01
1.072400000000000000e+04 5.839100000000000000e+04 4.500000000000000000e+02 8.222153782844543457e-01
1.154600000000000000e+04 5.848800000000000000e+04 9.720000000000000000e+02 8.653861880302429199e-01
8.173000000000000000e+03 5.737500000000000000e+04 6.050000000000000000e+02 9.014473557472229004e-01
8.850000000000000000e+03 5.778200000000000000e+04 5.710000000000000000e+02 8.983839750289916992e-01
4.995000000000000000e+03 5.573900000000000000e+04 6.020000000000000000e+02 9.350000023841857910e-01
7.870000000000000000e+03 5.701600000000000000e+04 4.060000000000000000e+02 8.815944790840148926e-01
7.722000000000000000e+03 5.842500000000000000e+04 6.780000000000000000e+02 8.595802187919616699e-01
1.313000000000000000e+03 5.279000000000000000e+04 3.250000000000000000e+02 8.610000014305114746e-01
1.404000000000000000e+03 5.282500000000000000e+04 5.780000000000000000e+02 9.530000090599060059e-01
2.464000000000000000e+03 5.427200000000000000e+04 1.820000000000000000e+02 8.183248043060302734e-01
1.365000000000000000e+03 5.306200000000000000e+04 1.900000000000000000e+02 8.134999871253967285e-01
3.968000000000000000e+03 5.559000000000000000e+04 4.660000000000000000e+02 9.990000128746032715e-01
8.821000000000000000e+03 5.773100000000000000e+04 6.720000000000000000e+02 8.987830281257629395e-01
7.680000000000000000e+03 5.813100000000000000e+04 1.900000000000000000e+01 9.410241842269897461e-01
1.022800000000000000e+04 5.822300000000000000e+04 2.320000000000000000e+02 9.685286283493041992e-01
8.878000000000000000e+03 5.778500000000000000e+04 2.440000000000000000e+02 8.883609771728515625e-01
1.998000000000000000e+03 5.343300000000000000e+04 3.840000000000000000e+02 8.565000295639038086e-01
8.237000000000000000e+03 5.816200000000000000e+04 7.740000000000000000e+02 9.078266024589538574e-01
8.214000000000000000e+03 5.786700000000000000e+04 3.240000000000000000e+02 8.887462019920349121e-01
8.388000000000000000e+03 5.748800000000000000e+04 7.190000000000000000e+02 9.784110784530639648e-01
1.214000000000000000e+03 5.273100000000000000e+04 4.560000000000000000e+02 8.759999871253967285e-01
6.296000000000000000e+03 5.621900000000000000e+04 6.800000000000000000e+01 8.679999709129333496e-01
7.293000000000000000e+03 5.674100000000000000e+04 1.660000000000000000e+02 8.610000014305114746e-01
1.025400000000000000e+04 5.851400000000000000e+04 8.810000000000000000e+02 9.704250097274780273e-01
6.648000000000000000e+03 5.638300000000000000e+04 7.180000000000000000e+02 8.769999742507934570e-01
1.047200000000000000e+04 5.815900000000000000e+04 6.760000000000000000e+02 8.360511064529418945e-01
1.074300000000000000e+04 5.822200000000000000e+04 9.480000000000000000e+02 8.235706090927124023e-01
4.286000000000000000e+03 5.549900000000000000e+04 3.660000000000000000e+02 8.429999947547912598e-01
1.049000000000000000e+03 5.275100000000000000e+04 5.510000000000000000e+02 8.989999890327453613e-01
1.140100000000000000e+04 5.849100000000000000e+04 8.400000000000000000e+02 8.375239968299865723e-01
8.490000000000000000e+03 5.710400000000000000e+04 3.800000000000000000e+02 9.693310260772705078e-01
4.450000000000000000e+02 5.187300000000000000e+04 1.180000000000000000e+02 9.394999742507934570e-01
7.596000000000000000e+03 5.694500000000000000e+04 1.380000000000000000e+02 9.218552112579345703e-01
4.687000000000000000e+03 5.636900000000000000e+04 8.560000000000000000e+02 9.060000181198120117e-01
6.677000000000000000e+03 5.638500000000000000e+04 7.800000000000000000e+02 8.569999933242797852e-01
1.946000000000000000e+03 5.343200000000000000e+04 1.840000000000000000e+02 8.159999847412109375e-01
9.320000000000000000e+02 5.262000000000000000e+04 4.100000000000000000e+02 8.590000271797180176e-01
1.128100000000000000e+04 5.842400000000000000e+04 4.680000000000000000e+02 9.702932834625244141e-01
1.465000000000000000e+03 5.308200000000000000e+04 2.530000000000000000e+02 9.582999944686889648e-01
8.175000000000000000e+03 5.703900000000000000e+04 8.160000000000000000e+02 9.805977940559387207e-01
7.677000000000000000e+03 5.736300000000000000e+04 3.280000000000000000e+02 9.434331059455871582e-01
6.520000000000000000e+03 5.654100000000000000e+04 6.130000000000000000e+02 8.579999804496765137e-01
6.398000000000000000e+03 5.635600000000000000e+04 8.900000000000000000e+02 9.649999737739562988e-01
2.098000000000000000e+03 5.346000000000000000e+04 1.200000000000000000e+01 8.826000094413757324e-01
6.695000000000000000e+03 5.662800000000000000e+04 2.040000000000000000e+02 9.020000100135803223e-01
8.762000000000000000e+03 5.769300000000000000e+04 5.870000000000000000e+02 8.730127215385437012e-01
1.451000000000000000e+03 5.311700000000000000e+04 6.390000000000000000e+02 8.713999986648559570e-01
1.091900000000000000e+04 5.825500000000000000e+04 3.900000000000000000e+02 9.734023809432983398e-01
4.460000000000000000e+02 5.189900000000000000e+04 4.360000000000000000e+02 8.338999748229980469e-01
9.404000000000000000e+03 5.804500000000000000e+04 1.490000000000000000e+02 9.410700798034667969e-01
8.293000000000000000e+03 5.736100000000000000e+04 8.470000000000000000e+02 9.528425931930541992e-01
7.701000000000000000e+03 5.735600000000000000e+04 5.840000000000000000e+02 8.406062126159667969e-01
1.274000000000000000e+03 5.299500000000000000e+04 1.210000000000000000e+02 8.309000134468078613e-01
1.150000000000000000e+03 5.264400000000000000e+04 7.900000000000000000e+01 8.349999785423278809e-01
9.328000000000000000e+03 5.772700000000000000e+04 7.890000000000000000e+02 8.830000162124633789e-01
7.862000000000000000e+03 5.698400000000000000e+04 2.240000000000000000e+02 9.180737733840942383e-01
7.716000000000000000e+03 5.809700000000000000e+04 3.840000000000000000e+02 8.007782101631164551e-01
7.729000000000000000e+03 5.813500000000000000e+04 5.680000000000000000e+02 8.787636160850524902e-01
6.665000000000000000e+03 5.639000000000000000e+04 1.400000000000000000e+02 8.939999938011169434e-01
1.106200000000000000e+04 5.850900000000000000e+04 5.490000000000000000e+02 9.578546285629272461e-01
7.742000000000000000e+03 5.807600000000000000e+04 1.050000000000000000e+02 9.938939809799194336e-01
8.173000000000000000e+03 5.737500000000000000e+04 1.320000000000000000e+02 9.999039173126220703e-01
9.156000000000000000e+03 5.803900000000000000e+04 7.640000000000000000e+02 8.317899703979492188e-01
9.603000000000000000e+03 5.813200000000000000e+04 1.290000000000000000e+02 8.705669045448303223e-01
8.228000000000000000e+03 5.742300000000000000e+04 7.580000000000000000e+02 9.381346702575683594e-01
8.175000000000000000e+03 5.703900000000000000e+04 5.620000000000000000e+02 9.253523945808410645e-01
1.066100000000000000e+04 5.817100000000000000e+04 4.920000000000000000e+02 9.184076189994812012e-01
1.275000000000000000e+03 5.299600000000000000e+04 4.790000000000000000e+02 8.519999980926513672e-01
7.517000000000000000e+03 5.677200000000000000e+04 3.700000000000000000e+02 8.059999942779541016e-01
8.751000000000000000e+03 5.768500000000000000e+04 3.620000000000000000e+02 8.669795989990234375e-01
1.404000000000000000e+03 5.282500000000000000e+04 4.770000000000000000e+02 9.509999752044677734e-01
9.710000000000000000e+02 5.264400000000000000e+04 4.790000000000000000e+02 9.326999783515930176e-01
4.460000000000000000e+02 5.189900000000000000e+04 3.200000000000000000e+01 8.334000110626220703e-01
7.513000000000000000e+03 5.678000000000000000e+04 3.420000000000000000e+02 8.519999980926513672e-01
7.641000000000000000e+03 5.730700000000000000e+04 4.970000000000000000e+02 9.263554215431213379e-01
8.214000000000000000e+03 5.786700000000000000e+04 3.090000000000000000e+02 9.676070213317871094e-01
4.373000000000000000e+03 5.581100000000000000e+04 8.080000000000000000e+02 8.320000171661376953e-01
8.790000000000000000e+03 5.736300000000000000e+04 2.230000000000000000e+02 8.640000224113464355e-01
3.980000000000000000e+02 5.178900000000000000e+04 2.200000000000000000e+02 9.652000069618225098e-01
9.171000000000000000e+03 5.806800000000000000e+04 9.670000000000000000e+02 9.351279735565185547e-01
7.693000000000000000e+03 5.736100000000000000e+04 8.860000000000000000e+02 8.503897190093994141e-01
1.130200000000000000e+04 5.843600000000000000e+04 1.990000000000000000e+02 9.511991143226623535e-01
7.898000000000000000e+03 5.736300000000000000e+04 4.400000000000000000e+02 8.012483716011047363e-01
1.128700000000000000e+04 5.842900000000000000e+04 6.650000000000000000e+02 9.047225117683410645e-01
7.643000000000000000e+03 5.730200000000000000e+04 2.000000000000000000e+02 8.470266461372375488e-01
7.697000000000000000e+03 5.757400000000000000e+04 1.580000000000000000e+02 8.493921756744384766e-01
8.173000000000000000e+03 5.737500000000000000e+04 7.650000000000000000e+02 9.685981273651123047e-01
6.283000000000000000e+03 5.623900000000000000e+04 9.880000000000000000e+02 8.140000104904174805e-01
1.983000000000000000e+03 5.344200000000000000e+04 5.890000000000000000e+02 8.600000143051147461e-01
7.630000000000000000e+03 5.700600000000000000e+04 7.990000000000000000e+02 9.849423170089721680e-01
7.580000000000000000e+03 5.695500000000000000e+04 7.220000000000000000e+02 8.021960258483886719e-01
7.736000000000000000e+03 5.772800000000000000e+04 3.190000000000000000e+02 9.649149775505065918e-01
7.742000000000000000e+03 5.807600000000000000e+04 9.800000000000000000e+02 9.122790098190307617e-01
7.607000000000000000e+03 5.690200000000000000e+04 1.950000000000000000e+02 8.426839113235473633e-01
8.287000000000000000e+03 5.740100000000000000e+04 1.000000000000000000e+01 8.109114170074462891e-01
8.228000000000000000e+03 5.742300000000000000e+04 9.150000000000000000e+02 9.663801193237304688e-01
7.086000000000000000e+03 5.665800000000000000e+04 1.580000000000000000e+02 9.900000095367431641e-01
1.025000000000000000e+04 5.847200000000000000e+04 8.620000000000000000e+02 9.864580035209655762e-01
9.180000000000000000e+03 5.769300000000000000e+04 1.750000000000000000e+02 8.180000185966491699e-01
8.762000000000000000e+03 5.769300000000000000e+04 7.400000000000000000e+02 9.219455718994140625e-01
6.675000000000000000e+03 5.641500000000000000e+04 3.720000000000000000e+02 9.570000171661376953e-01
1.065500000000000000e+04 5.817200000000000000e+04 5.000000000000000000e+01 8.420560956001281738e-01
8.860000000000000000e+03 5.745800000000000000e+04 7.100000000000000000e+02 9.306092858314514160e-01
1.279000000000000000e+03 5.273600000000000000e+04 1.680000000000000000e+02 9.674999713897705078e-01
6.681000000000000000e+03 5.641900000000000000e+04 2.780000000000000000e+02 8.130000233650207520e-01
7.588000000000000000e+03 5.690300000000000000e+04 9.950000000000000000e+02 8.841553926467895508e-01
2.087000000000000000e+03 5.341500000000000000e+04 5.480000000000000000e+02 8.539999723434448242e-01
1.869000000000000000e+03 5.332700000000000000e+04 2.720000000000000000e+02 9.100000262260437012e-01
7.703000000000000000e+03 5.733300000000000000e+04 1.120000000000000000e+02 9.092234373092651367e-01
6.840000000000000000e+02 5.252300000000000000e+04 3.660000000000000000e+02 9.869999885559082031e-01
9.349000000000000000e+03 5.806800000000000000e+04 8.770000000000000000e+02 9.580420255661010742e-01
1.107900000000000000e+04 5.848500000000000000e+04 6.360000000000000000e+02 9.605891704559326172e-01
9.363000000000000000e+03 5.774200000000000000e+04 7.520000000000000000e+02 9.895818829536437988e-01
9.167000000000000000e+03 5.806400000000000000e+04 6.000000000000000000e+02 9.760890007019042969e-01
7.714000000000000000e+03 5.736300000000000000e+04 4.940000000000000000e+02 8.515176177024841309e-01
8.224000000000000000e+03 5.737800000000000000e+04 5.760000000000000000e+02 8.424569964408874512e-01
8.228000000000000000e+03 5.742300000000000000e+04 8.540000000000000000e+02 9.273545145988464355e-01
5.693000000000000000e+03 5.624600000000000000e+04 7.610000000000000000e+02 8.169999718666076660e-01
2.097000000000000000e+03 5.349100000000000000e+04 5.360000000000000000e+02 9.660000205039978027e-01
4.350000000000000000e+02 5.188200000000000000e+04 6.040000000000000000e+02 8.280000090599060059e-01
6.641000000000000000e+03 5.638300000000000000e+04 7.480000000000000000e+02 8.119999766349792480e-01
9.141000000000000000e+03 5.766300000000000000e+04 2.200000000000000000e+01 9.743390083312988281e-01
1.416000000000000000e+03 5.287500000000000000e+04 5.030000000000000000e+02 9.393000006675720215e-01
7.867000000000000000e+03 5.700300000000000000e+04 1.700000000000000000e+02 9.722719788551330566e-01
6.833000000000000000e+03 5.641300000000000000e+04 1.910000000000000000e+02 9.509999752044677734e-01
1.065500000000000000e+04 5.817200000000000000e+04 6.470000000000000000e+02 8.299325704574584961e-01
8.231000000000000000e+03 5.819900000000000000e+04 7.060000000000000000e+02 8.898720145225524902e-01
9.141000000000000000e+03 5.766300000000000000e+04 6.400000000000000000e+01 9.855440258979797363e-01
7.540000000000000000e+02 5.223200000000000000e+04 1.330000000000000000e+02 8.521999716758728027e-01
1.127700000000000000e+04 5.845000000000000000e+04 4.230000000000000000e+02 9.958806037902832031e-01
9.405000000000000000e+03 5.804800000000000000e+04 8.290000000000000000e+02 8.240000009536743164e-01
1.131300000000000000e+04 5.842600000000000000e+04 7.790000000000000000e+02 8.359664082527160645e-01
1.066300000000000000e+04 5.816200000000000000e+04 5.270000000000000000e+02 9.699580073356628418e-01
7.686000000000000000e+03 5.701500000000000000e+04 5.640000000000000000e+02 9.864844083786010742e-01
8.744000000000000000e+03 5.812400000000000000e+04 7.540000000000000000e+02 8.838766813278198242e-01
5.700000000000000000e+03 5.624500000000000000e+04 2.400000000000000000e+01 8.799999952316284180e-01
9.443000000000000000e+03 5.807400000000000000e+04 7.490000000000000000e+02 8.601039052009582520e-01
4.418000000000000000e+03 5.586200000000000000e+04 6.490000000000000000e+02 8.370000123977661133e-01
7.405000000000000000e+03 5.713400000000000000e+04 4.040000000000000000e+02 8.439034819602966309e-01
7.683000000000000000e+03 5.813300000000000000e+04 5.720000000000000000e+02 9.501219987869262695e-01
8.746000000000000000e+03 5.839600000000000000e+04 3.640000000000000000e+02 9.715396761894226074e-01
8.730000000000000000e+03 5.767200000000000000e+04 7.720000000000000000e+02 9.776844978332519531e-01
7.699000000000000000e+03 5.757400000000000000e+04 6.300000000000000000e+02 8.678691983222961426e-01
3.967000000000000000e+03 5.570400000000000000e+04 2.270000000000000000e+02 8.266451954841613770e-01
1.074000000000000000e+03 5.293700000000000000e+04 5.900000000000000000e+01 9.804000258445739746e-01
4.266000000000000000e+03 5.548600000000000000e+04 5.900000000000000000e+02 8.040000200271606445e-01
1.129600000000000000e+04 5.842500000000000000e+04 6.860000000000000000e+02 8.333483934402465820e-01
7.623000000000000000e+03 5.690100000000000000e+04 7.880000000000000000e+02 9.290491342544555664e-01
8.295000000000000000e+03 5.740100000000000000e+04 7.680000000000000000e+02 9.330009222030639648e-01
3.820000000000000000e+02 5.181600000000000000e+04 1.090000000000000000e+02 8.659999966621398926e-01
3.764000000000000000e+03 5.551400000000000000e+04 3.760000000000000000e+02 8.149999976158142090e-01
9.179000000000000000e+03 5.768200000000000000e+04 9.650000000000000000e+02 9.276595115661621094e-01
7.856000000000000000e+03 5.726000000000000000e+04 1.200000000000000000e+02 8.667607307434082031e-01
9.139000000000000000e+03 5.803800000000000000e+04 4.250000000000000000e+02 9.048452973365783691e-01
9.163000000000000000e+03 5.804300000000000000e+04 6.280000000000000000e+02 8.374633789062500000e-01
7.300000000000000000e+03 5.670700000000000000e+04 4.430000000000000000e+02 9.850000143051147461e-01
1.066200000000000000e+04 5.815800000000000000e+04 3.690000000000000000e+02 9.621366262435913086e-01
5.125000000000000000e+03 5.586300000000000000e+04 3.720000000000000000e+02 8.859999775886535645e-01
9.160000000000000000e+03 5.765600000000000000e+04 7.550000000000000000e+02 9.266300201416015625e-01
7.143000000000000000e+03 5.657200000000000000e+04 9.320000000000000000e+02 8.379999995231628418e-01
8.250000000000000000e+02 5.228900000000000000e+04 6.400000000000000000e+01 9.792000055313110352e-01
5.500000000000000000e+02 5.195900000000000000e+04 4.100000000000000000e+01 8.507000207901000977e-01
7.745000000000000000e+03 5.807700000000000000e+04 9.770000000000000000e+02 9.506735205650329590e-01
1.129400000000000000e+04 5.845100000000000000e+04 5.380000000000000000e+02 9.420719742774963379e-01
5.060000000000000000e+03 5.618100000000000000e+04 2.480000000000000000e+02 9.089999794960021973e-01
6.588000000000000000e+03 5.653600000000000000e+04 3.760000000000000000e+02 9.419999718666076660e-01
7.578000000000000000e+03 5.695600000000000000e+04 9.400000000000000000e+02 9.489148259162902832e-01
8.750000000000000000e+03 5.840100000000000000e+04 8.900000000000000000e+02 8.526738286018371582e-01
7.751000000000000000e+03 5.808100000000000000e+04 8.910000000000000000e+02 9.906576871871948242e-01
7.098000000000000000e+03 5.666100000000000000e+04 2.330000000000000000e+02 8.809999823570251465e-01
6.499000000000000000e+03 5.657100000000000000e+04 5.140000000000000000e+02 8.949999809265136719e-01
4.228000000000000000e+03 5.548400000000000000e+04 1.640000000000000000e+02 9.089999794960021973e-01
9.160000000000000000e+03 5.765600000000000000e+04 7.600000000000000000e+01 8.222969770431518555e-01
6.589000000000000000e+03 5.653600000000000000e+04 5.730000000000000000e+02 8.249999880790710449e-01
1.111900000000000000e+04 5.848500000000000000e+04 1.560000000000000000e+02 8.482999801635742188e-01
7.582000000000000000e+03 5.696000000000000000e+04 1.400000000000000000e+02 8.696287274360656738e-01
