1.008000000000000000e+03 5.270700000000000000e+04 4.960000000000000000e+02 1.415733993053436279e-01
1.464000000000000000e+03 5.309100000000000000e+04 2.900000000000000000e+01 1.180000007152557373e-01
1.326000000000000000e+03 5.276400000000000000e+04 4.000000000000000000e+02 1.481443941593170166e-01
6.270000000000000000e+02 5.214400000000000000e+04 4.080000000000000000e+02 1.159999966621398926e-01
9.720000000000000000e+02 5.243500000000000000e+04 4.350000000000000000e+02 1.909999996423721313e-01
6.290000000000000000e+02 5.205100000000000000e+04 5.260000000000000000e+02 2.246367931365966797e-01
4.030000000000000000e+02 5.187100000000000000e+04 6.310000000000000000e+02 2.984806001186370850e-01
1.438000000000000000e+03 5.305400000000000000e+04 1.650000000000000000e+02 1.360000073909759521e-01
7.759000000000000000e+03 5.840100000000000000e+04 3.240000000000000000e+02 1.664451062679290771e-01
1.998000000000000000e+03 5.343300000000000000e+04 1.870000000000000000e+02 1.030000001192092896e-01
1.066300000000000000e+04 5.816200000000000000e+04 1.960000000000000000e+02 2.684685885906219482e-01
1.285000000000000000e+03 5.272300000000000000e+04 3.700000000000000000e+01 1.451285928487777710e-01
4.977000000000000000e+03 5.604700000000000000e+04 7.480000000000000000e+02 2.566314935684204102e-01
7.406000000000000000e+03 5.680500000000000000e+04 5.270000000000000000e+02 2.721641063690185547e-01
1.319000000000000000e+03 5.279100000000000000e+04 1.290000000000000000e+02 1.059999987483024597e-01
1.048000000000000000e+03 5.273600000000000000e+04 4.160000000000000000e+02 1.560000032186508179e-01
1.395000000000000000e+03 5.282500000000000000e+04 8.300000000000000000e+01 1.589999943971633911e-01
9.050000000000000000e+02 5.264300000000000000e+04 4.810000000000000000e+02 1.190000027418136597e-01
9.740000000000000000e+02 5.242700000000000000e+04 6.700000000000000000e+01 1.121869012713432312e-01
4.287000000000000000e+03 5.548300000000000000e+04 3.940000000000000000e+02 2.466139942407608032e-01
1.371000000000000000e+03 5.282100000000000000e+04 5.800000000000000000e+02 1.087490990757942200e-01
6.310000000000000000e+02 5.207900000000000000e+04 3.250000000000000000e+02 1.289999932050704956e-01
7.960000000000000000e+02 5.240100000000000000e+04 4.200000000000000000e+01 1.159999966621398926e-01
7.950000000000000000e+02 5.237800000000000000e+04 4.330000000000000000e+02 1.739999949932098389e-01
9.490000000000000000e+02 5.242700000000000000e+04 1.700000000000000000e+01 1.418451070785522461e-01
1.336000000000000000e+03 5.275900000000000000e+04 2.010000000000000000e+02 1.860000044107437134e-01
6.080000000000000000e+02 5.208100000000000000e+04 1.000000000000000000e+00 2.099999934434890747e-01
9.690000000000000000e+02 5.244200000000000000e+04 2.720000000000000000e+02 2.096576988697052002e-01
8.160000000000000000e+02 5.237900000000000000e+04 6.030000000000000000e+02 1.369999945163726807e-01
1.345000000000000000e+03 5.281400000000000000e+04 5.900000000000000000e+01 2.888151109218597412e-01
1.995000000000000000e+03 5.341500000000000000e+04 2.600000000000000000e+01 1.333615928888320923e-01
1.373000000000000000e+03 5.306300000000000000e+04 3.270000000000000000e+02 1.959999948740005493e-01
8.214000000000000000e+03 5.786700000000000000e+04 3.900000000000000000e+02 1.500000059604644775e-01
1.406000000000000000e+03 5.287600000000000000e+04 3.700000000000000000e+01 2.995333969593048096e-01
7.682000000000000000e+03 5.741500000000000000e+04 5.580000000000000000e+02 1.769332438707351685e-01
6.120000000000000000e+02 5.207900000000000000e+04 1.650000000000000000e+02 2.329999953508377075e-01
3.406000000000000000e+03 5.497000000000000000e+04 1.770000000000000000e+02 2.930000126361846924e-01
9.030000000000000000e+02 5.240000000000000000e+04 4.750000000000000000e+02 1.459999978542327881e-01
1.074800000000000000e+04 5.822400000000000000e+04 3.440000000000000000e+02 2.646122872829437256e-01
8.174000000000000000e+03 5.737400000000000000e+04 9.000000000000000000e+02 1.455614566802978516e-01
8.287000000000000000e+03 5.740100000000000000e+04 6.920000000000000000e+02 1.388728320598602295e-01
1.038000000000000000e+03 5.267300000000000000e+04 2.910000000000000000e+02 2.807599902153015137e-01
1.418000000000000000e+03 5.314200000000000000e+04 1.110000000000000000e+02 1.771903932094573975e-01
7.940000000000000000e+02 5.237600000000000000e+04 5.500000000000000000e+02 1.596124023199081421e-01
1.357000000000000000e+03 5.303400000000000000e+04 2.140000000000000000e+02 1.709370017051696777e-01
6.799000000000000000e+03 5.647800000000000000e+04 2.740000000000000000e+02 1.429592072963714600e-01
2.010000000000000000e+03 5.349500000000000000e+04 6.010000000000000000e+02 1.930000036954879761e-01
7.650000000000000000e+03 5.757500000000000000e+04 5.540000000000000000e+02 1.486084014177322388e-01
1.272000000000000000e+03 5.298900000000000000e+04 6.380000000000000000e+02 1.163659989833831787e-01
9.000000000000000000e+02 5.263700000000000000e+04 2.310000000000000000e+02 2.359876036643981934e-01
6.140000000000000000e+02 5.343700000000000000e+04 5.160000000000000000e+02 1.498575061559677124e-01
1.280000000000000000e+03 5.273800000000000000e+04 3.610000000000000000e+02 2.360000014305114746e-01
1.329000000000000000e+03 5.276700000000000000e+04 1.260000000000000000e+02 1.223409026861190796e-01
1.956000000000000000e+03 5.343700000000000000e+04 4.760000000000000000e+02 1.613762974739074707e-01
1.975000000000000000e+03 5.373400000000000000e+04 5.670000000000000000e+02 1.350163966417312622e-01
8.120000000000000000e+02 5.235200000000000000e+04 2.610000000000000000e+02 2.990072965621948242e-01
1.052000000000000000e+03 5.246600000000000000e+04 5.190000000000000000e+02 1.930000036954879761e-01
4.371000000000000000e+03 5.583000000000000000e+04 9.070000000000000000e+02 2.970156073570251465e-01
8.421000000000000000e+03 5.822300000000000000e+04 6.660000000000000000e+02 2.959710061550140381e-01
1.285000000000000000e+03 5.272300000000000000e+04 4.600000000000000000e+01 2.669999897480010986e-01
1.045000000000000000e+03 5.272500000000000000e+04 5.010000000000000000e+02 2.472933977842330933e-01
1.287000000000000000e+03 5.272800000000000000e+04 1.730000000000000000e+02 2.109999954700469971e-01
7.873000000000000000e+03 5.730700000000000000e+04 4.380000000000000000e+02 1.438776999711990356e-01
1.327000000000000000e+03 5.278100000000000000e+04 1.010000000000000000e+02 2.709999978542327881e-01
1.998000000000000000e+03 5.343300000000000000e+04 5.400000000000000000e+02 2.257158011198043823e-01
1.288000000000000000e+03 5.273100000000000000e+04 2.390000000000000000e+02 1.720000058412551880e-01
1.328000000000000000e+03 5.278600000000000000e+04 3.900000000000000000e+02 1.410000026226043701e-01
1.076300000000000000e+04 5.839500000000000000e+04 5.460000000000000000e+02 2.088941037654876709e-01
1.684000000000000000e+03 5.323900000000000000e+04 3.870000000000000000e+02 1.819999963045120239e-01
2.005000000000000000e+03 5.347200000000000000e+04 1.580000000000000000e+02 2.115917056798934937e-01
2.883000000000000000e+03 5.452500000000000000e+04 4.280000000000000000e+02 1.775245964527130127e-01
1.992000000000000000e+03 5.346600000000000000e+04 4.910000000000000000e+02 1.679999977350234985e-01
8.510000000000000000e+03 5.784600000000000000e+04 9.900000000000000000e+01 1.618241965770721436e-01
1.353000000000000000e+03 5.308300000000000000e+04 4.060000000000000000e+02 1.990000009536743164e-01
1.436000000000000000e+03 5.305400000000000000e+04 5.230000000000000000e+02 1.491008996963500977e-01
9.500000000000000000e+02 5.237800000000000000e+04 5.480000000000000000e+02 1.589999943971633911e-01
8.537000000000000000e+03 5.801400000000000000e+04 5.980000000000000000e+02 2.128621935844421387e-01
1.350000000000000000e+03 5.278600000000000000e+04 3.940000000000000000e+02 1.700093001127243042e-01
8.870000000000000000e+02 5.237600000000000000e+04 6.290000000000000000e+02 2.773045003414154053e-01
1.022900000000000000e+04 5.844100000000000000e+04 3.200000000000000000e+01 2.778331041336059570e-01
7.890000000000000000e+02 5.234200000000000000e+04 1.330000000000000000e+02 2.808423936367034912e-01
6.100000000000000000e+02 5.205600000000000000e+04 5.830000000000000000e+02 2.989074885845184326e-01
7.940000000000000000e+02 5.237600000000000000e+04 5.060000000000000000e+02 1.990000009536743164e-01
1.075800000000000000e+04 5.822000000000000000e+04 3.900000000000000000e+02 2.749670147895812988e-01
9.720000000000000000e+02 5.243500000000000000e+04 3.470000000000000000e+02 2.600156068801879883e-01
2.297000000000000000e+03 5.373800000000000000e+04 2.950000000000000000e+02 1.773751974105834961e-01
1.432000000000000000e+03 5.300300000000000000e+04 1.150000000000000000e+02 1.500000059604644775e-01
9.060000000000000000e+02 5.236800000000000000e+04 5.350000000000000000e+02 2.000000029802322388e-01
6.150000000000000000e+02 5.234700000000000000e+04 8.500000000000000000e+01 1.599999964237213135e-01
7.904000000000000000e+03 5.735800000000000000e+04 5.890000000000000000e+02 1.616401523351669312e-01
9.580000000000000000e+02 5.241000000000000000e+04 2.430000000000000000e+02 1.218229979276657104e-01
7.395000000000000000e+03 5.713100000000000000e+04 3.280000000000000000e+02 2.319999933242797852e-01
8.760000000000000000e+02 5.266900000000000000e+04 4.970000000000000000e+02 1.319999992847442627e-01
1.025700000000000000e+04 5.852600000000000000e+04 1.460000000000000000e+02 2.367981970310211182e-01
6.100000000000000000e+02 5.205600000000000000e+04 1.200000000000000000e+02 1.763381958007812500e-01
1.042000000000000000e+03 5.272500000000000000e+04 2.370000000000000000e+02 1.084436029195785522e-01
8.760000000000000000e+02 5.266900000000000000e+04 1.250000000000000000e+02 2.992869913578033447e-01
1.449000000000000000e+03 5.311600000000000000e+04 9.600000000000000000e+01 1.021744981408119202e-01
1.593000000000000000e+03 5.299100000000000000e+04 5.990000000000000000e+02 2.770000100135803223e-01
6.976000000000000000e+03 5.644800000000000000e+04 8.380000000000000000e+02 2.451999932527542114e-01
7.900000000000000000e+02 5.244100000000000000e+04 4.850000000000000000e+02 2.430000007152557373e-01
1.463000000000000000e+03 5.306300000000000000e+04 6.190000000000000000e+02 1.840000003576278687e-01
6.705000000000000000e+03 5.663600000000000000e+04 9.530000000000000000e+02 1.066123992204666138e-01
7.301000000000000000e+03 5.674600000000000000e+04 1.800000000000000000e+01 2.056738585233688354e-01
1.594000000000000000e+03 5.299200000000000000e+04 6.360000000000000000e+02 1.190000027418136597e-01
1.319000000000000000e+03 5.279100000000000000e+04 1.530000000000000000e+02 1.008708029985427856e-01
6.160000000000000000e+02 5.244200000000000000e+04 6.180000000000000000e+02 1.094584017992019653e-01
8.400000000000000000e+03 5.783700000000000000e+04 9.810000000000000000e+02 2.110773026943206787e-01
1.274000000000000000e+03 5.299500000000000000e+04 2.170000000000000000e+02 2.245000004768371582e-01
1.042000000000000000e+03 5.272500000000000000e+04 5.800000000000000000e+02 1.889999955892562866e-01
4.620000000000000000e+03 5.565200000000000000e+04 7.320000000000000000e+02 2.603198885917663574e-01
1.163000000000000000e+03 5.266900000000000000e+04 6.400000000000000000e+01 2.649999856948852539e-01
1.073000000000000000e+04 5.824400000000000000e+04 9.400000000000000000e+02 2.197072058916091919e-01
4.530000000000000000e+02 5.191500000000000000e+04 3.100000000000000000e+02 1.319999992847442627e-01
2.294000000000000000e+03 5.452400000000000000e+04 6.360000000000000000e+02 1.621944010257720947e-01
1.276000000000000000e+03 5.303500000000000000e+04 2.730000000000000000e+02 1.459999978542327881e-01
9.362000000000000000e+03 5.780100000000000000e+04 6.920000000000000000e+02 1.320820003747940063e-01
6.311000000000000000e+03 5.644700000000000000e+04 4.310000000000000000e+02 1.821399927139282227e-01
2.101000000000000000e+03 5.385800000000000000e+04 4.860000000000000000e+02 2.426989972591400146e-01
8.201000000000000000e+03 5.814600000000000000e+04 4.510000000000000000e+02 1.175371035933494568e-01
8.524000000000000000e+03 5.765600000000000000e+04 2.550000000000000000e+02 2.725175917148590088e-01
5.199000000000000000e+03 5.606700000000000000e+04 5.320000000000000000e+02 2.858361899852752686e-01
6.059000000000000000e+03 5.609300000000000000e+04 2.460000000000000000e+02 2.616649866104125977e-01
1.464000000000000000e+03 5.309100000000000000e+04 5.510000000000000000e+02 2.339999973773956299e-01
8.394000000000000000e+03 5.786500000000000000e+04 4.400000000000000000e+01 1.177105978131294250e-01
7.930000000000000000e+02 5.237000000000000000e+04 8.000000000000000000e+01 1.501819938421249390e-01
1.173000000000000000e+03 5.279000000000000000e+04 4.380000000000000000e+02 1.565209031105041504e-01
1.462000000000000000e+03 5.311200000000000000e+04 2.280000000000000000e+02 1.845203936100006104e-01
8.203000000000000000e+03 5.742800000000000000e+04 6.920000000000000000e+02 2.006409019231796265e-01
6.210000000000000000e+02 5.205500000000000000e+04 4.540000000000000000e+02 2.064166069030761719e-01
8.770000000000000000e+02 5.235300000000000000e+04 1.300000000000000000e+02 2.113076001405715942e-01
8.068000000000000000e+03 5.718500000000000000e+04 9.500000000000000000e+02 2.453708052635192871e-01
1.332000000000000000e+03 5.278100000000000000e+04 4.730000000000000000e+02 2.520000040531158447e-01
9.142000000000000000e+03 5.766400000000000000e+04 4.320000000000000000e+02 1.582833975553512573e-01
1.163000000000000000e+03 5.266900000000000000e+04 5.420000000000000000e+02 1.028788015246391296e-01
8.532000000000000000e+03 5.802200000000000000e+04 1.260000000000000000e+02 1.785959005355834961e-01
1.334000000000000000e+03 5.276400000000000000e+04 1.410000000000000000e+02 2.669999897480010986e-01
1.175000000000000000e+03 5.279100000000000000e+04 4.800000000000000000e+01 2.989999949932098389e-01
1.290000000000000000e+03 5.273400000000000000e+04 5.510000000000000000e+02 2.202097028493881226e-01
6.028000000000000000e+03 5.610200000000000000e+04 7.700000000000000000e+02 1.758069992065429688e-01
1.159000000000000000e+03 5.266900000000000000e+04 2.950000000000000000e+02 2.509999871253967285e-01
1.594000000000000000e+03 5.299200000000000000e+04 6.290000000000000000e+02 2.080000042915344238e-01
9.020000000000000000e+02 5.240900000000000000e+04 4.960000000000000000e+02 2.090000063180923462e-01
6.696000000000000000e+03 5.639800000000000000e+04 1.880000000000000000e+02 1.632539927959442139e-01
5.027000000000000000e+03 5.621800000000000000e+04 1.000000000000000000e+03 1.322737932205200195e-01
7.679000000000000000e+03 5.736700000000000000e+04 3.640000000000000000e+02 1.602368950843811035e-01
7.102000000000000000e+03 5.666600000000000000e+04 1.180000000000000000e+02 1.846700012683868408e-01
1.317000000000000000e+03 5.276500000000000000e+04 2.740000000000000000e+02 2.267262935638427734e-01
1.345000000000000000e+03 5.281400000000000000e+04 3.740000000000000000e+02 1.969999969005584717e-01
6.160000000000000000e+02 5.244200000000000000e+04 3.000000000000000000e+01 2.560000121593475342e-01
1.174000000000000000e+03 5.278200000000000000e+04 3.300000000000000000e+02 1.011113971471786499e-01
8.770000000000000000e+02 5.235300000000000000e+04 4.660000000000000000e+02 1.420000046491622925e-01
1.356000000000000000e+03 5.303300000000000000e+04 6.290000000000000000e+02 2.339999973773956299e-01
8.821000000000000000e+03 5.773100000000000000e+04 1.840000000000000000e+02 2.219388037919998169e-01
1.590000000000000000e+03 5.297400000000000000e+04 3.590000000000000000e+02 1.223132982850074768e-01
1.076200000000000000e+04 5.839000000000000000e+04 6.500000000000000000e+01 1.252786070108413696e-01
6.170000000000000000e+02 5.207200000000000000e+04 1.730000000000000000e+02 1.482536941766738892e-01
1.667000000000000000e+03 5.343000000000000000e+04 5.650000000000000000e+02 2.860000133514404297e-01
1.310000000000000000e+03 5.303300000000000000e+04 5.580000000000000000e+02 1.309999972581863403e-01
8.848000000000000000e+03 5.787500000000000000e+04 8.320000000000000000e+02 2.649999856948852539e-01
1.056000000000000000e+03 5.276400000000000000e+04 6.170000000000000000e+02 1.518480032682418823e-01
1.159000000000000000e+03 5.266900000000000000e+04 2.190000000000000000e+02 1.220000013709068298e-01
6.664000000000000000e+03 5.638300000000000000e+04 6.560000000000000000e+02 2.957467138767242432e-01
1.670000000000000000e+03 5.455300000000000000e+04 3.200000000000000000e+01 1.605660021305084229e-01
5.610000000000000000e+02 5.229500000000000000e+04 1.700000000000000000e+01 1.589999943971633911e-01
2.099000000000000000e+03 5.346900000000000000e+04 3.080000000000000000e+02 1.263947933912277222e-01
1.175000000000000000e+03 5.279100000000000000e+04 5.230000000000000000e+02 1.287027001380920410e-01
8.429000000000000000e+03 5.789300000000000000e+04 2.640000000000000000e+02 2.016330063343048096e-01
8.150000000000000000e+02 5.237400000000000000e+04 4.840000000000000000e+02 1.327780038118362427e-01
9.690000000000000000e+02 5.244200000000000000e+04 6.350000000000000000e+02 1.700000017881393433e-01
5.134000000000000000e+03 5.586800000000000000e+04 5.400000000000000000e+01 1.858931034803390503e-01
1.448000000000000000e+03 5.312000000000000000e+04 9.200000000000000000e+01 2.259999960660934448e-01
6.053000000000000000e+03 5.609100000000000000e+04 5.800000000000000000e+01 1.764619946479797363e-01
7.434000000000000000e+03 5.716600000000000000e+04 9.580000000000000000e+02 2.984899878501892090e-01
1.670000000000000000e+03 5.455300000000000000e+04 1.000000000000000000e+02 1.834214925765991211e-01
8.831000000000000000e+03 5.744800000000000000e+04 8.330000000000000000e+02 1.976085305213928223e-01
8.192000000000000000e+03 5.734800000000000000e+04 9.020000000000000000e+02 1.841197758913040161e-01
8.214000000000000000e+03 5.786700000000000000e+04 1.940000000000000000e+02 2.395159006118774414e-01
1.279000000000000000e+03 5.273600000000000000e+04 5.980000000000000000e+02 2.773740887641906738e-01
7.650000000000000000e+03 5.757500000000000000e+04 9.880000000000000000e+02 1.648108959197998047e-01
1.382000000000000000e+03 5.311500000000000000e+04 6.090000000000000000e+02 1.879999935626983643e-01
1.349000000000000000e+03 5.279700000000000000e+04 1.320000000000000000e+02 2.605024874210357666e-01
2.972000000000000000e+03 5.458600000000000000e+04 1.230000000000000000e+02 1.781229972839355469e-01
1.309000000000000000e+03 5.276200000000000000e+04 6.900000000000000000e+01 2.280000001192092896e-01
1.163600000000000000e+04 5.846200000000000000e+04 9.260000000000000000e+02 2.621679902076721191e-01
1.052000000000000000e+03 5.246600000000000000e+04 6.400000000000000000e+02 2.010000050067901611e-01
8.391000000000000000e+03 5.751100000000000000e+04 6.160000000000000000e+02 2.369015961885452271e-01
1.950000000000000000e+03 5.343600000000000000e+04 4.450000000000000000e+02 2.033248990774154663e-01
1.426000000000000000e+03 5.299300000000000000e+04 2.760000000000000000e+02 2.788400053977966309e-01
1.353000000000000000e+03 5.308300000000000000e+04 1.250000000000000000e+02 2.012985944747924805e-01
8.358000000000000000e+03 5.745100000000000000e+04 4.600000000000000000e+02 2.404226362705230713e-01
1.027100000000000000e+04 5.849700000000000000e+04 2.760000000000000000e+02 1.693148016929626465e-01
8.285000000000000000e+03 5.704800000000000000e+04 3.720000000000000000e+02 2.844694852828979492e-01
1.314000000000000000e+03 5.305000000000000000e+04 4.430000000000000000e+02 1.357285976409912109e-01
1.075400000000000000e+04 5.822400000000000000e+04 9.710000000000000000e+02 1.928175985813140869e-01
8.529000000000000000e+03 5.801300000000000000e+04 9.610000000000000000e+02 1.946074962615966797e-01
1.074600000000000000e+04 5.825700000000000000e+04 6.530000000000000000e+02 2.095011025667190552e-01
3.890000000000000000e+02 5.179500000000000000e+04 5.270000000000000000e+02 2.169999927282333374e-01
6.240000000000000000e+02 5.237700000000000000e+04 6.200000000000000000e+02 2.339999973773956299e-01
7.680000000000000000e+02 5.228100000000000000e+04 3.900000000000000000e+02 1.509999930858612061e-01
7.706000000000000000e+03 5.757500000000000000e+04 8.700000000000000000e+02 1.168489977717399597e-01
1.346000000000000000e+03 5.282200000000000000e+04 9.800000000000000000e+01 2.469999939203262329e-01
8.404000000000000000e+03 5.748100000000000000e+04 8.520000000000000000e+02 2.700870931148529053e-01
1.680000000000000000e+03 5.317100000000000000e+04 3.160000000000000000e+02 1.661230027675628662e-01
1.288000000000000000e+03 5.273100000000000000e+04 6.000000000000000000e+00 1.786637008190155029e-01
1.288000000000000000e+03 5.273100000000000000e+04 4.110000000000000000e+02 1.459475010633468628e-01
5.173000000000000000e+03 5.604600000000000000e+04 6.020000000000000000e+02 1.841378062963485718e-01
8.421000000000000000e+03 5.822300000000000000e+04 6.830000000000000000e+02 1.680032014846801758e-01
7.835000000000000000e+03 5.698600000000000000e+04 4.790000000000000000e+02 1.693225651979446411e-01
8.870000000000000000e+03 5.777900000000000000e+04 9.100000000000000000e+02 1.853500008583068848e-01
8.168000000000000000e+03 5.699200000000000000e+04 2.790000000000000000e+02 2.797789871692657471e-01
1.162000000000000000e+03 5.266800000000000000e+04 5.510000000000000000e+02 1.070000007748603821e-01
9.050000000000000000e+02 5.264300000000000000e+04 2.720000000000000000e+02 2.300000041723251343e-01
1.595000000000000000e+03 5.299900000000000000e+04 6.250000000000000000e+02 2.163231968879699707e-01
6.278000000000000000e+03 5.626600000000000000e+04 1.940000000000000000e+02 1.979683041572570801e-01
1.072800000000000000e+04 5.824800000000000000e+04 6.280000000000000000e+02 2.215774059295654297e-01
7.406000000000000000e+03 5.680500000000000000e+04 1.720000000000000000e+02 2.160985022783279419e-01
7.131000000000000000e+03 5.657000000000000000e+04 2.000000000000000000e+02 2.639657855033874512e-01
1.074700000000000000e+04 5.822000000000000000e+04 1.880000000000000000e+02 1.299629956483840942e-01
6.240000000000000000e+02 5.237700000000000000e+04 7.400000000000000000e+01 2.201606929302215576e-01
2.015000000000000000e+03 5.381900000000000000e+04 1.080000000000000000e+02 1.544948965311050415e-01
8.519000000000000000e+03 5.819800000000000000e+04 2.480000000000000000e+02 2.080170959234237671e-01
6.230000000000000000e+02 5.205100000000000000e+04 5.510000000000000000e+02 2.469999939203262329e-01
8.223000000000000000e+03 5.742900000000000000e+04 5.670000000000000000e+02 1.928081661462783813e-01
8.534000000000000000e+03 5.790500000000000000e+04 3.320000000000000000e+02 1.290526986122131348e-01
2.031000000000000000e+03 5.384800000000000000e+04 2.190000000000000000e+02 1.858655065298080444e-01
1.447000000000000000e+03 5.312000000000000000e+04 5.090000000000000000e+02 1.716150045394897461e-01
1.369000000000000000e+03 5.308900000000000000e+04 5.610000000000000000e+02 2.380000054836273193e-01
8.199000000000000000e+03 5.742800000000000000e+04 6.260000000000000000e+02 2.394663244485855103e-01
1.443000000000000000e+03 5.305500000000000000e+04 6.230000000000000000e+02 2.520000040531158447e-01
1.434000000000000000e+03 5.305300000000000000e+04 8.800000000000000000e+01 1.620617061853408813e-01
1.137900000000000000e+04 5.843800000000000000e+04 6.000000000000000000e+02 2.043794989585876465e-01
8.535000000000000000e+03 5.801900000000000000e+04 6.190000000000000000e+02 2.969419062137603760e-01
8.504000000000000000e+03 5.751800000000000000e+04 3.340000000000000000e+02 1.725868731737136841e-01
8.734000000000000000e+03 5.764200000000000000e+04 2.150000000000000000e+02 2.987487912178039551e-01
1.170000000000000000e+03 5.275600000000000000e+04 1.990000000000000000e+02 1.360000073909759521e-01
8.200000000000000000e+02 5.243800000000000000e+04 4.620000000000000000e+02 1.644968986511230469e-01
1.645000000000000000e+03 5.317200000000000000e+04 5.330000000000000000e+02 2.029367983341217041e-01
9.070000000000000000e+02 5.237300000000000000e+04 2.470000000000000000e+02 1.365084052085876465e-01
1.955000000000000000e+03 5.344200000000000000e+04 5.260000000000000000e+02 1.459999978542327881e-01
8.407000000000000000e+03 5.783900000000000000e+04 5.700000000000000000e+02 2.391968965530395508e-01
1.467000000000000000e+03 5.311500000000000000e+04 6.380000000000000000e+02 1.842432022094726562e-01
8.535000000000000000e+03 5.801900000000000000e+04 2.170000000000000000e+02 2.141560018062591553e-01
8.300000000000000000e+02 5.229300000000000000e+04 5.000000000000000000e+01 1.369999945163726807e-01
1.076000000000000000e+04 5.822400000000000000e+04 7.660000000000000000e+02 1.707354933023452759e-01
5.697000000000000000e+03 5.594400000000000000e+04 1.840000000000000000e+02 1.581744998693466187e-01
8.423000000000000000e+03 5.819800000000000000e+04 3.200000000000000000e+01 1.913560032844543457e-01
1.213000000000000000e+03 5.297200000000000000e+04 6.330000000000000000e+02 1.296053975820541382e-01
8.207000000000000000e+03 5.743100000000000000e+04 4.550000000000000000e+02 2.626658082008361816e-01
8.875000000000000000e+03 5.777900000000000000e+04 9.310000000000000000e+02 2.347965985536575317e-01
1.944000000000000000e+03 5.338500000000000000e+04 2.070000000000000000e+02 1.432514935731887817e-01
8.380000000000000000e+03 5.752000000000000000e+04 9.500000000000000000e+02 2.354767024517059326e-01
8.165000000000000000e+03 5.737400000000000000e+04 2.680000000000000000e+02 2.106982618570327759e-01
1.029100000000000000e+04 5.810100000000000000e+04 4.400000000000000000e+01 1.878945976495742798e-01
1.138000000000000000e+04 5.846200000000000000e+04 2.450000000000000000e+02 2.040646970272064209e-01
4.636000000000000000e+03 5.594500000000000000e+04 7.240000000000000000e+02 2.466289997100830078e-01
1.981000000000000000e+03 5.346300000000000000e+04 3.330000000000000000e+02 1.150000020861625671e-01
6.658000000000000000e+03 5.660600000000000000e+04 7.900000000000000000e+02 2.157969027757644653e-01
7.050000000000000000e+02 5.220000000000000000e+04 5.280000000000000000e+02 2.793079912662506104e-01
1.365000000000000000e+03 5.306200000000000000e+04 5.700000000000000000e+01 1.209999993443489075e-01
2.109000000000000000e+03 5.346800000000000000e+04 6.700000000000000000e+01 1.143362000584602356e-01
1.985000000000000000e+03 5.343100000000000000e+04 4.210000000000000000e+02 2.490866929292678833e-01
8.161000000000000000e+03 5.712700000000000000e+04 3.400000000000000000e+01 1.133821010589599609e-01
7.915000000000000000e+03 5.730900000000000000e+04 2.560000000000000000e+02 1.179888769984245300e-01
2.109000000000000000e+03 5.346800000000000000e+04 1.460000000000000000e+02 1.702997982501983643e-01
1.938000000000000000e+03 5.337900000000000000e+04 1.950000000000000000e+02 2.990829050540924072e-01
1.340000000000000000e+03 5.278100000000000000e+04 5.080000000000000000e+02 1.352916955947875977e-01
8.398000000000000000e+03 5.787000000000000000e+04 9.270000000000000000e+02 2.251611948013305664e-01
1.431000000000000000e+03 5.299200000000000000e+04 4.650000000000000000e+02 1.270167976617813110e-01
8.835000000000000000e+03 5.742700000000000000e+04 3.140000000000000000e+02 1.866544038057327271e-01
8.735000000000000000e+03 5.813300000000000000e+04 4.480000000000000000e+02 2.988578081130981445e-01
8.175000000000000000e+03 5.703900000000000000e+04 9.960000000000000000e+02 1.751638948917388916e-01
6.850000000000000000e+02 5.220300000000000000e+04 3.220000000000000000e+02 2.829999923706054688e-01
1.953000000000000000e+03 5.335800000000000000e+04 7.000000000000000000e+01 2.535080015659332275e-01
1.279000000000000000e+03 5.273600000000000000e+04 1.750000000000000000e+02 2.790358960628509521e-01
3.853000000000000000e+03 5.526800000000000000e+04 2.240000000000000000e+02 2.286047935485839844e-01
7.674000000000000000e+03 5.735900000000000000e+04 7.390000000000000000e+02 1.004804968833923340e-01
8.875000000000000000e+03 5.777900000000000000e+04 7.510000000000000000e+02 2.578581869602203369e-01
1.213000000000000000e+03 5.297200000000000000e+04 3.290000000000000000e+02 2.705559134483337402e-01
2.027000000000000000e+03 5.343300000000000000e+04 3.900000000000000000e+01 1.379999965429306030e-01
6.046000000000000000e+03 5.609600000000000000e+04 6.000000000000000000e+00 2.468775063753128052e-01
6.617000000000000000e+03 5.636500000000000000e+04 3.700000000000000000e+02 2.929235994815826416e-01
1.128500000000000000e+04 5.840200000000000000e+04 2.400000000000000000e+01 1.970757991075515747e-01
1.281000000000000000e+03 5.275300000000000000e+04 5.340000000000000000e+02 1.161181032657623291e-01
8.720000000000000000e+02 5.233900000000000000e+04 5.690000000000000000e+02 1.580000072717666626e-01
1.343000000000000000e+03 5.279000000000000000e+04 4.470000000000000000e+02 2.481147944927215576e-01
6.032000000000000000e+03 5.606700000000000000e+04 6.540000000000000000e+02 2.039200067520141602e-01
8.875000000000000000e+03 5.777900000000000000e+04 2.040000000000000000e+02 2.254358977079391479e-01
1.944000000000000000e+03 5.338500000000000000e+04 2.520000000000000000e+02 1.030000001192092896e-01
4.040000000000000000e+02 5.181200000000000000e+04 2.460000000000000000e+02 1.017094030976295471e-01
1.163000000000000000e+03 5.266900000000000000e+04 5.690000000000000000e+02 1.007226034998893738e-01
1.345000000000000000e+03 5.281400000000000000e+04 3.480000000000000000e+02 1.330000013113021851e-01
2.281000000000000000e+03 5.371100000000000000e+04 4.630000000000000000e+02 1.067923009395599365e-01
1.438000000000000000e+03 5.305400000000000000e+04 1.160000000000000000e+02 2.253600955009460449e-01
4.357000000000000000e+03 5.582900000000000000e+04 8.180000000000000000e+02 2.660189867019653320e-01
6.693000000000000000e+03 5.638400000000000000e+04 2.700000000000000000e+02 2.156706005334854126e-01
1.326000000000000000e+03 5.276400000000000000e+04 3.020000000000000000e+02 2.634792029857635498e-01
8.236000000000000000e+03 5.850000000000000000e+04 4.050000000000000000e+02 2.133263051509857178e-01
8.760000000000000000e+03 5.767200000000000000e+04 9.700000000000000000e+02 1.998399943113327026e-01
7.396000000000000000e+03 5.680900000000000000e+04 5.460000000000000000e+02 1.139853000640869141e-01
8.760000000000000000e+03 5.767200000000000000e+04 3.670000000000000000e+02 1.198424994945526123e-01
1.310000000000000000e+03 5.303300000000000000e+04 3.540000000000000000e+02 1.797467023134231567e-01
6.487000000000000000e+03 5.636200000000000000e+04 8.730000000000000000e+02 2.493758946657180786e-01
1.374000000000000000e+03 5.308300000000000000e+04 4.020000000000000000e+02 2.346249073743820190e-01
8.218000000000000000e+03 5.751900000000000000e+04 8.140000000000000000e+02 1.601043343544006348e-01
7.838000000000000000e+03 5.695800000000000000e+04 7.700000000000000000e+02 2.138478457927703857e-01
1.343000000000000000e+03 5.279000000000000000e+04 5.000000000000000000e+00 2.420670986175537109e-01
7.565000000000000000e+03 5.680900000000000000e+04 3.360000000000000000e+02 2.643226981163024902e-01
1.050000000000000000e+03 5.272100000000000000e+04 2.670000000000000000e+02 1.840000003576278687e-01
1.212000000000000000e+03 5.270300000000000000e+04 1.500000000000000000e+01 1.884973943233489990e-01
1.172000000000000000e+03 5.275900000000000000e+04 8.700000000000000000e+01 1.773775070905685425e-01
8.535000000000000000e+03 5.801900000000000000e+04 8.080000000000000000e+02 2.601082921028137207e-01
1.383000000000000000e+03 5.311600000000000000e+04 5.710000000000000000e+02 1.299861073493957520e-01
1.372000000000000000e+03 5.306200000000000000e+04 1.180000000000000000e+02 2.794804871082305908e-01
1.129600000000000000e+04 5.842500000000000000e+04 2.600000000000000000e+01 1.331245005130767822e-01
7.872000000000000000e+03 5.727900000000000000e+04 7.280000000000000000e+02 2.656556069850921631e-01
1.952000000000000000e+03 5.337800000000000000e+04 4.380000000000000000e+02 1.790000051259994507e-01
1.428000000000000000e+03 5.299800000000000000e+04 4.950000000000000000e+02 1.447671055793762207e-01
8.855000000000000000e+03 5.778000000000000000e+04 1.250000000000000000e+02 1.294476985931396484e-01
9.440000000000000000e+02 5.261400000000000000e+04 1.110000000000000000e+02 1.641702950000762939e-01
1.024900000000000000e+04 5.822900000000000000e+04 9.410000000000000000e+02 2.469820976257324219e-01
4.197000000000000000e+03 5.547900000000000000e+04 6.360000000000000000e+02 1.727584004402160645e-01
4.388000000000000000e+03 5.553600000000000000e+04 8.710000000000000000e+02 1.848088949918746948e-01
1.680000000000000000e+03 5.317100000000000000e+04 6.000000000000000000e+02 1.892399042844772339e-01
4.278000000000000000e+03 5.550500000000000000e+04 1.410000000000000000e+02 2.433172017335891724e-01
8.208000000000000000e+03 5.743000000000000000e+04 6.600000000000000000e+02 2.324707955121994019e-01
1.024700000000000000e+04 5.816200000000000000e+04 8.200000000000000000e+01 1.498709022998809814e-01
2.099000000000000000e+03 5.346900000000000000e+04 6.200000000000000000e+02 1.438346058130264282e-01
6.200000000000000000e+03 5.621700000000000000e+04 4.370000000000000000e+02 1.228523030877113342e-01
8.179000000000000000e+03 5.742900000000000000e+04 9.480000000000000000e+02 2.098870575428009033e-01
1.066700000000000000e+04 5.816300000000000000e+04 1.940000000000000000e+02 2.880141139030456543e-01
7.613000000000000000e+03 5.698800000000000000e+04 6.340000000000000000e+02 2.779080867767333984e-01
8.120000000000000000e+02 5.235200000000000000e+04 5.100000000000000000e+01 2.849999964237213135e-01
7.912000000000000000e+03 5.731000000000000000e+04 8.700000000000000000e+02 1.992697119712829590e-01
8.537000000000000000e+03 5.801400000000000000e+04 4.900000000000000000e+01 2.168385982513427734e-01
1.452000000000000000e+03 5.311200000000000000e+04 5.430000000000000000e+02 2.660000026226043701e-01
6.300000000000000000e+03 5.644900000000000000e+04 7.650000000000000000e+02 2.861196994781494141e-01
2.016000000000000000e+03 5.379900000000000000e+04 3.980000000000000000e+02 1.024748012423515320e-01
8.837000000000000000e+03 5.786700000000000000e+04 8.340000000000000000e+02 1.574036031961441040e-01
6.669000000000000000e+03 5.641300000000000000e+04 4.740000000000000000e+02 2.248619943857192993e-01
1.287000000000000000e+03 5.272800000000000000e+04 3.830000000000000000e+02 2.006078064441680908e-01
1.949000000000000000e+03 5.343300000000000000e+04 1.000000000000000000e+01 1.899999976158142090e-01
9.460000000000000000e+02 5.240700000000000000e+04 5.040000000000000000e+02 2.382294982671737671e-01
8.197000000000000000e+03 5.706400000000000000e+04 5.090000000000000000e+02 2.982595264911651611e-01
8.960000000000000000e+02 5.259200000000000000e+04 4.030000000000000000e+02 1.860000044107437134e-01
6.488000000000000000e+03 5.636400000000000000e+04 9.760000000000000000e+02 2.490586936473846436e-01
1.374000000000000000e+03 5.308300000000000000e+04 2.020000000000000000e+02 2.353249937295913696e-01
1.779000000000000000e+03 5.308900000000000000e+04 1.870000000000000000e+02 1.190000027418136597e-01
8.231000000000000000e+03 5.819900000000000000e+04 2.960000000000000000e+02 2.434629052877426147e-01
1.948000000000000000e+03 5.338800000000000000e+04 3.200000000000000000e+01 2.009751051664352417e-01
1.935000000000000000e+03 5.338700000000000000e+04 1.130000000000000000e+02 2.766500115394592285e-01
1.167800000000000000e+04 5.851100000000000000e+04 3.600000000000000000e+01 1.543540954589843750e-01
9.010000000000000000e+02 5.264100000000000000e+04 5.500000000000000000e+02 1.198161020874977112e-01
7.598000000000000000e+03 5.695600000000000000e+04 8.610000000000000000e+02 2.662931978702545166e-01
1.039000000000000000e+03 5.270700000000000000e+04 2.580000000000000000e+02 1.509999930858612061e-01
8.824000000000000000e+03 5.816200000000000000e+04 6.290000000000000000e+02 1.589531004428863525e-01
7.678000000000000000e+03 5.728200000000000000e+04 7.790000000000000000e+02 1.162497997283935547e-01
1.955000000000000000e+03 5.344200000000000000e+04 6.220000000000000000e+02 1.480485945940017700e-01
6.737000000000000000e+03 5.636500000000000000e+04 3.160000000000000000e+02 2.293750047683715820e-01
8.419000000000000000e+03 5.824900000000000000e+04 1.730000000000000000e+02 2.662886083126068115e-01
1.010000000000000000e+03 5.264900000000000000e+04 6.270000000000000000e+02 2.630000114440917969e-01
8.230000000000000000e+03 5.743000000000000000e+04 9.650000000000000000e+02 1.387354284524917603e-01
6.727000000000000000e+03 5.636900000000000000e+04 7.200000000000000000e+01 2.729992866516113281e-01
4.700000000000000000e+03 5.570900000000000000e+04 9.400000000000000000e+01 2.641515135765075684e-01
1.946000000000000000e+03 5.343200000000000000e+04 3.900000000000000000e+02 1.400000005960464478e-01
8.870000000000000000e+02 5.237600000000000000e+04 2.150000000000000000e+02 1.198436990380287170e-01
6.900000000000000000e+02 5.226100000000000000e+04 2.830000000000000000e+02 1.694831997156143188e-01
4.352000000000000000e+03 5.553300000000000000e+04 7.540000000000000000e+02 1.600340008735656738e-01
8.736000000000000000e+03 5.740000000000000000e+04 3.900000000000000000e+02 1.412623971700668335e-01
8.207000000000000000e+03 5.743100000000000000e+04 7.400000000000000000e+02 1.016188040375709534e-01
1.935000000000000000e+03 5.338700000000000000e+04 3.270000000000000000e+02 1.369332969188690186e-01
1.383000000000000000e+03 5.311600000000000000e+04 1.050000000000000000e+02 1.354916989803314209e-01
8.980000000000000000e+02 5.260600000000000000e+04 1.840000000000000000e+02 1.811498999595642090e-01
1.494000000000000000e+03 5.293700000000000000e+04 4.370000000000000000e+02 1.991232037544250488e-01
7.623000000000000000e+03 5.690100000000000000e+04 9.350000000000000000e+02 1.792562603950500488e-01
8.870000000000000000e+03 5.777900000000000000e+04 5.140000000000000000e+02 1.196179986000061035e-01
1.317000000000000000e+03 5.276500000000000000e+04 4.210000000000000000e+02 1.049612984061241150e-01
1.939000000000000000e+03 5.338900000000000000e+04 5.840000000000000000e+02 1.394910067319869995e-01
1.399000000000000000e+03 5.317200000000000000e+04 2.640000000000000000e+02 1.137112006545066833e-01
8.990000000000000000e+02 5.262000000000000000e+04 3.400000000000000000e+02 1.169999986886978149e-01
1.987000000000000000e+03 5.376500000000000000e+04 3.910000000000000000e+02 1.185431033372879028e-01
9.143000000000000000e+03 5.766500000000000000e+04 2.420000000000000000e+02 2.610085010528564453e-01
7.623000000000000000e+03 5.690100000000000000e+04 9.980000000000000000e+02 2.603262066841125488e-01
1.072300000000000000e+04 5.828700000000000000e+04 7.920000000000000000e+02 1.471471935510635376e-01
3.699000000000000000e+03 5.551700000000000000e+04 4.990000000000000000e+02 2.363218069076538086e-01
7.836000000000000000e+03 5.727800000000000000e+04 3.990000000000000000e+02 1.024377346038818359e-01
8.284000000000000000e+03 5.741900000000000000e+04 2.080000000000000000e+02 1.412242949008941650e-01
1.338000000000000000e+03 5.276500000000000000e+04 5.930000000000000000e+02 1.647710055112838745e-01
1.591000000000000000e+03 5.297600000000000000e+04 1.780000000000000000e+02 1.782114952802658081e-01
6.270000000000000000e+02 5.214400000000000000e+04 1.860000000000000000e+02 2.566784918308258057e-01
1.160000000000000000e+03 5.267400000000000000e+04 3.130000000000000000e+02 1.338347941637039185e-01
1.358000000000000000e+03 5.299400000000000000e+04 3.780000000000000000e+02 1.906379014253616333e-01
8.167000000000000000e+03 5.707100000000000000e+04 2.500000000000000000e+02 1.081010997295379639e-01
4.995000000000000000e+03 5.573900000000000000e+04 6.580000000000000000e+02 1.317923069000244141e-01
1.214000000000000000e+03 5.273100000000000000e+04 2.680000000000000000e+02 1.350000053644180298e-01
8.861000000000000000e+03 5.745900000000000000e+04 6.780000000000000000e+02 2.238246053457260132e-01
9.390000000000000000e+02 5.263600000000000000e+04 4.500000000000000000e+01 2.540268003940582275e-01
9.320000000000000000e+02 5.262000000000000000e+04 1.290000000000000000e+02 2.090000063180923462e-01
5.803000000000000000e+03 5.627200000000000000e+04 8.900000000000000000e+01 2.967357933521270752e-01
8.379000000000000000e+03 5.778700000000000000e+04 5.800000000000000000e+01 2.719360888004302979e-01
8.320000000000000000e+02 5.231200000000000000e+04 7.900000000000000000e+01 1.957506984472274780e-01
6.267000000000000000e+03 5.627900000000000000e+04 1.020000000000000000e+02 2.846297025680541992e-01
8.820000000000000000e+03 5.744900000000000000e+04 9.050000000000000000e+02 1.853833049535751343e-01
7.960000000000000000e+02 5.240100000000000000e+04 1.790000000000000000e+02 1.542668044567108154e-01
8.420000000000000000e+03 5.819700000000000000e+04 2.040000000000000000e+02 1.576934009790420532e-01
1.057000000000000000e+03 5.252200000000000000e+04 8.000000000000000000e+01 2.150000035762786865e-01
7.238000000000000000e+03 5.666000000000000000e+04 5.840000000000000000e+02 1.749850064516067505e-01
1.465000000000000000e+03 5.308200000000000000e+04 4.200000000000000000e+02 2.042351961135864258e-01
9.510000000000000000e+02 5.239800000000000000e+04 2.910000000000000000e+02 2.744660973548889160e-01
1.027300000000000000e+04 5.846600000000000000e+04 4.190000000000000000e+02 1.965595036745071411e-01
1.677000000000000000e+03 5.314800000000000000e+04 5.180000000000000000e+02 2.080000042915344238e-01
8.330000000000000000e+02 5.231400000000000000e+04 3.170000000000000000e+02 1.947830021381378174e-01
8.165000000000000000e+03 5.737400000000000000e+04 4.800000000000000000e+02 2.482732385396957397e-01
8.745000000000000000e+03 5.739100000000000000e+04 7.000000000000000000e+02 2.605965137481689453e-01
6.042000000000000000e+03 5.610100000000000000e+04 3.760000000000000000e+02 2.652369141578674316e-01
8.229000000000000000e+03 5.743000000000000000e+04 8.400000000000000000e+01 2.854324579238891602e-01
1.642000000000000000e+03 5.311500000000000000e+04 5.370000000000000000e+02 2.095592021942138672e-01
8.392000000000000000e+03 5.748300000000000000e+04 4.400000000000000000e+01 1.887839734554290771e-01
2.000000000000000000e+03 5.349500000000000000e+04 3.180000000000000000e+02 1.306840032339096069e-01
4.090000000000000000e+03 5.550000000000000000e+04 3.900000000000000000e+02 2.575347125530242920e-01
1.091500000000000000e+04 5.825700000000000000e+04 1.660000000000000000e+02 2.268439978361129761e-01
7.574000000000000000e+03 5.694500000000000000e+04 1.120000000000000000e+02 2.520765066146850586e-01
6.300000000000000000e+02 5.205000000000000000e+04 4.150000000000000000e+02 1.121577024459838867e-01
7.052000000000000000e+03 5.653900000000000000e+04 7.890000000000000000e+02 2.228552997112274170e-01
1.074800000000000000e+04 5.822400000000000000e+04 7.000000000000000000e+00 1.502691954374313354e-01
1.027100000000000000e+04 5.849700000000000000e+04 1.290000000000000000e+02 2.777427136898040771e-01
6.132000000000000000e+03 5.626700000000000000e+04 5.290000000000000000e+02 1.531583964824676514e-01
6.269000000000000000e+03 5.624600000000000000e+04 4.820000000000000000e+02 2.746508121490478516e-01
1.429000000000000000e+03 5.299000000000000000e+04 6.100000000000000000e+02 1.262751072645187378e-01
1.074400000000000000e+04 5.819900000000000000e+04 1.020000000000000000e+02 1.551198959350585938e-01
1.074200000000000000e+04 5.819800000000000000e+04 6.000000000000000000e+02 2.309609949588775635e-01
9.620000000000000000e+02 5.262000000000000000e+04 4.140000000000000000e+02 1.229787990450859070e-01
1.523000000000000000e+03 5.293700000000000000e+04 9.600000000000000000e+01 2.255696952342987061e-01
1.046000000000000000e+03 5.246000000000000000e+04 3.550000000000000000e+02 1.832128018140792847e-01
1.436000000000000000e+03 5.305400000000000000e+04 4.860000000000000000e+02 1.787768006324768066e-01
1.779000000000000000e+03 5.308900000000000000e+04 1.200000000000000000e+01 2.463497072458267212e-01
8.760000000000000000e+03 5.767200000000000000e+04 2.480000000000000000e+02 2.673423886299133301e-01
7.667000000000000000e+03 5.758000000000000000e+04 9.300000000000000000e+02 2.456108033657073975e-01
1.867000000000000000e+03 5.331700000000000000e+04 2.300000000000000000e+01 2.739999890327453613e-01
1.106300000000000000e+04 5.842600000000000000e+04 7.280000000000000000e+02 1.856894046068191528e-01
1.671000000000000000e+03 5.344600000000000000e+04 3.290000000000000000e+02 1.220021024346351624e-01
1.138500000000000000e+04 5.852300000000000000e+04 7.680000000000000000e+02 2.729705870151519775e-01
1.058000000000000000e+03 5.252000000000000000e+04 5.690000000000000000e+02 1.626318991184234619e-01
1.383000000000000000e+03 5.311600000000000000e+04 5.450000000000000000e+02 1.223103031516075134e-01
1.024700000000000000e+04 5.816200000000000000e+04 1.190000000000000000e+02 2.667239904403686523e-01
4.206000000000000000e+03 5.547100000000000000e+04 9.040000000000000000e+02 1.717822998762130737e-01
5.735000000000000000e+03 5.598000000000000000e+04 2.060000000000000000e+02 1.187459006905555725e-01
1.676000000000000000e+03 5.314700000000000000e+04 1.100000000000000000e+01 2.983664870262145996e-01
7.618000000000000000e+03 5.689800000000000000e+04 4.890000000000000000e+02 1.541821956634521484e-01
1.975000000000000000e+03 5.373400000000000000e+04 5.490000000000000000e+02 1.627517044544219971e-01
8.736000000000000000e+03 5.740000000000000000e+04 2.310000000000000000e+02 1.681354492902755737e-01
1.038000000000000000e+03 5.267300000000000000e+04 2.600000000000000000e+01 1.110801994800567627e-01
2.281000000000000000e+03 5.371100000000000000e+04 5.520000000000000000e+02 2.997489869594573975e-01
8.433000000000000000e+03 5.748800000000000000e+04 9.880000000000000000e+02 1.607557982206344604e-01
1.269000000000000000e+03 5.293700000000000000e+04 4.020000000000000000e+02 1.063570007681846619e-01
1.350000000000000000e+03 5.278600000000000000e+04 3.240000000000000000e+02 2.169999927282333374e-01
8.359000000000000000e+03 5.744900000000000000e+04 2.240000000000000000e+02 2.461617588996887207e-01
2.016000000000000000e+03 5.379900000000000000e+04 4.660000000000000000e+02 1.464364975690841675e-01
1.352000000000000000e+03 5.281900000000000000e+04 2.330000000000000000e+02 1.560512036085128784e-01
1.023800000000000000e+04 5.815500000000000000e+04 1.720000000000000000e+02 2.651781141757965088e-01
8.837000000000000000e+03 5.786700000000000000e+04 4.040000000000000000e+02 2.915261983871459961e-01
1.075800000000000000e+04 5.822000000000000000e+04 1.390000000000000000e+02 2.667304873466491699e-01
7.720000000000000000e+03 5.810100000000000000e+04 7.870000000000000000e+02 2.234281003475189209e-01
1.341000000000000000e+03 5.278600000000000000e+04 5.190000000000000000e+02 1.780000030994415283e-01
8.378000000000000000e+03 5.778500000000000000e+04 6.040000000000000000e+02 2.662470042705535889e-01
1.026000000000000000e+03 5.255800000000000000e+04 1.720000000000000000e+02 2.264623045921325684e-01
1.379000000000000000e+03 5.308400000000000000e+04 2.320000000000000000e+02 2.099999934434890747e-01
5.150000000000000000e+03 5.632900000000000000e+04 2.810000000000000000e+02 2.481330037117004395e-01
4.278000000000000000e+03 5.550500000000000000e+04 1.670000000000000000e+02 2.922390103340148926e-01
2.007000000000000000e+03 5.347400000000000000e+04 2.040000000000000000e+02 1.658457070589065552e-01
1.165400000000000000e+04 5.854300000000000000e+04 9.770000000000000000e+02 2.909213006496429443e-01
6.675000000000000000e+03 5.641500000000000000e+04 4.580000000000000000e+02 2.629488110542297363e-01
7.914000000000000000e+03 5.733100000000000000e+04 7.200000000000000000e+02 1.546612381935119629e-01
1.441000000000000000e+03 5.308300000000000000e+04 3.000000000000000000e+02 1.058802008628845215e-01
1.005000000000000000e+03 5.270300000000000000e+04 2.960000000000000000e+02 2.204837948083877563e-01
1.107600000000000000e+04 5.842800000000000000e+04 9.540000000000000000e+02 1.138005033135414124e-01
8.910000000000000000e+02 5.258400000000000000e+04 3.700000000000000000e+02 1.514036059379577637e-01
9.510000000000000000e+02 5.239800000000000000e+04 4.910000000000000000e+02 1.587464958429336548e-01
1.106700000000000000e+04 5.850700000000000000e+04 7.320000000000000000e+02 1.886615008115768433e-01
8.171000000000000000e+03 5.713500000000000000e+04 3.630000000000000000e+02 1.791745275259017944e-01
1.945000000000000000e+03 5.338700000000000000e+04 3.060000000000000000e+02 1.255591064691543579e-01
4.490000000000000000e+02 5.190000000000000000e+04 4.010000000000000000e+02 1.230764985084533691e-01
1.354000000000000000e+03 5.281400000000000000e+04 3.300000000000000000e+02 1.133790984749794006e-01
1.462000000000000000e+03 5.311200000000000000e+04 6.210000000000000000e+02 2.256411015987396240e-01
7.618000000000000000e+03 5.689800000000000000e+04 7.300000000000000000e+02 2.340535074472427368e-01
6.509000000000000000e+03 5.648600000000000000e+04 4.620000000000000000e+02 2.320169955492019653e-01
1.505000000000000000e+03 5.294100000000000000e+04 1.840000000000000000e+02 1.898351013660430908e-01
9.140000000000000000e+03 5.803900000000000000e+04 2.560000000000000000e+02 2.535752952098846436e-01
7.915000000000000000e+03 5.730900000000000000e+04 3.830000000000000000e+02 2.887254059314727783e-01
1.108000000000000000e+04 5.840100000000000000e+04 8.910000000000000000e+02 2.705964148044586182e-01
1.439000000000000000e+03 5.300300000000000000e+04 5.500000000000000000e+02 1.569107025861740112e-01
8.379000000000000000e+03 5.778700000000000000e+04 6.060000000000000000e+02 2.145868986845016479e-01
8.282000000000000000e+03 5.704100000000000000e+04 9.100000000000000000e+02 1.883635073900222778e-01
4.520000000000000000e+02 5.191100000000000000e+04 4.560000000000000000e+02 1.250000000000000000e-01
4.293000000000000000e+03 5.550900000000000000e+04 2.080000000000000000e+02 2.226411998271942139e-01
1.051000000000000000e+03 5.246800000000000000e+04 3.920000000000000000e+02 1.302786022424697876e-01
1.359000000000000000e+03 5.300200000000000000e+04 1.760000000000000000e+02 1.276365965604782104e-01
1.584000000000000000e+03 5.294300000000000000e+04 5.290000000000000000e+02 1.330000013113021851e-01
5.490000000000000000e+02 5.198100000000000000e+04 4.180000000000000000e+02 1.883479952812194824e-01
9.640000000000000000e+02 5.264600000000000000e+04 4.930000000000000000e+02 1.111648008227348328e-01
7.614000000000000000e+03 5.730700000000000000e+04 5.700000000000000000e+02 1.805965751409530640e-01
4.984000000000000000e+03 5.582700000000000000e+04 2.070000000000000000e+02 2.891289889812469482e-01
2.007000000000000000e+03 5.347400000000000000e+04 2.700000000000000000e+02 2.033988982439041138e-01
5.795000000000000000e+03 5.629800000000000000e+04 1.950000000000000000e+02 2.533256113529205322e-01
9.700000000000000000e+02 5.241300000000000000e+04 2.000000000000000000e+01 2.256074994802474976e-01
1.449000000000000000e+03 5.311600000000000000e+04 3.280000000000000000e+02 2.747628986835479736e-01
1.340000000000000000e+03 5.278100000000000000e+04 3.580000000000000000e+02 1.110287010669708252e-01
3.800000000000000000e+02 5.179200000000000000e+04 3.030000000000000000e+02 2.237228006124496460e-01
7.612000000000000000e+03 5.697200000000000000e+04 3.500000000000000000e+02 2.917183041572570801e-01
7.854000000000000000e+03 5.698900000000000000e+04 7.120000000000000000e+02 2.694743275642395020e-01
1.139600000000000000e+04 5.849000000000000000e+04 8.880000000000000000e+02 2.978439927101135254e-01
6.657000000000000000e+03 5.636600000000000000e+04 7.470000000000000000e+02 2.371550053358078003e-01
1.041000000000000000e+03 5.272400000000000000e+04 3.310000000000000000e+02 1.301279067993164062e-01
7.611000000000000000e+03 5.694600000000000000e+04 5.500000000000000000e+02 1.019518524408340454e-01
4.551000000000000000e+03 5.556900000000000000e+04 7.640000000000000000e+02 2.182725965976715088e-01
9.139000000000000000e+03 5.803800000000000000e+04 3.240000000000000000e+02 2.249477058649063110e-01
8.509000000000000000e+03 5.784300000000000000e+04 6.500000000000000000e+02 2.661663889884948730e-01
1.074100000000000000e+04 5.823000000000000000e+04 8.840000000000000000e+02 1.468781977891921997e-01
2.021000000000000000e+03 5.347500000000000000e+04 2.040000000000000000e+02 2.749091982841491699e-01
5.775000000000000000e+03 5.600900000000000000e+04 4.890000000000000000e+02 2.987861931324005127e-01
9.900000000000000000e+02 5.246500000000000000e+04 5.420000000000000000e+02 1.234901994466781616e-01
1.447000000000000000e+03 5.312000000000000000e+04 1.590000000000000000e+02 2.451507002115249634e-01
9.361000000000000000e+03 5.805500000000000000e+04 9.120000000000000000e+02 2.616806924343109131e-01
9.710000000000000000e+02 5.264400000000000000e+04 4.170000000000000000e+02 1.679999977350234985e-01
8.237000000000000000e+03 5.816200000000000000e+04 7.520000000000000000e+02 1.598080992698669434e-01
8.745000000000000000e+03 5.739100000000000000e+04 4.580000000000000000e+02 1.540393978357315063e-01
6.673000000000000000e+03 5.641900000000000000e+04 2.700000000000000000e+02 2.999424934387207031e-01
8.760000000000000000e+03 5.767200000000000000e+04 7.500000000000000000e+02 1.870950013399124146e-01
1.129400000000000000e+04 5.845100000000000000e+04 7.400000000000000000e+01 2.145424038171768188e-01
7.915000000000000000e+03 5.730900000000000000e+04 3.050000000000000000e+02 2.561574876308441162e-01
1.395000000000000000e+03 5.282500000000000000e+04 4.180000000000000000e+02 1.019525006413459778e-01
1.065600000000000000e+04 5.816300000000000000e+04 8.310000000000000000e+02 1.779855936765670776e-01
8.535000000000000000e+03 5.801900000000000000e+04 6.510000000000000000e+02 2.074923962354660034e-01
1.444000000000000000e+03 5.305400000000000000e+04 2.700000000000000000e+01 1.666577011346817017e-01
2.106000000000000000e+03 5.371400000000000000e+04 5.350000000000000000e+02 2.512963116168975830e-01
9.410000000000000000e+02 5.270900000000000000e+04 6.360000000000000000e+02 1.634064018726348877e-01
5.136000000000000000e+03 5.583600000000000000e+04 3.760000000000000000e+02 2.704856097698211670e-01
7.868000000000000000e+03 5.700600000000000000e+04 6.880000000000000000e+02 1.958660185337066650e-01
2.356000000000000000e+03 5.378600000000000000e+04 5.180000000000000000e+02 2.426930069923400879e-01
7.718000000000000000e+03 5.736200000000000000e+04 5.470000000000000000e+02 1.835253387689590454e-01
6.597000000000000000e+03 5.630400000000000000e+04 5.200000000000000000e+01 2.745467126369476318e-01
7.410000000000000000e+03 5.710400000000000000e+04 7.400000000000000000e+02 1.582856029272079468e-01
7.380000000000000000e+03 5.675300000000000000e+04 1.180000000000000000e+02 1.713134944438934326e-01
5.510000000000000000e+02 5.199300000000000000e+04 2.360000000000000000e+02 1.836034059524536133e-01
9.710000000000000000e+02 5.264400000000000000e+04 2.460000000000000000e+02 1.011196002364158630e-01
7.667000000000000000e+03 5.758000000000000000e+04 3.440000000000000000e+02 2.715583145618438721e-01
9.166000000000000000e+03 5.805100000000000000e+04 4.480000000000000000e+02 2.915157973766326904e-01
3.980000000000000000e+02 5.178900000000000000e+04 1.280000000000000000e+02 1.592683941125869751e-01
1.167700000000000000e+04 5.851000000000000000e+04 1.440000000000000000e+02 2.222238034009933472e-01
7.765000000000000000e+03 5.804700000000000000e+04 6.150000000000000000e+02 2.606298029422760010e-01
7.840000000000000000e+03 5.700300000000000000e+04 4.010000000000000000e+02 1.890784949064254761e-01
2.356000000000000000e+03 5.378600000000000000e+04 4.810000000000000000e+02 2.774999141693115234e-01
5.550000000000000000e+02 5.226600000000000000e+04 3.630000000000000000e+02 2.209782004356384277e-01
4.346000000000000000e+03 5.620900000000000000e+04 7.980000000000000000e+02 2.517726123332977295e-01
2.280000000000000000e+03 5.368000000000000000e+04 3.650000000000000000e+02 2.988077998161315918e-01
7.612000000000000000e+03 5.697200000000000000e+04 9.440000000000000000e+02 1.057396978139877319e-01
1.368000000000000000e+03 5.308400000000000000e+04 2.980000000000000000e+02 2.997416853904724121e-01
8.610000000000000000e+02 5.231800000000000000e+04 1.900000000000000000e+01 1.088071987032890320e-01
1.272000000000000000e+03 5.298900000000000000e+04 1.620000000000000000e+02 1.943141072988510132e-01
2.971000000000000000e+03 5.459000000000000000e+04 3.100000000000000000e+01 2.931833863258361816e-01
7.409000000000000000e+03 5.680900000000000000e+04 9.110000000000000000e+02 2.801145911216735840e-01
2.037000000000000000e+03 5.344600000000000000e+04 2.600000000000000000e+02 1.558773964643478394e-01
9.510000000000000000e+02 5.239800000000000000e+04 2.420000000000000000e+02 2.489995956420898438e-01
6.039000000000000000e+03 5.609900000000000000e+04 1.620000000000000000e+02 2.481438070535659790e-01
8.161000000000000000e+03 5.712700000000000000e+04 8.620000000000000000e+02 1.152604967355728149e-01
6.186000000000000000e+03 5.624600000000000000e+04 3.200000000000000000e+02 1.692668050527572632e-01
1.285000000000000000e+03 5.272300000000000000e+04 4.670000000000000000e+02 1.619593948125839233e-01
1.073000000000000000e+03 5.264900000000000000e+04 3.830000000000000000e+02 2.892397940158843994e-01
6.300000000000000000e+03 5.644900000000000000e+04 6.700000000000000000e+02 1.684893965721130371e-01
9.355000000000000000e+03 5.781400000000000000e+04 1.380000000000000000e+02 2.064332067966461182e-01
7.662000000000000000e+03 5.735800000000000000e+04 4.560000000000000000e+02 2.451336681842803955e-01
2.030000000000000000e+03 5.349900000000000000e+04 7.900000000000000000e+01 2.686670124530792236e-01
4.641000000000000000e+03 5.594700000000000000e+04 2.240000000000000000e+02 1.993211954832077026e-01
8.823000000000000000e+03 5.744600000000000000e+04 4.800000000000000000e+02 1.458174586296081543e-01
2.351000000000000000e+03 5.378600000000000000e+04 3.170000000000000000e+02 2.561978101730346680e-01
2.090000000000000000e+03 5.346300000000000000e+04 4.570000000000000000e+02 1.250000000000000000e-01
1.128700000000000000e+04 5.842900000000000000e+04 7.580000000000000000e+02 2.019511014223098755e-01
7.726000000000000000e+03 5.815400000000000000e+04 6.710000000000000000e+02 1.608933955430984497e-01
1.074200000000000000e+04 5.819800000000000000e+04 7.620000000000000000e+02 2.582021057605743408e-01
5.730000000000000000e+03 5.660700000000000000e+04 1.140000000000000000e+02 2.878048121929168701e-01
1.943000000000000000e+03 5.338600000000000000e+04 4.880000000000000000e+02 2.339999973773956299e-01
3.930000000000000000e+02 5.179400000000000000e+04 4.770000000000000000e+02 1.088745966553688049e-01
1.128500000000000000e+04 5.840200000000000000e+04 7.900000000000000000e+01 2.919707000255584717e-01
7.668000000000000000e+03 5.757900000000000000e+04 7.620000000000000000e+02 2.260735929012298584e-01
2.087000000000000000e+03 5.341500000000000000e+04 5.570000000000000000e+02 2.150046974420547485e-01
1.110500000000000000e+04 5.845700000000000000e+04 5.740000000000000000e+02 2.210448980331420898e-01
1.312000000000000000e+03 5.278100000000000000e+04 7.000000000000000000e+01 2.027304023504257202e-01
7.583000000000000000e+03 5.695800000000000000e+04 2.240000000000000000e+02 2.303791940212249756e-01
7.661000000000000000e+03 5.728600000000000000e+04 5.200000000000000000e+01 1.072077974677085876e-01
8.848000000000000000e+03 5.787500000000000000e+04 2.190000000000000000e+02 2.325949966907501221e-01
7.680000000000000000e+03 5.813100000000000000e+04 4.130000000000000000e+02 1.113658025860786438e-01
1.956000000000000000e+03 5.343700000000000000e+04 3.640000000000000000e+02 1.239525973796844482e-01
1.970000000000000000e+03 5.338600000000000000e+04 4.710000000000000000e+02 1.752748936414718628e-01
1.979000000000000000e+03 5.343100000000000000e+04 2.970000000000000000e+02 2.311374992132186890e-01
3.696000000000000000e+03 5.527700000000000000e+04 5.500000000000000000e+01 2.783739864826202393e-01
4.440000000000000000e+03 5.553900000000000000e+04 5.280000000000000000e+02 2.128680050373077393e-01
1.315000000000000000e+03 5.279100000000000000e+04 9.800000000000000000e+01 1.509999930858612061e-01
4.278000000000000000e+03 5.550500000000000000e+04 7.190000000000000000e+02 2.298095971345901489e-01
7.743000000000000000e+03 5.810700000000000000e+04 2.180000000000000000e+02 2.567332983016967773e-01
6.850000000000000000e+02 5.220300000000000000e+04 2.590000000000000000e+02 2.840668857097625732e-01
3.990000000000000000e+02 5.181700000000000000e+04 4.910000000000000000e+02 1.838884949684143066e-01
8.849000000000000000e+03 5.745700000000000000e+04 6.180000000000000000e+02 2.392204999923706055e-01
8.387000000000000000e+03 5.748300000000000000e+04 7.640000000000000000e+02 2.668168544769287109e-01
6.373000000000000000e+03 5.629800000000000000e+04 1.600000000000000000e+02 2.081605046987533569e-01
1.973000000000000000e+03 5.343200000000000000e+04 3.970000000000000000e+02 1.668199002742767334e-01
2.004000000000000000e+03 5.373700000000000000e+04 4.620000000000000000e+02 2.487692981958389282e-01
1.370000000000000000e+03 5.309000000000000000e+04 6.190000000000000000e+02 2.352159023284912109e-01
7.749000000000000000e+03 5.807300000000000000e+04 3.750000000000000000e+02 2.606352865695953369e-01
7.634000000000000000e+03 5.693500000000000000e+04 1.100000000000000000e+02 2.773267030715942383e-01
6.517000000000000000e+03 5.656300000000000000e+04 9.310000000000000000e+02 2.406881004571914673e-01
1.838000000000000000e+03 5.346700000000000000e+04 4.330000000000000000e+02 2.592413127422332764e-01
7.699000000000000000e+03 5.757400000000000000e+04 1.290000000000000000e+02 1.780806034803390503e-01
1.401000000000000000e+03 5.314400000000000000e+04 5.170000000000000000e+02 1.289999932050704956e-01
8.300000000000000000e+02 5.229300000000000000e+04 2.600000000000000000e+02 2.665578126907348633e-01
7.728000000000000000e+03 5.813800000000000000e+04 5.320000000000000000e+02 1.207472011446952820e-01
1.129500000000000000e+04 5.845600000000000000e+04 5.050000000000000000e+02 1.789207011461257935e-01
1.028600000000000000e+04 5.808400000000000000e+04 7.800000000000000000e+02 1.546373069286346436e-01
8.297000000000000000e+03 5.741600000000000000e+04 2.560000000000000000e+02 1.488362401723861694e-01
1.403000000000000000e+03 5.322700000000000000e+04 1.000000000000000000e+02 2.061537951231002808e-01
1.197000000000000000e+03 5.266800000000000000e+04 2.000000000000000000e+02 1.571197062730789185e-01
7.866000000000000000e+03 5.700200000000000000e+04 7.200000000000000000e+02 2.590611875057220459e-01
4.407000000000000000e+03 5.588400000000000000e+04 7.360000000000000000e+02 1.936206072568893433e-01
1.938000000000000000e+03 5.337900000000000000e+04 4.300000000000000000e+01 2.210430055856704712e-01
1.106200000000000000e+04 5.850900000000000000e+04 9.000000000000000000e+02 2.407438009977340698e-01
7.836000000000000000e+03 5.727800000000000000e+04 7.940000000000000000e+02 2.851266264915466309e-01
4.219000000000000000e+03 5.548000000000000000e+04 2.400000000000000000e+02 2.833299934864044189e-01
6.516000000000000000e+03 5.657100000000000000e+04 4.360000000000000000e+02 2.855795919895172119e-01
5.163000000000000000e+03 5.588900000000000000e+04 2.630000000000000000e+02 1.480697989463806152e-01
8.754000000000000000e+03 5.842500000000000000e+04 9.280000000000000000e+02 2.907576858997344971e-01
1.452000000000000000e+03 5.311200000000000000e+04 8.400000000000000000e+01 2.198754996061325073e-01
7.701000000000000000e+03 5.735600000000000000e+04 1.360000000000000000e+02 2.862204015254974365e-01
8.260000000000000000e+02 5.229500000000000000e+04 4.610000000000000000e+02 1.567838042974472046e-01
2.001000000000000000e+03 5.349300000000000000e+04 4.420000000000000000e+02 2.660000026226043701e-01
9.159000000000000000e+03 5.766600000000000000e+04 2.500000000000000000e+02 1.134032979607582092e-01
1.209000000000000000e+03 5.267400000000000000e+04 6.700000000000000000e+01 1.078608036041259766e-01
1.156500000000000000e+04 5.850700000000000000e+04 5.140000000000000000e+02 1.129046007990837097e-01
7.866000000000000000e+03 5.700200000000000000e+04 3.980000000000000000e+02 2.315783947706222534e-01
1.440000000000000000e+03 5.308400000000000000e+04 2.080000000000000000e+02 2.230155020952224731e-01
1.371000000000000000e+03 5.282100000000000000e+04 4.030000000000000000e+02 1.680750995874404907e-01
1.431000000000000000e+03 5.299200000000000000e+04 2.400000000000000000e+01 1.280000060796737671e-01
4.304000000000000000e+03 5.550600000000000000e+04 7.160000000000000000e+02 1.997551023960113525e-01
9.357000000000000000e+03 5.780700000000000000e+04 8.500000000000000000e+02 2.181721031665802002e-01
6.910000000000000000e+02 5.219900000000000000e+04 3.110000000000000000e+02 1.910212934017181396e-01
1.431000000000000000e+03 5.299200000000000000e+04 4.320000000000000000e+02 1.816826015710830688e-01
7.869000000000000000e+03 5.701200000000000000e+04 4.060000000000000000e+02 1.566210985183715820e-01
7.681000000000000000e+03 5.704200000000000000e+04 5.550000000000000000e+02 1.941563040018081665e-01
7.660000000000000000e+02 5.224700000000000000e+04 2.610000000000000000e+02 1.510286927223205566e-01
1.278000000000000000e+03 5.273500000000000000e+04 3.440000000000000000e+02 2.068430930376052856e-01
7.620000000000000000e+03 5.690400000000000000e+04 4.800000000000000000e+02 1.474751979112625122e-01
7.296000000000000000e+03 5.704600000000000000e+04 4.400000000000000000e+02 2.796273827552795410e-01
6.595000000000000000e+03 5.656900000000000000e+04 3.360000000000000000e+02 2.906473875045776367e-01
7.607000000000000000e+03 5.690200000000000000e+04 7.030000000000000000e+02 1.895993053913116455e-01
9.175000000000000000e+03 5.804900000000000000e+04 8.890000000000000000e+02 1.759078055620193481e-01
1.781000000000000000e+03 5.329700000000000000e+04 5.110000000000000000e+02 1.388283967971801758e-01
7.734000000000000000e+03 5.813300000000000000e+04 4.820000000000000000e+02 1.163752004504203796e-01
9.432000000000000000e+03 5.810000000000000000e+04 7.290000000000000000e+02 2.636420130729675293e-01
8.198000000000000000e+03 5.737400000000000000e+04 3.080000000000000000e+02 2.701926231384277344e-01
3.930000000000000000e+02 5.179400000000000000e+04 4.450000000000000000e+02 1.117265969514846802e-01
8.852000000000000000e+03 5.744900000000000000e+04 5.100000000000000000e+02 2.984934747219085693e-01
8.491000000000000000e+03 5.748800000000000000e+04 3.720000000000000000e+02 2.479538023471832275e-01
6.890000000000000000e+02 5.226200000000000000e+04 3.060000000000000000e+02 1.070000007748603821e-01
7.614000000000000000e+03 5.730700000000000000e+04 4.520000000000000000e+02 1.220123022794723511e-01
4.390000000000000000e+02 5.187700000000000000e+04 1.540000000000000000e+02 2.081667035818099976e-01
7.650000000000000000e+03 5.757500000000000000e+04 3.530000000000000000e+02 2.988013029098510742e-01
6.509000000000000000e+03 5.648600000000000000e+04 5.400000000000000000e+02 2.959282100200653076e-01
1.130400000000000000e+04 5.844800000000000000e+04 4.400000000000000000e+02 1.667097061872482300e-01
7.633000000000000000e+03 5.693100000000000000e+04 5.270000000000000000e+02 1.265500634908676147e-01
1.028800000000000000e+04 5.813100000000000000e+04 5.780000000000000000e+02 1.624868959188461304e-01
7.914000000000000000e+03 5.733100000000000000e+04 6.570000000000000000e+02 1.252740472555160522e-01
4.978000000000000000e+03 5.603600000000000000e+04 3.220000000000000000e+02 2.295065969228744507e-01
7.678000000000000000e+03 5.728200000000000000e+04 7.950000000000000000e+02 2.406025975942611694e-01
6.519000000000000000e+03 5.656600000000000000e+04 2.940000000000000000e+02 1.016096994280815125e-01
1.167700000000000000e+04 5.851000000000000000e+04 4.970000000000000000e+02 1.525672972202301025e-01
9.359000000000000000e+03 5.805600000000000000e+04 9.800000000000000000e+02 2.406930029392242432e-01
8.757000000000000000e+03 5.842800000000000000e+04 3.280000000000000000e+02 1.388776004314422607e-01
1.957000000000000000e+03 5.341500000000000000e+04 2.240000000000000000e+02 1.477842032909393311e-01
6.115000000000000000e+03 5.623700000000000000e+04 2.820000000000000000e+02 2.378007024526596069e-01
1.134200000000000000e+04 5.842500000000000000e+04 2.350000000000000000e+02 2.960909008979797363e-01
1.104700000000000000e+04 5.842400000000000000e+04 8.790000000000000000e+02 1.824159026145935059e-01
9.620000000000000000e+02 5.262000000000000000e+04 6.290000000000000000e+02 1.458276063203811646e-01
4.422000000000000000e+03 5.553300000000000000e+04 7.320000000000000000e+02 2.296514958143234253e-01
1.487000000000000000e+03 5.296400000000000000e+04 5.480000000000000000e+02 2.592887878417968750e-01
7.590000000000000000e+02 5.225400000000000000e+04 3.050000000000000000e+02 1.023295000195503235e-01
1.110300000000000000e+04 5.848800000000000000e+04 9.340000000000000000e+02 1.740835011005401611e-01
8.297000000000000000e+03 5.741600000000000000e+04 5.830000000000000000e+02 2.650803029537200928e-01
7.612000000000000000e+03 5.697200000000000000e+04 9.310000000000000000e+02 1.030578464269638062e-01
4.290000000000000000e+02 5.182000000000000000e+04 8.400000000000000000e+01 1.571449041366577148e-01
1.867000000000000000e+03 5.331700000000000000e+04 4.190000000000000000e+02 1.951607018709182739e-01
4.424000000000000000e+03 5.553200000000000000e+04 8.240000000000000000e+02 1.943250000476837158e-01
9.152000000000000000e+03 5.804100000000000000e+04 2.390000000000000000e+02 2.594740092754364014e-01
8.850000000000000000e+02 5.237900000000000000e+04 6.380000000000000000e+02 1.230000033974647522e-01
1.132100000000000000e+04 5.842500000000000000e+04 8.500000000000000000e+02 1.013220995664596558e-01
3.980000000000000000e+02 5.178900000000000000e+04 5.940000000000000000e+02 1.809999942779541016e-01
8.307000000000000000e+03 5.772300000000000000e+04 2.190000000000000000e+02 1.995234936475753784e-01
5.530000000000000000e+02 5.199900000000000000e+04 3.650000000000000000e+02 1.820622980594635010e-01
8.756000000000000000e+03 5.768700000000000000e+04 9.820000000000000000e+02 2.490099072456359863e-01
7.751000000000000000e+03 5.808100000000000000e+04 7.620000000000000000e+02 1.821800023317337036e-01
8.830000000000000000e+03 5.744700000000000000e+04 3.980000000000000000e+02 2.561564743518829346e-01
8.792000000000000000e+03 5.736400000000000000e+04 3.960000000000000000e+02 1.530096977949142456e-01
7.616000000000000000e+03 5.690200000000000000e+04 3.290000000000000000e+02 2.874552011489868164e-01
9.660000000000000000e+02 5.264200000000000000e+04 4.850000000000000000e+02 1.608916968107223511e-01
8.738000000000000000e+03 5.740200000000000000e+04 2.400000000000000000e+02 2.957724928855895996e-01
4.538000000000000000e+03 5.586000000000000000e+04 4.760000000000000000e+02 2.357212007045745850e-01
2.108000000000000000e+03 5.347300000000000000e+04 3.480000000000000000e+02 1.188384965062141418e-01
8.920000000000000000e+02 5.237800000000000000e+04 2.440000000000000000e+02 1.078291982412338257e-01
7.873000000000000000e+03 5.730700000000000000e+04 7.520000000000000000e+02 1.836643964052200317e-01
7.634000000000000000e+03 5.693500000000000000e+04 1.760000000000000000e+02 2.023323029279708862e-01
5.699000000000000000e+03 5.595300000000000000e+04 6.420000000000000000e+02 2.018820047378540039e-01
1.090000000000000000e+03 5.290300000000000000e+04 2.690000000000000000e+02 2.136981040239334106e-01
7.723000000000000000e+03 5.843000000000000000e+04 1.900000000000000000e+02 1.483335942029953003e-01
5.470000000000000000e+02 5.195900000000000000e+04 1.360000000000000000e+02 2.949999868869781494e-01
8.308000000000000000e+03 5.741700000000000000e+04 2.000000000000000000e+01 2.777228355407714844e-01
6.129000000000000000e+03 5.630100000000000000e+04 3.360000000000000000e+02 2.911557853221893311e-01
9.860000000000000000e+02 5.244300000000000000e+04 4.340000000000000000e+02 1.324685066938400269e-01
4.280000000000000000e+03 5.550300000000000000e+04 5.900000000000000000e+02 2.810851931571960449e-01
1.104600000000000000e+04 5.839800000000000000e+04 6.030000000000000000e+02 2.889846861362457275e-01
1.447000000000000000e+03 5.312000000000000000e+04 5.200000000000000000e+02 1.713344007730484009e-01
7.626000000000000000e+03 5.693400000000000000e+04 3.940000000000000000e+02 2.179649472236633301e-01
5.161000000000000000e+03 5.596800000000000000e+04 8.420000000000000000e+02 1.757408976554870605e-01
