1.337000000000000000e+03 5.276700000000000000e+04 1.640000000000000000e+02 1.273000001907348633e+00
1.073100000000000000e+04 5.824700000000000000e+04 6.770000000000000000e+02 1.232923984527587891e+00
2.101000000000000000e+03 5.385800000000000000e+04 5.110000000000000000e+02 1.102399945259094238e+00
1.319000000000000000e+03 5.279100000000000000e+04 2.180000000000000000e+02 1.279953002929687500e+00
9.160000000000000000e+03 5.765600000000000000e+04 9.100000000000000000e+02 1.165359973907470703e+00
6.631000000000000000e+03 5.636400000000000000e+04 8.340000000000000000e+02 1.115000009536743164e+00
7.089000000000000000e+03 5.666100000000000000e+04 7.910000000000000000e+02 1.230999946594238281e+00
6.471000000000000000e+03 5.630900000000000000e+04 6.940000000000000000e+02 1.131999969482421875e+00
3.761000000000000000e+03 5.527200000000000000e+04 3.430000000000000000e+02 1.215615034103393555e+00
6.751000000000000000e+03 5.636800000000000000e+04 8.800000000000000000e+01 1.246999979019165039e+00
1.073100000000000000e+04 5.824700000000000000e+04 6.770000000000000000e+02 1.232923984527587891e+00
8.067000000000000000e+03 5.825300000000000000e+04 8.260000000000000000e+02 1.281286001205444336e+00
8.399000000000000000e+03 5.784300000000000000e+04 9.190000000000000000e+02 1.127107977867126465e+00
8.399000000000000000e+03 5.784300000000000000e+04 9.100000000000000000e+02 1.127732992172241211e+00
9.050000000000000000e+02 5.264300000000000000e+04 1.220000000000000000e+02 1.197000026702880859e+00
1.337000000000000000e+03 5.276700000000000000e+04 4.500000000000000000e+02 1.195000052452087402e+00
7.102000000000000000e+03 5.666600000000000000e+04 1.020000000000000000e+02 1.101999998092651367e+00
6.790000000000000000e+03 5.643000000000000000e+04 5.460000000000000000e+02 1.238000035285949707e+00
1.056000000000000000e+03 5.276400000000000000e+04 6.300000000000000000e+02 1.287999987602233887e+00
1.164000000000000000e+03 5.267400000000000000e+04 1.540000000000000000e+02 1.152999997138977051e+00
2.020000000000000000e+03 5.343100000000000000e+04 4.590000000000000000e+02 1.199000000953674316e+00
6.320000000000000000e+02 5.207100000000000000e+04 5.820000000000000000e+02 1.111999988555908203e+00
8.067000000000000000e+03 5.825300000000000000e+04 9.770000000000000000e+02 1.217599034309387207e+00
1.672000000000000000e+03 5.346000000000000000e+04 1.920000000000000000e+02 1.245100021362304688e+00
8.538000000000000000e+03 5.754900000000000000e+04 4.360000000000000000e+02 1.147073030471801758e+00
1.676000000000000000e+03 5.314700000000000000e+04 4.840000000000000000e+02 1.202999949455261230e+00
7.433000000000000000e+03 5.716600000000000000e+04 1.780000000000000000e+02 1.167766690254211426e+00
6.788000000000000000e+03 5.642800000000000000e+04 6.210000000000000000e+02 1.251000046730041504e+00
1.165000000000000000e+03 5.270300000000000000e+04 5.320000000000000000e+02 1.133399963378906250e+00
7.339000000000000000e+03 5.678200000000000000e+04 7.610000000000000000e+02 1.225999951362609863e+00
6.712000000000000000e+03 5.642100000000000000e+04 7.460000000000000000e+02 1.157999992370605469e+00
5.802000000000000000e+03 5.630900000000000000e+04 2.400000000000000000e+01 1.172000050544738770e+00
8.493000000000000000e+03 5.816200000000000000e+04 7.380000000000000000e+02 1.223634958267211914e+00
6.140000000000000000e+02 5.343700000000000000e+04 3.030000000000000000e+02 1.218000054359436035e+00
1.173000000000000000e+03 5.279000000000000000e+04 3.500000000000000000e+02 1.226999998092651367e+00
3.321000000000000000e+03 5.492400000000000000e+04 6.360000000000000000e+02 1.136744022369384766e+00
8.408000000000000000e+03 5.787400000000000000e+04 6.890000000000000000e+02 1.141909956932067871e+00
8.418000000000000000e+03 5.819900000000000000e+04 3.600000000000000000e+01 1.164190053939819336e+00
1.073000000000000000e+04 5.824400000000000000e+04 5.880000000000000000e+02 1.192798018455505371e+00
6.685000000000000000e+03 5.641200000000000000e+04 9.220000000000000000e+02 1.235000014305114746e+00
8.538000000000000000e+03 5.754900000000000000e+04 8.340000000000000000e+02 1.105316042900085449e+00
1.378000000000000000e+03 5.306100000000000000e+04 4.100000000000000000e+02 1.261000037193298340e+00
1.048000000000000000e+03 5.273600000000000000e+04 2.150000000000000000e+02 1.157999992370605469e+00
2.883000000000000000e+03 5.452500000000000000e+04 6.370000000000000000e+02 1.220700025558471680e+00
1.005000000000000000e+03 5.270300000000000000e+04 4.450000000000000000e+02 1.118999958038330078e+00
1.460000000000000000e+03 5.313800000000000000e+04 4.340000000000000000e+02 1.103000044822692871e+00
1.356000000000000000e+03 5.303300000000000000e+04 3.190000000000000000e+02 1.261999964714050293e+00
8.770000000000000000e+02 5.235300000000000000e+04 1.060000000000000000e+02 1.156999945640563965e+00
1.172000000000000000e+03 5.275900000000000000e+04 2.710000000000000000e+02 1.116000056266784668e+00
1.167000000000000000e+03 5.273800000000000000e+04 4.150000000000000000e+02 1.294000029563903809e+00
8.413000000000000000e+03 5.789700000000000000e+04 5.600000000000000000e+02 1.231999993324279785e+00
1.667000000000000000e+03 5.343000000000000000e+04 4.590000000000000000e+02 1.269000053405761719e+00
6.701000000000000000e+03 5.636700000000000000e+04 4.660000000000000000e+02 1.111999988555908203e+00
6.755000000000000000e+03 5.641300000000000000e+04 1.400000000000000000e+01 1.136000037193298340e+00
1.322000000000000000e+03 5.279100000000000000e+04 4.750000000000000000e+02 1.169000029563903809e+00
1.170000000000000000e+03 5.275600000000000000e+04 5.660000000000000000e+02 1.210999965667724609e+00
2.013000000000000000e+03 5.381800000000000000e+04 1.030000000000000000e+02 1.275099992752075195e+00
8.495000000000000000e+03 5.748100000000000000e+04 6.910000000000000000e+02 1.122249960899353027e+00
9.490000000000000000e+02 5.242700000000000000e+04 1.630000000000000000e+02 1.204599976539611816e+00
1.286000000000000000e+03 5.272500000000000000e+04 4.980000000000000000e+02 1.163100004196166992e+00
9.600000000000000000e+03 5.810600000000000000e+04 2.480000000000000000e+02 1.189759969711303711e+00
1.074900000000000000e+04 5.848500000000000000e+04 4.310000000000000000e+02 1.207559943199157715e+00
4.956000000000000000e+03 5.573700000000000000e+04 1.770000000000000000e+02 1.286999940872192383e+00
6.803000000000000000e+03 5.640200000000000000e+04 3.310000000000000000e+02 1.228999972343444824e+00
2.101000000000000000e+03 5.385800000000000000e+04 1.080000000000000000e+02 1.265300035476684570e+00
1.042900000000000000e+04 5.814500000000000000e+04 8.320000000000000000e+02 1.149999976158142090e+00
3.375000000000000000e+03 5.500300000000000000e+04 6.800000000000000000e+01 1.172790050506591797e+00
6.180000000000000000e+02 5.204900000000000000e+04 2.380000000000000000e+02 1.133399963378906250e+00
4.558000000000000000e+03 5.556900000000000000e+04 4.380000000000000000e+02 1.254488945007324219e+00
1.074600000000000000e+04 5.825700000000000000e+04 9.980000000000000000e+02 1.151811003684997559e+00
8.539000000000000000e+03 5.802100000000000000e+04 7.280000000000000000e+02 1.114639997482299805e+00
4.636000000000000000e+03 5.594500000000000000e+04 4.000000000000000000e+02 1.250000000000000000e+00
1.382000000000000000e+03 5.311500000000000000e+04 2.470000000000000000e+02 1.110999941825866699e+00
1.948000000000000000e+03 5.338800000000000000e+04 2.730000000000000000e+02 1.207999944686889648e+00
1.291000000000000000e+03 5.273800000000000000e+04 1.200000000000000000e+02 1.116999983787536621e+00
9.070000000000000000e+02 5.237300000000000000e+04 5.400000000000000000e+01 1.131999969482421875e+00
6.260000000000000000e+02 5.205700000000000000e+04 4.560000000000000000e+02 1.172000050544738770e+00
8.730000000000000000e+02 5.267400000000000000e+04 3.600000000000000000e+02 1.253000020980834961e+00
8.542000000000000000e+03 5.793300000000000000e+04 2.050000000000000000e+02 1.154909014701843262e+00
1.171000000000000000e+03 5.275300000000000000e+04 5.710000000000000000e+02 1.148900032043457031e+00
7.950000000000000000e+02 5.237800000000000000e+04 2.040000000000000000e+02 1.167999982833862305e+00
8.422000000000000000e+03 5.821900000000000000e+04 4.480000000000000000e+02 1.190000057220458984e+00
6.746000000000000000e+03 5.638600000000000000e+04 7.280000000000000000e+02 1.271000027656555176e+00
6.170000000000000000e+02 5.207200000000000000e+04 3.600000000000000000e+01 1.216300010681152344e+00
1.013000000000000000e+03 5.270700000000000000e+04 1.940000000000000000e+02 1.233999967575073242e+00
8.544000000000000000e+03 5.828100000000000000e+04 5.710000000000000000e+02 1.213505029678344727e+00
1.165000000000000000e+03 5.270300000000000000e+04 5.090000000000000000e+02 1.261000037193298340e+00
2.103000000000000000e+03 5.346700000000000000e+04 4.500000000000000000e+02 1.190000057220458984e+00
1.072900000000000000e+04 5.824800000000000000e+04 6.230000000000000000e+02 1.171257019042968750e+00
4.568000000000000000e+03 5.560000000000000000e+04 1.120000000000000000e+02 1.228999972343444824e+00
1.669000000000000000e+03 5.343300000000000000e+04 8.500000000000000000e+01 1.131999969482421875e+00
6.270000000000000000e+02 5.214400000000000000e+04 1.500000000000000000e+01 1.128000020980834961e+00
6.270000000000000000e+02 5.214400000000000000e+04 2.470000000000000000e+02 1.148900032043457031e+00
6.080000000000000000e+02 5.208100000000000000e+04 3.810000000000000000e+02 1.126999974250793457e+00
9.490000000000000000e+02 5.242700000000000000e+04 5.920000000000000000e+02 1.110999941825866699e+00
1.012000000000000000e+03 5.264900000000000000e+04 1.350000000000000000e+02 1.103000044822692871e+00
3.328000000000000000e+03 5.496400000000000000e+04 1.240000000000000000e+02 1.232383012771606445e+00
7.836000000000000000e+03 5.727800000000000000e+04 1.900000000000000000e+02 1.161870002746582031e+00
8.528000000000000000e+03 5.789600000000000000e+04 5.620000000000000000e+02 1.126500010490417480e+00
8.067000000000000000e+03 5.825300000000000000e+04 1.360000000000000000e+02 1.156927943229675293e+00
8.418000000000000000e+03 5.819900000000000000e+04 8.640000000000000000e+02 1.119699954986572266e+00
8.068000000000000000e+03 5.718500000000000000e+04 8.460000000000000000e+02 1.285544991493225098e+00
5.590000000000000000e+02 5.231600000000000000e+04 6.090000000000000000e+02 1.281499981880187988e+00
1.594000000000000000e+03 5.299200000000000000e+04 3.470000000000000000e+02 1.118999958038330078e+00
1.074900000000000000e+04 5.848500000000000000e+04 2.160000000000000000e+02 1.116490006446838379e+00
8.526000000000000000e+03 5.789800000000000000e+04 1.040000000000000000e+02 1.281821012496948242e+00
8.404000000000000000e+03 5.748100000000000000e+04 7.820000000000000000e+02 1.134891986846923828e+00
7.841000000000000000e+03 5.696000000000000000e+04 6.400000000000000000e+01 1.219570994377136230e+00
8.204000000000000000e+03 5.814600000000000000e+04 7.480000000000000000e+02 1.188644051551818848e+00
5.194000000000000000e+03 5.606200000000000000e+04 3.400000000000000000e+01 1.297000050544738770e+00
8.170000000000000000e+02 5.238100000000000000e+04 2.840000000000000000e+02 1.222900032997131348e+00
6.677000000000000000e+03 5.638500000000000000e+04 8.750000000000000000e+02 1.159000039100646973e+00
1.025100000000000000e+04 5.817300000000000000e+04 2.310000000000000000e+02 1.224814057350158691e+00
8.408000000000000000e+03 5.787400000000000000e+04 9.880000000000000000e+02 1.215119957923889160e+00
1.329000000000000000e+03 5.276700000000000000e+04 5.590000000000000000e+02 1.185999989509582520e+00
1.025800000000000000e+04 5.849200000000000000e+04 6.780000000000000000e+02 1.146329998970031738e+00
7.620000000000000000e+02 5.223200000000000000e+04 2.850000000000000000e+02 1.230999946594238281e+00
1.419000000000000000e+03 5.314400000000000000e+04 5.780000000000000000e+02 1.159999966621398926e+00
7.086000000000000000e+03 5.665800000000000000e+04 2.900000000000000000e+02 1.226999998092651367e+00
8.390000000000000000e+03 5.748500000000000000e+04 2.710000000000000000e+02 1.133126974105834961e+00
1.347000000000000000e+03 5.282300000000000000e+04 2.150000000000000000e+02 1.161999940872192383e+00
7.713000000000000000e+03 5.809600000000000000e+04 9.950000000000000000e+02 1.173977017402648926e+00
1.455000000000000000e+03 5.308900000000000000e+04 5.150000000000000000e+02 1.289399981498718262e+00
8.790000000000000000e+02 5.236500000000000000e+04 2.300000000000000000e+02 1.197000026702880859e+00
8.820000000000000000e+03 5.744900000000000000e+04 5.180000000000000000e+02 1.192991018295288086e+00
1.323000000000000000e+03 5.279700000000000000e+04 2.900000000000000000e+02 1.140100002288818359e+00
7.880000000000000000e+02 5.233800000000000000e+04 4.810000000000000000e+02 1.103199958801269531e+00
6.732000000000000000e+03 5.637000000000000000e+04 8.900000000000000000e+02 1.129999995231628418e+00
6.719000000000000000e+03 5.639000000000000000e+04 2.320000000000000000e+02 1.213000059127807617e+00
8.501000000000000000e+03 5.751900000000000000e+04 6.600000000000000000e+02 1.117220997810363770e+00
8.495000000000000000e+03 5.748100000000000000e+04 5.960000000000000000e+02 1.289031982421875000e+00
2.027000000000000000e+03 5.343300000000000000e+04 5.510000000000000000e+02 1.205999970436096191e+00
1.395000000000000000e+03 5.282500000000000000e+04 1.860000000000000000e+02 1.103000044822692871e+00
4.558000000000000000e+03 5.556900000000000000e+04 5.400000000000000000e+01 1.128000020980834961e+00
1.405000000000000000e+03 5.282600000000000000e+04 5.760000000000000000e+02 1.222000002861022949e+00
6.130000000000000000e+02 5.234500000000000000e+04 1.740000000000000000e+02 1.279000043869018555e+00
8.517000000000000000e+03 5.789900000000000000e+04 9.030000000000000000e+02 1.170788049697875977e+00
6.725000000000000000e+03 5.639000000000000000e+04 3.480000000000000000e+02 1.215000033378601074e+00
8.404000000000000000e+03 5.748100000000000000e+04 6.620000000000000000e+02 1.207275986671447754e+00
8.543000000000000000e+03 5.754200000000000000e+04 3.800000000000000000e+02 1.146870017051696777e+00
9.020000000000000000e+02 5.240900000000000000e+04 1.600000000000000000e+02 1.179000020027160645e+00
3.386000000000000000e+03 5.495200000000000000e+04 6.400000000000000000e+01 1.185999989509582520e+00
4.635000000000000000e+03 5.561500000000000000e+04 2.060000000000000000e+02 1.195999979972839355e+00
1.138500000000000000e+04 5.852300000000000000e+04 5.020000000000000000e+02 1.267940998077392578e+00
6.788000000000000000e+03 5.642800000000000000e+04 8.340000000000000000e+02 1.192000031471252441e+00
1.332000000000000000e+03 5.278100000000000000e+04 3.060000000000000000e+02 1.135699987411499023e+00
1.383000000000000000e+03 5.311600000000000000e+04 2.190000000000000000e+02 1.194000005722045898e+00
2.237000000000000000e+03 5.382800000000000000e+04 5.310000000000000000e+02 1.159000039100646973e+00
8.150000000000000000e+02 5.237400000000000000e+04 3.700000000000000000e+02 1.248000025749206543e+00
8.531000000000000000e+03 5.790500000000000000e+04 8.920000000000000000e+02 1.184692978858947754e+00
8.780000000000000000e+02 5.235300000000000000e+04 4.700000000000000000e+01 1.144000053405761719e+00
1.419000000000000000e+03 5.314400000000000000e+04 6.070000000000000000e+02 1.268000006675720215e+00
1.075200000000000000e+04 5.848800000000000000e+04 9.640000000000000000e+02 1.293630957603454590e+00
8.536000000000000000e+03 5.801500000000000000e+04 9.840000000000000000e+02 1.261433005332946777e+00
8.380000000000000000e+03 5.752000000000000000e+04 4.580000000000000000e+02 1.163057804107666016e+00
8.398000000000000000e+03 5.787000000000000000e+04 8.140000000000000000e+02 1.114150047302246094e+00
9.490000000000000000e+02 5.242700000000000000e+04 4.530000000000000000e+02 1.177800059318542480e+00
2.093000000000000000e+03 5.381800000000000000e+04 3.840000000000000000e+02 1.190299987792968750e+00
1.384000000000000000e+03 5.312100000000000000e+04 5.370000000000000000e+02 1.133999943733215332e+00
8.391000000000000000e+03 5.751100000000000000e+04 2.160000000000000000e+02 1.281553030014038086e+00
7.429000000000000000e+03 5.674000000000000000e+04 1.120000000000000000e+02 1.269000053405761719e+00
8.510000000000000000e+03 5.784600000000000000e+04 2.110000000000000000e+02 1.233260035514831543e+00
8.365000000000000000e+03 5.745000000000000000e+04 3.980000000000000000e+02 1.128293991088867188e+00
5.795000000000000000e+03 5.629800000000000000e+04 3.200000000000000000e+02 1.254999995231628418e+00
6.829000000000000000e+03 5.645300000000000000e+04 4.980000000000000000e+02 1.111999988555908203e+00
1.377000000000000000e+03 5.305000000000000000e+04 3.380000000000000000e+02 1.213999986648559570e+00
2.237000000000000000e+03 5.382800000000000000e+04 5.670000000000000000e+02 1.164600014686584473e+00
8.061000000000000000e+03 5.825300000000000000e+04 7.200000000000000000e+02 1.145818948745727539e+00
8.862000000000000000e+03 5.746100000000000000e+04 4.520000000000000000e+02 1.118934988975524902e+00
1.072900000000000000e+04 5.824800000000000000e+04 7.640000000000000000e+02 1.100180029869079590e+00
1.344000000000000000e+03 5.279200000000000000e+04 4.510000000000000000e+02 1.172000050544738770e+00
8.185000000000000000e+03 5.743100000000000000e+04 4.680000000000000000e+02 1.160970687866210938e+00
8.538000000000000000e+03 5.754900000000000000e+04 6.900000000000000000e+01 1.179530024528503418e+00
7.702000000000000000e+03 5.801700000000000000e+04 2.580000000000000000e+02 1.255233049392700195e+00
1.396000000000000000e+03 5.311200000000000000e+04 5.570000000000000000e+02 1.264000058174133301e+00
3.478000000000000000e+03 5.500800000000000000e+04 5.900000000000000000e+01 1.156999945640563965e+00
1.334000000000000000e+03 5.276400000000000000e+04 4.110000000000000000e+02 1.246000051498413086e+00
1.667000000000000000e+03 5.343000000000000000e+04 1.130000000000000000e+02 1.221099972724914551e+00
1.057000000000000000e+03 5.252200000000000000e+04 5.680000000000000000e+02 1.135100007057189941e+00
5.460000000000000000e+02 5.220500000000000000e+04 4.240000000000000000e+02 1.184000015258789062e+00
2.884000000000000000e+03 5.452600000000000000e+04 4.460000000000000000e+02 1.177600026130676270e+00
8.180000000000000000e+02 5.239500000000000000e+04 5.580000000000000000e+02 1.117900013923645020e+00
8.535000000000000000e+03 5.801900000000000000e+04 1.460000000000000000e+02 1.114428043365478516e+00
1.987000000000000000e+03 5.376500000000000000e+04 1.580000000000000000e+02 1.132300019264221191e+00
1.372000000000000000e+03 5.306200000000000000e+04 1.900000000000000000e+02 1.102900028228759766e+00
1.072400000000000000e+04 5.839100000000000000e+04 8.050000000000000000e+02 1.264444947242736816e+00
2.108000000000000000e+03 5.347300000000000000e+04 2.300000000000000000e+02 1.284700036048889160e+00
6.665000000000000000e+03 5.639000000000000000e+04 7.720000000000000000e+02 1.182000041007995605e+00
8.415000000000000000e+03 5.789300000000000000e+04 7.240000000000000000e+02 1.129215955734252930e+00
8.379000000000000000e+03 5.778700000000000000e+04 1.340000000000000000e+02 1.179286956787109375e+00
8.177000000000000000e+03 5.737400000000000000e+04 9.480000000000000000e+02 1.206805944442749023e+00
8.821000000000000000e+03 5.773100000000000000e+04 5.770000000000000000e+02 1.235787034034729004e+00
1.027200000000000000e+04 5.817200000000000000e+04 5.780000000000000000e+02 1.193649053573608398e+00
1.011000000000000000e+03 5.265200000000000000e+04 1.510000000000000000e+02 1.131999969482421875e+00
7.670000000000000000e+02 5.225200000000000000e+04 3.150000000000000000e+02 1.108999967575073242e+00
6.828000000000000000e+03 5.643000000000000000e+04 8.980000000000000000e+02 1.141999959945678711e+00
9.599000000000000000e+03 5.813100000000000000e+04 7.100000000000000000e+02 1.182000041007995605e+00
8.066000000000000000e+03 5.754400000000000000e+04 5.280000000000000000e+02 1.275001049041748047e+00
1.671000000000000000e+03 5.344600000000000000e+04 5.010000000000000000e+02 1.229900002479553223e+00
1.025300000000000000e+04 5.848700000000000000e+04 5.920000000000000000e+02 1.203068971633911133e+00
7.583000000000000000e+03 5.695800000000000000e+04 6.910000000000000000e+02 1.252191185951232910e+00
1.405000000000000000e+03 5.282600000000000000e+04 1.520000000000000000e+02 1.202000021934509277e+00
7.338000000000000000e+03 5.812700000000000000e+04 4.540000000000000000e+02 1.255079984664916992e+00
1.309000000000000000e+03 5.276200000000000000e+04 5.330000000000000000e+02 1.258999943733215332e+00
8.525000000000000000e+03 5.790000000000000000e+04 2.250000000000000000e+02 1.207820057868957520e+00
8.856000000000000000e+03 5.745300000000000000e+04 3.990000000000000000e+02 1.168099045753479004e+00
1.046000000000000000e+03 5.246000000000000000e+04 1.000000000000000000e+01 1.133000016212463379e+00
1.135300000000000000e+04 5.846700000000000000e+04 3.730000000000000000e+02 1.245118975639343262e+00
9.470000000000000000e+02 5.241100000000000000e+04 1.260000000000000000e+02 1.210299968719482422e+00
9.480000000000000000e+02 5.242800000000000000e+04 3.700000000000000000e+01 1.111899971961975098e+00
8.385000000000000000e+03 5.751100000000000000e+04 2.500000000000000000e+01 1.223214983940124512e+00
8.230000000000000000e+03 5.743000000000000000e+04 1.800000000000000000e+02 1.214701056480407715e+00
9.620000000000000000e+02 5.262000000000000000e+04 1.810000000000000000e+02 1.289999961853027344e+00
1.454000000000000000e+03 5.309000000000000000e+04 4.850000000000000000e+02 1.126999974250793457e+00
9.510000000000000000e+02 5.239800000000000000e+04 1.360000000000000000e+02 1.274000048637390137e+00
6.640000000000000000e+03 5.638500000000000000e+04 9.520000000000000000e+02 1.238999962806701660e+00
1.977000000000000000e+03 5.347500000000000000e+04 4.580000000000000000e+02 1.279000043869018555e+00
1.011000000000000000e+03 5.265200000000000000e+04 2.130000000000000000e+02 1.161900043487548828e+00
8.180000000000000000e+02 5.239500000000000000e+04 1.520000000000000000e+02 1.156000018119812012e+00
6.200000000000000000e+02 5.237500000000000000e+04 2.920000000000000000e+02 1.164600014686584473e+00
1.173000000000000000e+03 5.279000000000000000e+04 3.690000000000000000e+02 1.261999964714050293e+00
1.045100000000000000e+04 5.814100000000000000e+04 9.480000000000000000e+02 1.128999948501586914e+00
1.946000000000000000e+03 5.343200000000000000e+04 4.880000000000000000e+02 1.210800051689147949e+00
1.371000000000000000e+03 5.282100000000000000e+04 6.230000000000000000e+02 1.130900025367736816e+00
7.915000000000000000e+03 5.730900000000000000e+04 8.020000000000000000e+02 1.205433964729309082e+00
7.387000000000000000e+03 5.703800000000000000e+04 4.330000000000000000e+02 1.117164969444274902e+00
7.339000000000000000e+03 5.672200000000000000e+04 3.080000000000000000e+02 1.172000050544738770e+00
7.098000000000000000e+03 5.666100000000000000e+04 9.280000000000000000e+02 1.218000054359436035e+00
7.875000000000000000e+03 5.698000000000000000e+04 4.430000000000000000e+02 1.239048004150390625e+00
1.057000000000000000e+03 5.252200000000000000e+04 8.800000000000000000e+01 1.149000048637390137e+00
6.290000000000000000e+02 5.205100000000000000e+04 2.150000000000000000e+02 1.126000046730041504e+00
1.998000000000000000e+03 5.343300000000000000e+04 5.790000000000000000e+02 1.154000043869018555e+00
1.360000000000000000e+03 5.303300000000000000e+04 2.270000000000000000e+02 1.159999966621398926e+00
1.786000000000000000e+03 5.445000000000000000e+04 2.460000000000000000e+02 1.167500019073486328e+00
1.734000000000000000e+03 5.303400000000000000e+04 4.700000000000000000e+02 1.161000013351440430e+00
1.781000000000000000e+03 5.329700000000000000e+04 5.970000000000000000e+02 1.201900005340576172e+00
6.741000000000000000e+03 5.639400000000000000e+04 4.340000000000000000e+02 1.161000013351440430e+00
8.535000000000000000e+03 5.801900000000000000e+04 2.430000000000000000e+02 1.277500033378601074e+00
2.101000000000000000e+03 5.385800000000000000e+04 2.300000000000000000e+01 1.216599941253662109e+00
1.027200000000000000e+04 5.817200000000000000e+04 4.280000000000000000e+02 1.123110055923461914e+00
9.430000000000000000e+02 5.237600000000000000e+04 4.400000000000000000e+02 1.187000036239624023e+00
6.662000000000000000e+03 5.636400000000000000e+04 3.000000000000000000e+02 1.116999983787536621e+00
8.222000000000000000e+03 5.743100000000000000e+04 8.670000000000000000e+02 1.264542222023010254e+00
7.676000000000000000e+03 5.732900000000000000e+04 7.960000000000000000e+02 1.254217982292175293e+00
3.367000000000000000e+03 5.499800000000000000e+04 5.000000000000000000e+00 1.188578963279724121e+00
1.351000000000000000e+03 5.279000000000000000e+04 2.470000000000000000e+02 1.155400037765502930e+00
9.470000000000000000e+02 5.241100000000000000e+04 6.340000000000000000e+02 1.281999945640563965e+00
8.530000000000000000e+03 5.801600000000000000e+04 9.060000000000000000e+02 1.257200956344604492e+00
1.458000000000000000e+03 5.311900000000000000e+04 1.210000000000000000e+02 1.287899971008300781e+00
2.023000000000000000e+03 5.385100000000000000e+04 3.940000000000000000e+02 1.157400012016296387e+00
1.075000000000000000e+04 5.819900000000000000e+04 6.600000000000000000e+02 1.102550029754638672e+00
8.163000000000000000e+03 5.704900000000000000e+04 4.670000000000000000e+02 1.282276988029479980e+00
1.046500000000000000e+04 5.814400000000000000e+04 5.460000000000000000e+02 1.184999942779541016e+00
1.347000000000000000e+03 5.282300000000000000e+04 6.220000000000000000e+02 1.220999956130981445e+00
3.223000000000000000e+03 5.486500000000000000e+04 2.000000000000000000e+00 1.126999974250793457e+00
8.539000000000000000e+03 5.802100000000000000e+04 1.970000000000000000e+02 1.182186961174011230e+00
8.222000000000000000e+03 5.743100000000000000e+04 6.260000000000000000e+02 1.218000054359436035e+00
1.164900000000000000e+04 5.851400000000000000e+04 2.400000000000000000e+01 1.199408054351806641e+00
1.984000000000000000e+03 5.343300000000000000e+04 3.560000000000000000e+02 1.299000024795532227e+00
1.318000000000000000e+03 5.278100000000000000e+04 2.170000000000000000e+02 1.235100030899047852e+00
8.184000000000000000e+03 5.742600000000000000e+04 3.170000000000000000e+02 1.147014975547790527e+00
6.489000000000000000e+03 5.632900000000000000e+04 7.360000000000000000e+02 1.143000006675720215e+00
1.043900000000000000e+04 5.815700000000000000e+04 1.210000000000000000e+02 1.261780023574829102e+00
1.074900000000000000e+04 5.848500000000000000e+04 5.940000000000000000e+02 1.139269948005676270e+00
8.545000000000000000e+03 5.804100000000000000e+04 4.240000000000000000e+02 1.114645004272460938e+00
7.434000000000000000e+03 5.716600000000000000e+04 8.410000000000000000e+02 1.228430986404418945e+00
7.669000000000000000e+03 5.732900000000000000e+04 5.820000000000000000e+02 1.212705969810485840e+00
4.697000000000000000e+03 5.566000000000000000e+04 6.420000000000000000e+02 1.162999987602233887e+00
1.074600000000000000e+04 5.825700000000000000e+04 9.130000000000000000e+02 1.289358019828796387e+00
6.617000000000000000e+03 5.636500000000000000e+04 8.960000000000000000e+02 1.151000022888183594e+00
6.705000000000000000e+03 5.663600000000000000e+04 2.060000000000000000e+02 1.284000039100646973e+00
1.287000000000000000e+03 5.272800000000000000e+04 4.350000000000000000e+02 1.245000004768371582e+00
6.732000000000000000e+03 5.637000000000000000e+04 9.720000000000000000e+02 1.110000014305114746e+00
8.165000000000000000e+03 5.737400000000000000e+04 3.900000000000000000e+01 1.247760653495788574e+00
8.217000000000000000e+03 5.817200000000000000e+04 9.480000000000000000e+02 1.109159946441650391e+00
7.905000000000000000e+03 5.766600000000000000e+04 8.500000000000000000e+01 1.135010004043579102e+00
1.947000000000000000e+03 5.343100000000000000e+04 4.430000000000000000e+02 1.195000052452087402e+00
8.537000000000000000e+03 5.801400000000000000e+04 8.800000000000000000e+02 1.261345982551574707e+00
7.088000000000000000e+03 5.665700000000000000e+04 6.980000000000000000e+02 1.255141019821166992e+00
1.370000000000000000e+03 5.309000000000000000e+04 5.470000000000000000e+02 1.161000013351440430e+00
1.336000000000000000e+03 5.275900000000000000e+04 4.690000000000000000e+02 1.278699994087219238e+00
1.106400000000000000e+04 5.843000000000000000e+04 9.850000000000000000e+02 1.157727003097534180e+00
1.091100000000000000e+04 5.825600000000000000e+04 7.450000000000000000e+02 1.182150006294250488e+00
7.445000000000000000e+03 5.672000000000000000e+04 8.030000000000000000e+02 1.154999971389770508e+00
7.102000000000000000e+03 5.666600000000000000e+04 7.860000000000000000e+02 1.164000034332275391e+00
1.275000000000000000e+03 5.299600000000000000e+04 5.990000000000000000e+02 1.292999982833862305e+00
1.013000000000000000e+03 5.270700000000000000e+04 4.000000000000000000e+01 1.297000050544738770e+00
4.643000000000000000e+03 5.594600000000000000e+04 9.420000000000000000e+02 1.268000006675720215e+00
7.430000000000000000e+03 5.710500000000000000e+04 2.580000000000000000e+02 1.180282950401306152e+00
9.740000000000000000e+02 5.242700000000000000e+04 4.810000000000000000e+02 1.133299946784973145e+00
1.043900000000000000e+04 5.815700000000000000e+04 2.880000000000000000e+02 1.137465953826904297e+00
8.538000000000000000e+03 5.754900000000000000e+04 4.080000000000000000e+02 1.186305046081542969e+00
1.076300000000000000e+04 5.839500000000000000e+04 4.990000000000000000e+02 1.184483051300048828e+00
1.678000000000000000e+03 5.343300000000000000e+04 6.300000000000000000e+01 1.195000052452087402e+00
9.391000000000000000e+03 5.807200000000000000e+04 7.040000000000000000e+02 1.283570051193237305e+00
8.437000000000000000e+03 5.789400000000000000e+04 7.100000000000000000e+02 1.107489943504333496e+00
7.765000000000000000e+03 5.804700000000000000e+04 7.210000000000000000e+02 1.151929974555969238e+00
8.414000000000000000e+03 5.784600000000000000e+04 3.580000000000000000e+02 1.207944989204406738e+00
8.195000000000000000e+03 5.739100000000000000e+04 2.630000000000000000e+02 1.182850956916809082e+00
1.091300000000000000e+04 5.825600000000000000e+04 9.100000000000000000e+01 1.138224959373474121e+00
1.952000000000000000e+03 5.337800000000000000e+04 5.370000000000000000e+02 1.190000057220458984e+00
6.754000000000000000e+03 5.641400000000000000e+04 7.440000000000000000e+02 1.291000008583068848e+00
8.846000000000000000e+03 5.742800000000000000e+04 1.310000000000000000e+02 1.131059050559997559e+00
9.520000000000000000e+02 5.240900000000000000e+04 3.180000000000000000e+02 1.101799964904785156e+00
9.520000000000000000e+02 5.240900000000000000e+04 8.600000000000000000e+01 1.202000021934509277e+00
3.758000000000000000e+03 5.550600000000000000e+04 7.400000000000000000e+01 1.111999988555908203e+00
8.201000000000000000e+03 5.814600000000000000e+04 7.240000000000000000e+02 1.186779975891113281e+00
8.491000000000000000e+03 5.748800000000000000e+04 7.620000000000000000e+02 1.181121945381164551e+00
4.310000000000000000e+02 5.187700000000000000e+04 1.860000000000000000e+02 1.139999985694885254e+00
1.287000000000000000e+03 5.272800000000000000e+04 3.000000000000000000e+00 1.161200046539306641e+00
1.072300000000000000e+04 5.828700000000000000e+04 5.740000000000000000e+02 1.192754030227661133e+00
8.498000000000000000e+03 5.710500000000000000e+04 1.340000000000000000e+02 1.150143980979919434e+00
1.273000000000000000e+03 5.299300000000000000e+04 2.610000000000000000e+02 1.190999984741210938e+00
1.436000000000000000e+03 5.305400000000000000e+04 3.370000000000000000e+02 1.249199986457824707e+00
8.211000000000000000e+03 5.742300000000000000e+04 6.120000000000000000e+02 1.245264768600463867e+00
8.890000000000000000e+02 5.266300000000000000e+04 1.930000000000000000e+02 1.183400034904479980e+00
1.134200000000000000e+04 5.842500000000000000e+04 8.810000000000000000e+02 1.261651992797851562e+00
8.366000000000000000e+03 5.743200000000000000e+04 3.740000000000000000e+02 1.155948996543884277e+00
1.277000000000000000e+03 5.276500000000000000e+04 4.190000000000000000e+02 1.160799980163574219e+00
1.170400000000000000e+04 5.851400000000000000e+04 6.640000000000000000e+02 1.102906942367553711e+00
8.532000000000000000e+03 5.802200000000000000e+04 2.900000000000000000e+02 1.108242034912109375e+00
9.380000000000000000e+02 5.270800000000000000e+04 3.430000000000000000e+02 1.285799980163574219e+00
7.719000000000000000e+03 5.808200000000000000e+04 5.100000000000000000e+01 1.189730048179626465e+00
8.434000000000000000e+03 5.748400000000000000e+04 6.720000000000000000e+02 1.224074959754943848e+00
8.387000000000000000e+03 5.748300000000000000e+04 8.440000000000000000e+02 1.239351987838745117e+00
2.016000000000000000e+03 5.379900000000000000e+04 6.340000000000000000e+02 1.102100014686584473e+00
1.370000000000000000e+03 5.309000000000000000e+04 4.820000000000000000e+02 1.133900046348571777e+00
6.690000000000000000e+03 5.641600000000000000e+04 8.000000000000000000e+00 1.238000035285949707e+00
8.864000000000000000e+03 5.742800000000000000e+04 2.530000000000000000e+02 1.137825965881347656e+00
2.342000000000000000e+03 5.374200000000000000e+04 1.860000000000000000e+02 1.246099948883056641e+00
8.283000000000000000e+03 5.706400000000000000e+04 4.750000000000000000e+02 1.140212059020996094e+00
1.945000000000000000e+03 5.338700000000000000e+04 2.420000000000000000e+02 1.169999957084655762e+00
8.740000000000000000e+02 5.233800000000000000e+04 1.250000000000000000e+02 1.286000013351440430e+00
8.301000000000000000e+03 5.739000000000000000e+04 5.640000000000000000e+02 1.114143967628479004e+00
1.316000000000000000e+03 5.279000000000000000e+04 6.340000000000000000e+02 1.287999987602233887e+00
6.667000000000000000e+03 5.641200000000000000e+04 6.840000000000000000e+02 1.240000009536743164e+00
4.240000000000000000e+02 5.189300000000000000e+04 5.180000000000000000e+02 1.228399991989135742e+00
1.372000000000000000e+03 5.306200000000000000e+04 4.840000000000000000e+02 1.223000049591064453e+00
1.279000000000000000e+03 5.273600000000000000e+04 1.410000000000000000e+02 1.190000057220458984e+00
8.830000000000000000e+02 5.243000000000000000e+04 4.860000000000000000e+02 1.200000047683715820e+00
8.192000000000000000e+03 5.734800000000000000e+04 9.180000000000000000e+02 1.270061373710632324e+00
8.063000000000000000e+03 5.757600000000000000e+04 3.670000000000000000e+02 1.143314003944396973e+00
1.137700000000000000e+04 5.843400000000000000e+04 8.240000000000000000e+02 1.182890057563781738e+00
9.361000000000000000e+03 5.805500000000000000e+04 9.960000000000000000e+02 1.150979995727539062e+00
1.028800000000000000e+04 5.813100000000000000e+04 7.090000000000000000e+02 1.110682010650634766e+00
2.091000000000000000e+03 5.344700000000000000e+04 6.300000000000000000e+01 1.118899941444396973e+00
1.354000000000000000e+03 5.281400000000000000e+04 5.650000000000000000e+02 1.100999951362609863e+00
8.749000000000000000e+03 5.768400000000000000e+04 2.430000000000000000e+02 1.102480053901672363e+00
8.233000000000000000e+03 5.788700000000000000e+04 7.180000000000000000e+02 1.118149995803833008e+00
1.317000000000000000e+03 5.276500000000000000e+04 2.600000000000000000e+01 1.271999955177307129e+00
3.699000000000000000e+03 5.551700000000000000e+04 9.400000000000000000e+01 1.205000042915344238e+00
7.307000000000000000e+03 5.672000000000000000e+04 1.040000000000000000e+02 1.146000027656555176e+00
1.310000000000000000e+03 5.303300000000000000e+04 3.740000000000000000e+02 1.164000034332275391e+00
9.213000000000000000e+03 5.771200000000000000e+04 9.730000000000000000e+02 1.209156036376953125e+00
7.900000000000000000e+02 5.244100000000000000e+04 3.900000000000000000e+01 1.164000034332275391e+00
1.838000000000000000e+03 5.346700000000000000e+04 5.370000000000000000e+02 1.228899955749511719e+00
8.490000000000000000e+03 5.710400000000000000e+04 4.950000000000000000e+02 1.277330040931701660e+00
8.494000000000000000e+03 5.710400000000000000e+04 9.220000000000000000e+02 1.154991984367370605e+00
7.512000000000000000e+03 5.677700000000000000e+04 2.140000000000000000e+02 1.100999951362609863e+00
8.175000000000000000e+03 5.703900000000000000e+04 2.010000000000000000e+02 1.104763984680175781e+00
9.609000000000000000e+03 5.813600000000000000e+04 9.350000000000000000e+02 1.295330047607421875e+00
1.132100000000000000e+04 5.842500000000000000e+04 9.780000000000000000e+02 1.258937954902648926e+00
7.603000000000000000e+03 5.696000000000000000e+04 8.660000000000000000e+02 1.130337953567504883e+00
2.001000000000000000e+03 5.349300000000000000e+04 5.770000000000000000e+02 1.284500002861022949e+00
7.091000000000000000e+03 5.665800000000000000e+04 8.320000000000000000e+02 1.190999984741210938e+00
7.600000000000000000e+02 5.226400000000000000e+04 1.260000000000000000e+02 1.286999940872192383e+00
8.538000000000000000e+03 5.754900000000000000e+04 6.000000000000000000e+00 1.108090043067932129e+00
9.177000000000000000e+03 5.804400000000000000e+04 5.140000000000000000e+02 1.202787041664123535e+00
4.618000000000000000e+03 5.560000000000000000e+04 2.180000000000000000e+02 1.289999961853027344e+00
8.861000000000000000e+03 5.745900000000000000e+04 4.400000000000000000e+01 1.113842010498046875e+00
8.845000000000000000e+03 5.815900000000000000e+04 7.520000000000000000e+02 1.196866035461425781e+00
7.701000000000000000e+03 5.735600000000000000e+04 9.190000000000000000e+02 1.177642941474914551e+00
7.650000000000000000e+02 5.225400000000000000e+04 1.330000000000000000e+02 1.136000037193298340e+00
1.047100000000000000e+04 5.813200000000000000e+04 7.100000000000000000e+01 1.134101033210754395e+00
8.371000000000000000e+03 5.778600000000000000e+04 8.540000000000000000e+02 1.211549997329711914e+00
7.868000000000000000e+03 5.700600000000000000e+04 1.210000000000000000e+02 1.214624047279357910e+00
2.215000000000000000e+03 5.379300000000000000e+04 4.650000000000000000e+02 1.255900025367736816e+00
7.598000000000000000e+03 5.695600000000000000e+04 6.300000000000000000e+01 1.252457976341247559e+00
6.809000000000000000e+03 5.645400000000000000e+04 3.920000000000000000e+02 1.177999973297119141e+00
8.497000000000000000e+03 5.816100000000000000e+04 9.720000000000000000e+02 1.159639954566955566e+00
9.430000000000000000e+02 5.237600000000000000e+04 1.350000000000000000e+02 1.187000036239624023e+00
1.134700000000000000e+04 5.844000000000000000e+04 3.640000000000000000e+02 1.113628029823303223e+00
1.092000000000000000e+04 5.825200000000000000e+04 4.560000000000000000e+02 1.201279997825622559e+00
5.500000000000000000e+02 5.195900000000000000e+04 6.140000000000000000e+02 1.164399981498718262e+00
1.140100000000000000e+04 5.849100000000000000e+04 1.700000000000000000e+02 1.163967967033386230e+00
1.024600000000000000e+04 5.817100000000000000e+04 6.860000000000000000e+02 1.144840955734252930e+00
9.600000000000000000e+02 5.242500000000000000e+04 5.330000000000000000e+02 1.100200057029724121e+00
5.144000000000000000e+03 5.582900000000000000e+04 2.460000000000000000e+02 1.131000041961669922e+00
1.135100000000000000e+04 5.844000000000000000e+04 1.060000000000000000e+02 1.296769976615905762e+00
7.914000000000000000e+03 5.733100000000000000e+04 8.740000000000000000e+02 1.134931445121765137e+00
1.984000000000000000e+03 5.343300000000000000e+04 3.920000000000000000e+02 1.180500030517578125e+00
6.674000000000000000e+03 5.641600000000000000e+04 8.030000000000000000e+02 1.182999968528747559e+00
3.672000000000000000e+03 5.548400000000000000e+04 8.740000000000000000e+02 1.182000041007995605e+00
7.680000000000000000e+02 5.228100000000000000e+04 5.630000000000000000e+02 1.165400028228759766e+00
8.741000000000000000e+03 5.739000000000000000e+04 1.240000000000000000e+02 1.237500429153442383e+00
9.199000000000000000e+03 5.768400000000000000e+04 2.690000000000000000e+02 1.243999958038330078e+00
1.104700000000000000e+04 5.842400000000000000e+04 1.360000000000000000e+02 1.217664003372192383e+00
1.131100000000000000e+04 5.842900000000000000e+04 4.040000000000000000e+02 1.171243429183959961e+00
4.640000000000000000e+03 5.592700000000000000e+04 6.720000000000000000e+02 1.118000030517578125e+00
8.285000000000000000e+03 5.704800000000000000e+04 8.670000000000000000e+02 1.235792994499206543e+00
7.607000000000000000e+03 5.690200000000000000e+04 4.320000000000000000e+02 1.170106053352355957e+00
1.278000000000000000e+03 5.273500000000000000e+04 2.310000000000000000e+02 1.193799972534179688e+00
3.800000000000000000e+03 5.548600000000000000e+04 9.720000000000000000e+02 1.258000016212463379e+00
8.854000000000000000e+03 5.745000000000000000e+04 5.240000000000000000e+02 1.295248031616210938e+00
6.692000000000000000e+03 5.639000000000000000e+04 8.800000000000000000e+02 1.174000024795532227e+00
9.611000000000000000e+03 5.810700000000000000e+04 2.780000000000000000e+02 1.212509989738464355e+00
8.800000000000000000e+02 5.236700000000000000e+04 3.180000000000000000e+02 1.284999966621398926e+00
1.976000000000000000e+03 5.340100000000000000e+04 4.330000000000000000e+02 1.218000054359436035e+00
2.099000000000000000e+03 5.346900000000000000e+04 4.360000000000000000e+02 1.148100018501281738e+00
5.805000000000000000e+03 5.633600000000000000e+04 7.540000000000000000e+02 1.169999957084655762e+00
7.900000000000000000e+03 5.735800000000000000e+04 8.350000000000000000e+02 1.278138041496276855e+00
8.820000000000000000e+02 5.237000000000000000e+04 4.450000000000000000e+02 1.176699995994567871e+00
7.288000000000000000e+03 5.703900000000000000e+04 3.870000000000000000e+02 1.231501936912536621e+00
1.066000000000000000e+04 5.846600000000000000e+04 7.740000000000000000e+02 1.227956056594848633e+00
8.180000000000000000e+02 5.239500000000000000e+04 5.510000000000000000e+02 1.190999984741210938e+00
1.107200000000000000e+04 5.843600000000000000e+04 6.670000000000000000e+02 1.108479976654052734e+00
1.072100000000000000e+04 5.828800000000000000e+04 7.540000000000000000e+02 1.112321972846984863e+00
1.105500000000000000e+04 5.842900000000000000e+04 6.140000000000000000e+02 1.133856058120727539e+00
8.196000000000000000e+03 5.734600000000000000e+04 6.560000000000000000e+02 1.244657993316650391e+00
1.353000000000000000e+03 5.308300000000000000e+04 6.210000000000000000e+02 1.138700008392333984e+00
7.764000000000000000e+03 5.804200000000000000e+04 5.990000000000000000e+02 1.221806049346923828e+00
7.624000000000000000e+03 5.703900000000000000e+04 8.600000000000000000e+01 1.295287966728210449e+00
1.128100000000000000e+04 5.842400000000000000e+04 3.640000000000000000e+02 1.214576005935668945e+00
7.427000000000000000e+03 5.675100000000000000e+04 2.670000000000000000e+02 1.134999990463256836e+00
1.131200000000000000e+04 5.843300000000000000e+04 3.000000000000000000e+02 1.235514998435974121e+00
7.861000000000000000e+03 5.728100000000000000e+04 6.560000000000000000e+02 1.226073980331420898e+00
8.518000000000000000e+03 5.819300000000000000e+04 8.800000000000000000e+01 1.122360944747924805e+00
7.867000000000000000e+03 5.700300000000000000e+04 3.390000000000000000e+02 1.252637028694152832e+00
9.408000000000000000e+03 5.807700000000000000e+04 5.660000000000000000e+02 1.121000051498413086e+00
8.840000000000000000e+02 5.237400000000000000e+04 2.800000000000000000e+02 1.256921052932739258e+00
1.054000000000000000e+03 5.251600000000000000e+04 5.350000000000000000e+02 1.171100020408630371e+00
1.129500000000000000e+04 5.845600000000000000e+04 3.220000000000000000e+02 1.257279992103576660e+00
6.682000000000000000e+03 5.639000000000000000e+04 4.180000000000000000e+02 1.279999971389770508e+00
1.044200000000000000e+04 5.814100000000000000e+04 5.170000000000000000e+02 1.195999979972839355e+00
8.753000000000000000e+03 5.737300000000000000e+04 6.630000000000000000e+02 1.273043990135192871e+00
1.108300000000000000e+04 5.851500000000000000e+04 3.130000000000000000e+02 1.168447017669677734e+00
7.850000000000000000e+03 5.695600000000000000e+04 4.520000000000000000e+02 1.279958963394165039e+00
1.107900000000000000e+04 5.848500000000000000e+04 9.480000000000000000e+02 1.142788052558898926e+00
1.167500000000000000e+04 5.852300000000000000e+04 7.930000000000000000e+02 1.134595990180969238e+00
1.027500000000000000e+04 5.846700000000000000e+04 3.330000000000000000e+02 1.100880026817321777e+00
1.108400000000000000e+04 5.842700000000000000e+04 8.400000000000000000e+02 1.217875003814697266e+00
7.245000000000000000e+03 5.663600000000000000e+04 7.870000000000000000e+02 1.181624054908752441e+00
4.440000000000000000e+02 5.188300000000000000e+04 6.050000000000000000e+02 1.161999940872192383e+00
1.105500000000000000e+04 5.842900000000000000e+04 9.590000000000000000e+02 1.258823037147521973e+00
8.235000000000000000e+03 5.819100000000000000e+04 4.400000000000000000e+01 1.223000049591064453e+00
7.628000000000000000e+03 5.697800000000000000e+04 4.700000000000000000e+02 1.266383051872253418e+00
9.368000000000000000e+03 5.781700000000000000e+04 2.960000000000000000e+02 1.222020030021667480e+00
8.367000000000000000e+03 5.742900000000000000e+04 7.550000000000000000e+02 1.170729994773864746e+00
2.025000000000000000e+03 5.343100000000000000e+04 1.120000000000000000e+02 1.169399976730346680e+00
2.030000000000000000e+03 5.349900000000000000e+04 3.110000000000000000e+02 1.141899943351745605e+00
1.076100000000000000e+04 5.828300000000000000e+04 8.900000000000000000e+02 1.186756014823913574e+00
6.860000000000000000e+02 5.251900000000000000e+04 2.170000000000000000e+02 1.259299993515014648e+00
9.610000000000000000e+03 5.813700000000000000e+04 8.760000000000000000e+02 1.281999945640563965e+00
1.133600000000000000e+04 5.842900000000000000e+04 3.870000000000000000e+02 1.280900001525878906e+00
4.230000000000000000e+02 5.182100000000000000e+04 6.190000000000000000e+02 1.159700036048889160e+00
1.133600000000000000e+04 5.842900000000000000e+04 2.600000000000000000e+01 1.253239035606384277e+00
7.669000000000000000e+03 5.732900000000000000e+04 7.430000000000000000e+02 1.269225597381591797e+00
7.716000000000000000e+03 5.809700000000000000e+04 8.680000000000000000e+02 1.113543987274169922e+00
7.627000000000000000e+03 5.693300000000000000e+04 9.590000000000000000e+02 1.251207947731018066e+00
9.700000000000000000e+02 5.241300000000000000e+04 4.070000000000000000e+02 1.167999982833862305e+00
7.641000000000000000e+03 5.730700000000000000e+04 9.660000000000000000e+02 1.268398046493530273e+00
9.361000000000000000e+03 5.805500000000000000e+04 1.850000000000000000e+02 1.207430005073547363e+00
7.872000000000000000e+03 5.727900000000000000e+04 1.700000000000000000e+02 1.292381048202514648e+00
7.850000000000000000e+03 5.695600000000000000e+04 2.380000000000000000e+02 1.116384983062744141e+00
1.084000000000000000e+03 5.259100000000000000e+04 3.770000000000000000e+02 1.192100048065185547e+00
7.738000000000000000e+03 5.810000000000000000e+04 5.520000000000000000e+02 1.212785959243774414e+00
1.972000000000000000e+03 5.346600000000000000e+04 4.120000000000000000e+02 1.111999988555908203e+00
9.200000000000000000e+03 5.771600000000000000e+04 4.350000000000000000e+02 1.257531046867370605e+00
8.279000000000000000e+03 5.706300000000000000e+04 7.690000000000000000e+02 1.299800992012023926e+00
7.623000000000000000e+03 5.690100000000000000e+04 3.760000000000000000e+02 1.177559971809387207e+00
9.168000000000000000e+03 5.806700000000000000e+04 8.130000000000000000e+02 1.198147058486938477e+00
7.835000000000000000e+03 5.698600000000000000e+04 3.140000000000000000e+02 1.177358031272888184e+00
7.598000000000000000e+03 5.695600000000000000e+04 3.000000000000000000e+02 1.280959963798522949e+00
1.066200000000000000e+04 5.815800000000000000e+04 3.420000000000000000e+02 1.166829943656921387e+00
6.780000000000000000e+03 5.626700000000000000e+04 7.150000000000000000e+02 1.110000014305114746e+00
6.900000000000000000e+02 5.226100000000000000e+04 6.250000000000000000e+02 1.127699971199035645e+00
5.410000000000000000e+02 5.195900000000000000e+04 5.100000000000000000e+02 1.187399983406066895e+00
3.761000000000000000e+03 5.527200000000000000e+04 3.180000000000000000e+02 1.271999955177307129e+00
8.744000000000000000e+03 5.812400000000000000e+04 3.630000000000000000e+02 1.175143957138061523e+00
5.648000000000000000e+03 5.592300000000000000e+04 8.400000000000000000e+02 1.156000018119812012e+00
9.360000000000000000e+03 5.805500000000000000e+04 8.200000000000000000e+01 1.259060978889465332e+00
8.861000000000000000e+03 5.745900000000000000e+04 7.360000000000000000e+02 1.289816021919250488e+00
7.906000000000000000e+03 5.733300000000000000e+04 1.870000000000000000e+02 1.117687940597534180e+00
7.643000000000000000e+03 5.730200000000000000e+04 5.800000000000000000e+01 1.135848045349121094e+00
1.105300000000000000e+04 5.843700000000000000e+04 5.300000000000000000e+02 1.161146998405456543e+00
9.148000000000000000e+03 5.803900000000000000e+04 1.460000000000000000e+02 1.281319975852966309e+00
7.851000000000000000e+03 5.693200000000000000e+04 1.390000000000000000e+02 1.147549033164978027e+00
7.612000000000000000e+03 5.697200000000000000e+04 2.020000000000000000e+02 1.166339993476867676e+00
1.154600000000000000e+04 5.848800000000000000e+04 8.600000000000000000e+02 1.247022032737731934e+00
7.694000000000000000e+03 5.735900000000000000e+04 3.260000000000000000e+02 1.273293018341064453e+00
9.210000000000000000e+03 5.765600000000000000e+04 6.260000000000000000e+02 1.121767044067382812e+00
7.672000000000000000e+03 5.733900000000000000e+04 6.390000000000000000e+02 1.288400053977966309e+00
7.869000000000000000e+03 5.701200000000000000e+04 5.000000000000000000e+00 1.284358024597167969e+00
9.359000000000000000e+03 5.805600000000000000e+04 4.990000000000000000e+02 1.228672027587890625e+00
4.090000000000000000e+02 5.187100000000000000e+04 5.010000000000000000e+02 1.145699977874755859e+00
7.595000000000000000e+03 5.695700000000000000e+04 5.100000000000000000e+02 1.125956058502197266e+00
8.280000000000000000e+02 5.231700000000000000e+04 4.640000000000000000e+02 1.240599989891052246e+00
8.729000000000000000e+03 5.739900000000000000e+04 3.690000000000000000e+02 1.215296983718872070e+00
1.131500000000000000e+04 5.840200000000000000e+04 7.780000000000000000e+02 1.122518658638000488e+00
9.354000000000000000e+03 5.780600000000000000e+04 3.390000000000000000e+02 1.207000017166137695e+00
8.748000000000000000e+03 5.839600000000000000e+04 1.660000000000000000e+02 1.216709971427917480e+00
7.663000000000000000e+03 5.732800000000000000e+04 4.080000000000000000e+02 1.293259978294372559e+00
7.752000000000000000e+03 5.807200000000000000e+04 8.350000000000000000e+02 1.103999972343444824e+00
7.893000000000000000e+03 5.728600000000000000e+04 4.570000000000000000e+02 1.102671980857849121e+00
7.893000000000000000e+03 5.728600000000000000e+04 5.010000000000000000e+02 1.132431030273437500e+00
