1.008000000000000000e+03 5.270700000000000000e+04 4.960000000000000000e+02 1.415733993053436279e-01
1.464000000000000000e+03 5.309100000000000000e+04 2.900000000000000000e+01 1.180000007152557373e-01
1.326000000000000000e+03 5.276400000000000000e+04 4.000000000000000000e+02 1.481443941593170166e-01
6.270000000000000000e+02 5.214400000000000000e+04 4.080000000000000000e+02 1.159999966621398926e-01
9.720000000000000000e+02 5.243500000000000000e+04 4.350000000000000000e+02 1.909999996423721313e-01
9.670000000000000000e+02 5.263600000000000000e+04 5.810000000000000000e+02 2.604095079004764557e-02
1.394000000000000000e+03 5.310800000000000000e+04 1.070000000000000000e+02 7.900000363588333130e-02
1.438000000000000000e+03 5.305400000000000000e+04 1.650000000000000000e+02 1.360000073909759521e-01
7.759000000000000000e+03 5.840100000000000000e+04 3.240000000000000000e+02 1.664451062679290771e-01
1.998000000000000000e+03 5.343300000000000000e+04 1.870000000000000000e+02 1.030000001192092896e-01
1.285000000000000000e+03 5.272300000000000000e+04 3.700000000000000000e+01 1.451285928487777710e-01
1.319000000000000000e+03 5.279100000000000000e+04 1.290000000000000000e+02 1.059999987483024597e-01
1.048000000000000000e+03 5.273600000000000000e+04 4.160000000000000000e+02 1.560000032186508179e-01
1.284000000000000000e+03 5.273600000000000000e+04 1.510000000000000000e+02 6.427127867937088013e-02
1.395000000000000000e+03 5.282500000000000000e+04 8.300000000000000000e+01 1.589999943971633911e-01
9.050000000000000000e+02 5.264300000000000000e+04 4.810000000000000000e+02 1.190000027418136597e-01
1.437000000000000000e+03 5.304600000000000000e+04 5.980000000000000000e+02 7.853812724351882935e-02
9.740000000000000000e+02 5.242700000000000000e+04 6.700000000000000000e+01 1.121869012713432312e-01
2.020000000000000000e+03 5.343100000000000000e+04 5.150000000000000000e+02 9.799999743700027466e-02
5.570000000000000000e+02 5.225300000000000000e+04 7.200000000000000000e+01 7.500000298023223877e-02
1.371000000000000000e+03 5.282100000000000000e+04 5.800000000000000000e+02 1.087490990757942200e-01
6.310000000000000000e+02 5.207900000000000000e+04 3.250000000000000000e+02 1.289999932050704956e-01
8.545000000000000000e+03 5.804100000000000000e+04 9.210000000000000000e+02 8.480817079544067383e-02
8.065000000000000000e+03 5.824800000000000000e+04 9.560000000000000000e+02 9.057488292455673218e-02
7.960000000000000000e+02 5.240100000000000000e+04 4.200000000000000000e+01 1.159999966621398926e-01
7.950000000000000000e+02 5.237800000000000000e+04 4.330000000000000000e+02 1.739999949932098389e-01
9.490000000000000000e+02 5.242700000000000000e+04 1.700000000000000000e+01 1.418451070785522461e-01
1.336000000000000000e+03 5.275900000000000000e+04 2.010000000000000000e+02 1.860000044107437134e-01
8.160000000000000000e+02 5.237900000000000000e+04 6.030000000000000000e+02 1.369999945163726807e-01
1.995000000000000000e+03 5.341500000000000000e+04 2.600000000000000000e+01 1.333615928888320923e-01
1.373000000000000000e+03 5.306300000000000000e+04 3.270000000000000000e+02 1.959999948740005493e-01
8.214000000000000000e+03 5.786700000000000000e+04 3.900000000000000000e+02 1.500000059604644775e-01
6.200000000000000000e+02 5.237500000000000000e+04 1.600000000000000000e+02 1.000000014901161194e-01
7.682000000000000000e+03 5.741500000000000000e+04 5.580000000000000000e+02 1.769332438707351685e-01
9.030000000000000000e+02 5.240000000000000000e+04 4.750000000000000000e+02 1.459999978542327881e-01
2.097000000000000000e+03 5.349100000000000000e+04 5.620000000000000000e+02 9.251189976930618286e-02
8.174000000000000000e+03 5.737400000000000000e+04 9.000000000000000000e+02 1.455614566802978516e-01
8.287000000000000000e+03 5.740100000000000000e+04 6.920000000000000000e+02 1.388728320598602295e-01
1.418000000000000000e+03 5.314200000000000000e+04 1.110000000000000000e+02 1.771903932094573975e-01
1.057000000000000000e+03 5.252200000000000000e+04 1.940000000000000000e+02 8.068282157182693481e-02
1.090900000000000000e+04 5.828000000000000000e+04 3.480000000000000000e+02 9.998463839292526245e-02
7.940000000000000000e+02 5.237600000000000000e+04 5.500000000000000000e+02 1.596124023199081421e-01
1.357000000000000000e+03 5.303400000000000000e+04 2.140000000000000000e+02 1.709370017051696777e-01
6.799000000000000000e+03 5.647800000000000000e+04 2.740000000000000000e+02 1.429592072963714600e-01
2.010000000000000000e+03 5.349500000000000000e+04 6.010000000000000000e+02 1.930000036954879761e-01
2.972000000000000000e+03 5.458600000000000000e+04 4.640000000000000000e+02 8.481240272521972656e-02
1.975000000000000000e+03 5.373400000000000000e+04 2.170000000000000000e+02 7.275445759296417236e-02
7.650000000000000000e+03 5.757500000000000000e+04 5.540000000000000000e+02 1.486084014177322388e-01
1.272000000000000000e+03 5.298900000000000000e+04 6.380000000000000000e+02 1.163659989833831787e-01
6.140000000000000000e+02 5.343700000000000000e+04 5.160000000000000000e+02 1.498575061559677124e-01
1.050000000000000000e+03 5.272100000000000000e+04 3.960000000000000000e+02 9.399999678134918213e-02
1.329000000000000000e+03 5.276700000000000000e+04 1.260000000000000000e+02 1.223409026861190796e-01
1.956000000000000000e+03 5.343700000000000000e+04 4.760000000000000000e+02 1.613762974739074707e-01
1.162000000000000000e+03 5.266800000000000000e+04 1.560000000000000000e+02 9.300000220537185669e-02
1.975000000000000000e+03 5.373400000000000000e+04 5.670000000000000000e+02 1.350163966417312622e-01
1.052000000000000000e+03 5.246600000000000000e+04 5.190000000000000000e+02 1.930000036954879761e-01
1.160000000000000000e+03 5.267400000000000000e+04 1.190000000000000000e+02 7.465615123510360718e-02
1.361000000000000000e+03 5.304700000000000000e+04 6.290000000000000000e+02 7.979589700698852539e-02
7.835000000000000000e+03 5.698600000000000000e+04 7.580000000000000000e+02 4.156715795397758484e-02
1.952000000000000000e+03 5.337800000000000000e+04 2.700000000000000000e+02 9.251906722784042358e-02
7.873000000000000000e+03 5.730700000000000000e+04 4.380000000000000000e+02 1.438776999711990356e-01
1.288000000000000000e+03 5.273100000000000000e+04 2.390000000000000000e+02 1.720000058412551880e-01
1.328000000000000000e+03 5.278600000000000000e+04 3.900000000000000000e+02 1.410000026226043701e-01
1.684000000000000000e+03 5.323900000000000000e+04 3.870000000000000000e+02 1.819999963045120239e-01
2.883000000000000000e+03 5.452500000000000000e+04 4.280000000000000000e+02 1.775245964527130127e-01
1.992000000000000000e+03 5.346600000000000000e+04 4.910000000000000000e+02 1.679999977350234985e-01
8.510000000000000000e+03 5.784600000000000000e+04 9.900000000000000000e+01 1.618241965770721436e-01
1.353000000000000000e+03 5.308300000000000000e+04 4.060000000000000000e+02 1.990000009536743164e-01
1.436000000000000000e+03 5.305400000000000000e+04 5.230000000000000000e+02 1.491008996963500977e-01
9.500000000000000000e+02 5.237800000000000000e+04 5.480000000000000000e+02 1.589999943971633911e-01
1.350000000000000000e+03 5.278600000000000000e+04 3.940000000000000000e+02 1.700093001127243042e-01
7.940000000000000000e+02 5.237600000000000000e+04 5.060000000000000000e+02 1.990000009536743164e-01
2.297000000000000000e+03 5.373800000000000000e+04 2.950000000000000000e+02 1.773751974105834961e-01
1.049000000000000000e+03 5.275100000000000000e+04 1.610000000000000000e+02 8.351396024227142334e-02
1.432000000000000000e+03 5.300300000000000000e+04 1.150000000000000000e+02 1.500000059604644775e-01
6.150000000000000000e+02 5.234700000000000000e+04 8.500000000000000000e+01 1.599999964237213135e-01
8.810000000000000000e+02 5.236800000000000000e+04 2.530000000000000000e+02 8.436982333660125732e-02
7.904000000000000000e+03 5.735800000000000000e+04 5.890000000000000000e+02 1.616401523351669312e-01
9.580000000000000000e+02 5.241000000000000000e+04 2.430000000000000000e+02 1.218229979276657104e-01
8.760000000000000000e+02 5.266900000000000000e+04 4.970000000000000000e+02 1.319999992847442627e-01
2.002000000000000000e+03 5.347100000000000000e+04 5.340000000000000000e+02 9.200000017881393433e-02
6.100000000000000000e+02 5.205600000000000000e+04 1.200000000000000000e+02 1.763381958007812500e-01
8.391000000000000000e+03 5.751100000000000000e+04 4.400000000000000000e+02 8.949213474988937378e-02
1.042000000000000000e+03 5.272500000000000000e+04 2.370000000000000000e+02 1.084436029195785522e-01
1.449000000000000000e+03 5.311600000000000000e+04 9.600000000000000000e+01 1.021744981408119202e-01
1.463000000000000000e+03 5.306300000000000000e+04 6.190000000000000000e+02 1.840000003576278687e-01
6.705000000000000000e+03 5.663600000000000000e+04 9.530000000000000000e+02 1.066123992204666138e-01
1.379000000000000000e+03 5.308400000000000000e+04 5.640000000000000000e+02 7.958438992500305176e-02
9.740000000000000000e+02 5.242700000000000000e+04 4.680000000000000000e+02 6.065092980861663818e-02
8.202000000000000000e+03 5.815800000000000000e+04 1.340000000000000000e+02 6.663416326045989990e-02
1.594000000000000000e+03 5.299200000000000000e+04 6.360000000000000000e+02 1.190000027418136597e-01
1.672000000000000000e+03 5.346000000000000000e+04 1.170000000000000000e+02 7.592406868934631348e-02
8.055000000000000000e+03 5.718700000000000000e+04 3.780000000000000000e+02 6.001938879489898682e-02
1.325000000000000000e+03 5.276200000000000000e+04 2.330000000000000000e+02 8.299999684095382690e-02
9.720000000000000000e+02 5.243500000000000000e+04 4.330000000000000000e+02 1.000000014901161194e-01
1.319000000000000000e+03 5.279100000000000000e+04 1.530000000000000000e+02 1.008708029985427856e-01
6.160000000000000000e+02 5.244200000000000000e+04 6.180000000000000000e+02 1.094584017992019653e-01
2.088000000000000000e+03 5.349300000000000000e+04 1.620000000000000000e+02 7.489564269781112671e-02
1.363000000000000000e+03 5.305300000000000000e+04 5.210000000000000000e+02 6.004336848855018616e-02
1.042000000000000000e+03 5.272500000000000000e+04 5.800000000000000000e+02 1.889999955892562866e-01
1.975000000000000000e+03 5.373400000000000000e+04 1.410000000000000000e+02 8.221449702978134155e-02
7.742000000000000000e+03 5.807600000000000000e+04 2.480000000000000000e+02 9.404990077018737793e-02
4.530000000000000000e+02 5.191500000000000000e+04 3.100000000000000000e+02 1.319999992847442627e-01
2.294000000000000000e+03 5.452400000000000000e+04 6.360000000000000000e+02 1.621944010257720947e-01
1.276000000000000000e+03 5.303500000000000000e+04 2.730000000000000000e+02 1.459999978542327881e-01
9.362000000000000000e+03 5.780100000000000000e+04 6.920000000000000000e+02 1.320820003747940063e-01
1.049000000000000000e+03 5.275100000000000000e+04 4.910000000000000000e+02 9.333147108554840088e-02
6.311000000000000000e+03 5.644700000000000000e+04 4.310000000000000000e+02 1.821399927139282227e-01
8.201000000000000000e+03 5.814600000000000000e+04 4.510000000000000000e+02 1.175371035933494568e-01
8.394000000000000000e+03 5.786500000000000000e+04 4.400000000000000000e+01 1.177105978131294250e-01
7.930000000000000000e+02 5.237000000000000000e+04 8.000000000000000000e+01 1.501819938421249390e-01
1.173000000000000000e+03 5.279000000000000000e+04 4.380000000000000000e+02 1.565209031105041504e-01
1.462000000000000000e+03 5.311200000000000000e+04 2.280000000000000000e+02 1.845203936100006104e-01
9.142000000000000000e+03 5.766400000000000000e+04 4.320000000000000000e+02 1.582833975553512573e-01
1.595000000000000000e+03 5.299900000000000000e+04 6.110000000000000000e+02 5.015448853373527527e-02
1.163000000000000000e+03 5.266900000000000000e+04 5.420000000000000000e+02 1.028788015246391296e-01
8.532000000000000000e+03 5.802200000000000000e+04 1.260000000000000000e+02 1.785959005355834961e-01
1.957000000000000000e+03 5.341500000000000000e+04 3.430000000000000000e+02 9.399999678134918213e-02
6.028000000000000000e+03 5.610200000000000000e+04 7.700000000000000000e+02 1.758069992065429688e-01
1.419000000000000000e+03 5.314400000000000000e+04 3.130000000000000000e+02 9.099999815225601196e-02
1.429000000000000000e+03 5.299000000000000000e+04 1.320000000000000000e+02 8.531580120325088501e-02
6.696000000000000000e+03 5.639800000000000000e+04 1.880000000000000000e+02 1.632539927959442139e-01
5.027000000000000000e+03 5.621800000000000000e+04 1.000000000000000000e+03 1.322737932205200195e-01
7.679000000000000000e+03 5.736700000000000000e+04 3.640000000000000000e+02 1.602368950843811035e-01
7.102000000000000000e+03 5.666600000000000000e+04 1.180000000000000000e+02 1.846700012683868408e-01
1.345000000000000000e+03 5.281400000000000000e+04 3.740000000000000000e+02 1.969999969005584717e-01
1.174000000000000000e+03 5.278200000000000000e+04 3.300000000000000000e+02 1.011113971471786499e-01
8.770000000000000000e+02 5.235300000000000000e+04 4.660000000000000000e+02 1.420000046491622925e-01
1.590000000000000000e+03 5.297400000000000000e+04 3.590000000000000000e+02 1.223132982850074768e-01
1.076200000000000000e+04 5.839000000000000000e+04 6.500000000000000000e+01 1.252786070108413696e-01
6.170000000000000000e+02 5.207200000000000000e+04 1.730000000000000000e+02 1.482536941766738892e-01
1.310000000000000000e+03 5.303300000000000000e+04 5.580000000000000000e+02 1.309999972581863403e-01
2.972000000000000000e+03 5.458600000000000000e+04 1.310000000000000000e+02 8.848591148853302002e-02
9.480000000000000000e+02 5.242800000000000000e+04 2.590000000000000000e+02 7.500000298023223877e-02
1.056000000000000000e+03 5.276400000000000000e+04 6.170000000000000000e+02 1.518480032682418823e-01
1.159000000000000000e+03 5.266900000000000000e+04 2.190000000000000000e+02 1.220000013709068298e-01
1.670000000000000000e+03 5.455300000000000000e+04 3.200000000000000000e+01 1.605660021305084229e-01
5.610000000000000000e+02 5.229500000000000000e+04 1.700000000000000000e+01 1.589999943971633911e-01
1.406000000000000000e+03 5.287600000000000000e+04 5.630000000000000000e+02 5.093345046043395996e-02
2.099000000000000000e+03 5.346900000000000000e+04 3.080000000000000000e+02 1.263947933912277222e-01
1.175000000000000000e+03 5.279100000000000000e+04 5.230000000000000000e+02 1.287027001380920410e-01
6.290000000000000000e+02 5.205100000000000000e+04 1.900000000000000000e+02 6.092417985200881958e-02
8.150000000000000000e+02 5.237400000000000000e+04 4.840000000000000000e+02 1.327780038118362427e-01
1.464000000000000000e+03 5.309100000000000000e+04 3.080000000000000000e+02 7.770039886236190796e-02
9.690000000000000000e+02 5.244200000000000000e+04 6.350000000000000000e+02 1.700000017881393433e-01
5.134000000000000000e+03 5.586800000000000000e+04 5.400000000000000000e+01 1.858931034803390503e-01
1.329000000000000000e+03 5.276700000000000000e+04 3.090000000000000000e+02 9.099999815225601196e-02
6.053000000000000000e+03 5.609100000000000000e+04 5.800000000000000000e+01 1.764619946479797363e-01
1.670000000000000000e+03 5.455300000000000000e+04 1.000000000000000000e+02 1.834214925765991211e-01
8.831000000000000000e+03 5.744800000000000000e+04 8.330000000000000000e+02 1.976085305213928223e-01
8.192000000000000000e+03 5.734800000000000000e+04 9.020000000000000000e+02 1.841197758913040161e-01
7.650000000000000000e+03 5.757500000000000000e+04 9.880000000000000000e+02 1.648108959197998047e-01
1.382000000000000000e+03 5.311500000000000000e+04 6.090000000000000000e+02 1.879999935626983643e-01
1.430000000000000000e+03 5.300200000000000000e+04 4.130000000000000000e+02 6.740254908800125122e-02
2.972000000000000000e+03 5.458600000000000000e+04 1.230000000000000000e+02 1.781229972839355469e-01
1.027100000000000000e+04 5.849700000000000000e+04 2.760000000000000000e+02 1.693148016929626465e-01
1.314000000000000000e+03 5.305000000000000000e+04 4.430000000000000000e+02 1.357285976409912109e-01
1.075400000000000000e+04 5.822400000000000000e+04 9.710000000000000000e+02 1.928175985813140869e-01
8.529000000000000000e+03 5.801300000000000000e+04 9.610000000000000000e+02 1.946074962615966797e-01
8.820000000000000000e+02 5.237000000000000000e+04 6.030000000000000000e+02 6.248535960912704468e-02
7.680000000000000000e+02 5.228100000000000000e+04 3.900000000000000000e+02 1.509999930858612061e-01
7.706000000000000000e+03 5.757500000000000000e+04 8.700000000000000000e+02 1.168489977717399597e-01
1.352000000000000000e+03 5.281900000000000000e+04 1.370000000000000000e+02 4.592819884419441223e-02
1.680000000000000000e+03 5.317100000000000000e+04 3.160000000000000000e+02 1.661230027675628662e-01
1.288000000000000000e+03 5.273100000000000000e+04 6.000000000000000000e+00 1.786637008190155029e-01
1.288000000000000000e+03 5.273100000000000000e+04 4.110000000000000000e+02 1.459475010633468628e-01
5.173000000000000000e+03 5.604600000000000000e+04 6.020000000000000000e+02 1.841378062963485718e-01
8.421000000000000000e+03 5.822300000000000000e+04 6.830000000000000000e+02 1.680032014846801758e-01
7.835000000000000000e+03 5.698600000000000000e+04 4.790000000000000000e+02 1.693225651979446411e-01
9.450000000000000000e+02 5.265200000000000000e+04 1.720000000000000000e+02 4.986954852938652039e-02
1.460000000000000000e+03 5.313800000000000000e+04 1.450000000000000000e+02 7.400000095367431641e-02
8.870000000000000000e+03 5.777900000000000000e+04 9.100000000000000000e+02 1.853500008583068848e-01
1.162000000000000000e+03 5.266800000000000000e+04 5.510000000000000000e+02 1.070000007748603821e-01
6.278000000000000000e+03 5.626600000000000000e+04 1.940000000000000000e+02 1.979683041572570801e-01
1.394000000000000000e+03 5.310800000000000000e+04 3.960000000000000000e+02 9.399999678134918213e-02
1.074700000000000000e+04 5.822000000000000000e+04 1.880000000000000000e+02 1.299629956483840942e-01
2.015000000000000000e+03 5.381900000000000000e+04 1.080000000000000000e+02 1.544948965311050415e-01
8.223000000000000000e+03 5.742900000000000000e+04 5.670000000000000000e+02 1.928081661462783813e-01
8.534000000000000000e+03 5.790500000000000000e+04 3.320000000000000000e+02 1.290526986122131348e-01
2.031000000000000000e+03 5.384800000000000000e+04 2.190000000000000000e+02 1.858655065298080444e-01
1.447000000000000000e+03 5.312000000000000000e+04 5.090000000000000000e+02 1.716150045394897461e-01
1.931000000000000000e+03 5.335800000000000000e+04 2.410000000000000000e+02 5.891473963856697083e-02
1.434000000000000000e+03 5.305300000000000000e+04 8.800000000000000000e+01 1.620617061853408813e-01
8.504000000000000000e+03 5.751800000000000000e+04 3.340000000000000000e+02 1.725868731737136841e-01
1.170000000000000000e+03 5.275600000000000000e+04 1.990000000000000000e+02 1.360000073909759521e-01
5.590000000000000000e+02 5.231600000000000000e+04 1.600000000000000000e+01 9.191457182168960571e-02
8.200000000000000000e+02 5.243800000000000000e+04 4.620000000000000000e+02 1.644968986511230469e-01
9.070000000000000000e+02 5.237300000000000000e+04 2.470000000000000000e+02 1.365084052085876465e-01
1.955000000000000000e+03 5.344200000000000000e+04 5.260000000000000000e+02 1.459999978542327881e-01
1.467000000000000000e+03 5.311500000000000000e+04 6.380000000000000000e+02 1.842432022094726562e-01
8.300000000000000000e+02 5.229300000000000000e+04 5.000000000000000000e+01 1.369999945163726807e-01
1.076000000000000000e+04 5.822400000000000000e+04 7.660000000000000000e+02 1.707354933023452759e-01
5.697000000000000000e+03 5.594400000000000000e+04 1.840000000000000000e+02 1.581744998693466187e-01
1.164000000000000000e+03 5.267400000000000000e+04 4.420000000000000000e+02 2.638203091919422150e-02
8.423000000000000000e+03 5.819800000000000000e+04 3.200000000000000000e+01 1.913560032844543457e-01
7.288000000000000000e+03 5.703900000000000000e+04 2.280000000000000000e+02 6.466498225927352905e-02
8.065000000000000000e+03 5.824800000000000000e+04 7.760000000000000000e+02 8.476384729146957397e-02
1.213000000000000000e+03 5.297200000000000000e+04 6.330000000000000000e+02 1.296053975820541382e-01
1.944000000000000000e+03 5.338500000000000000e+04 2.070000000000000000e+02 1.432514935731887817e-01
1.029100000000000000e+04 5.810100000000000000e+04 4.400000000000000000e+01 1.878945976495742798e-01
1.981000000000000000e+03 5.346300000000000000e+04 3.330000000000000000e+02 1.150000020861625671e-01
1.365000000000000000e+03 5.306200000000000000e+04 5.700000000000000000e+01 1.209999993443489075e-01
2.109000000000000000e+03 5.346800000000000000e+04 6.700000000000000000e+01 1.143362000584602356e-01
8.161000000000000000e+03 5.712700000000000000e+04 3.400000000000000000e+01 1.133821010589599609e-01
7.915000000000000000e+03 5.730900000000000000e+04 2.560000000000000000e+02 1.179888769984245300e-01
2.109000000000000000e+03 5.346800000000000000e+04 1.460000000000000000e+02 1.702997982501983643e-01
1.340000000000000000e+03 5.278100000000000000e+04 5.080000000000000000e+02 1.352916955947875977e-01
1.431000000000000000e+03 5.299200000000000000e+04 4.650000000000000000e+02 1.270167976617813110e-01
8.835000000000000000e+03 5.742700000000000000e+04 3.140000000000000000e+02 1.866544038057327271e-01
8.175000000000000000e+03 5.703900000000000000e+04 9.960000000000000000e+02 1.751638948917388916e-01
7.674000000000000000e+03 5.735900000000000000e+04 7.390000000000000000e+02 1.004804968833923340e-01
7.735000000000000000e+03 5.813600000000000000e+04 7.010000000000000000e+02 8.419258892536163330e-02
2.027000000000000000e+03 5.343300000000000000e+04 3.900000000000000000e+01 1.379999965429306030e-01
2.099000000000000000e+03 5.346900000000000000e+04 1.760000000000000000e+02 4.867858067154884338e-02
1.672000000000000000e+03 5.346000000000000000e+04 4.490000000000000000e+02 7.521083950996398926e-02
1.128500000000000000e+04 5.840200000000000000e+04 2.400000000000000000e+01 1.970757991075515747e-01
1.281000000000000000e+03 5.275300000000000000e+04 5.340000000000000000e+02 1.161181032657623291e-01
8.720000000000000000e+02 5.233900000000000000e+04 5.690000000000000000e+02 1.580000072717666626e-01
9.740000000000000000e+02 5.242700000000000000e+04 5.980000000000000000e+02 6.345199793577194214e-02
1.944000000000000000e+03 5.338500000000000000e+04 2.520000000000000000e+02 1.030000001192092896e-01
4.040000000000000000e+02 5.181200000000000000e+04 2.460000000000000000e+02 1.017094030976295471e-01
1.163000000000000000e+03 5.266900000000000000e+04 5.690000000000000000e+02 1.007226034998893738e-01
1.345000000000000000e+03 5.281400000000000000e+04 3.480000000000000000e+02 1.330000013113021851e-01
2.281000000000000000e+03 5.371100000000000000e+04 4.630000000000000000e+02 1.067923009395599365e-01
7.759000000000000000e+03 5.840100000000000000e+04 1.870000000000000000e+02 9.256076812744140625e-02
8.760000000000000000e+03 5.767200000000000000e+04 9.700000000000000000e+02 1.998399943113327026e-01
7.396000000000000000e+03 5.680900000000000000e+04 5.460000000000000000e+02 1.139853000640869141e-01
8.760000000000000000e+03 5.767200000000000000e+04 3.670000000000000000e+02 1.198424994945526123e-01
1.310000000000000000e+03 5.303300000000000000e+04 3.540000000000000000e+02 1.797467023134231567e-01
8.218000000000000000e+03 5.751900000000000000e+04 8.140000000000000000e+02 1.601043343544006348e-01
3.720000000000000000e+02 5.217300000000000000e+04 5.010000000000000000e+02 9.785980731248855591e-02
1.050000000000000000e+03 5.272100000000000000e+04 2.670000000000000000e+02 1.840000003576278687e-01
1.212000000000000000e+03 5.270300000000000000e+04 1.500000000000000000e+01 1.884973943233489990e-01
1.172000000000000000e+03 5.275900000000000000e+04 8.700000000000000000e+01 1.773775070905685425e-01
1.383000000000000000e+03 5.311600000000000000e+04 5.710000000000000000e+02 1.299861073493957520e-01
1.129600000000000000e+04 5.842500000000000000e+04 2.600000000000000000e+01 1.331245005130767822e-01
1.952000000000000000e+03 5.337800000000000000e+04 4.380000000000000000e+02 1.790000051259994507e-01
1.428000000000000000e+03 5.299800000000000000e+04 4.950000000000000000e+02 1.447671055793762207e-01
8.855000000000000000e+03 5.778000000000000000e+04 1.250000000000000000e+02 1.294476985931396484e-01
9.440000000000000000e+02 5.261400000000000000e+04 1.110000000000000000e+02 1.641702950000762939e-01
1.287000000000000000e+03 5.272800000000000000e+04 6.700000000000000000e+01 9.208731353282928467e-02
4.197000000000000000e+03 5.547900000000000000e+04 6.360000000000000000e+02 1.727584004402160645e-01
4.388000000000000000e+03 5.553600000000000000e+04 8.710000000000000000e+02 1.848088949918746948e-01
1.680000000000000000e+03 5.317100000000000000e+04 6.000000000000000000e+02 1.892399042844772339e-01
1.024700000000000000e+04 5.816200000000000000e+04 8.200000000000000000e+01 1.498709022998809814e-01
2.099000000000000000e+03 5.346900000000000000e+04 6.200000000000000000e+02 1.438346058130264282e-01
6.200000000000000000e+03 5.621700000000000000e+04 4.370000000000000000e+02 1.228523030877113342e-01
8.232000000000000000e+03 5.813500000000000000e+04 6.200000000000000000e+02 9.570950269699096680e-02
8.424000000000000000e+03 5.824800000000000000e+04 4.610000000000000000e+02 7.628425210714340210e-02
8.829000000000000000e+03 5.744600000000000000e+04 7.940000000000000000e+02 9.692794829607009888e-02
2.029000000000000000e+03 5.381900000000000000e+04 3.210000000000000000e+02 9.661503881216049194e-02
7.912000000000000000e+03 5.731000000000000000e+04 8.700000000000000000e+02 1.992697119712829590e-01
1.339000000000000000e+03 5.276700000000000000e+04 2.140000000000000000e+02 5.325090885162353516e-02
2.016000000000000000e+03 5.379900000000000000e+04 3.980000000000000000e+02 1.024748012423515320e-01
1.165000000000000000e+03 5.270300000000000000e+04 2.180000000000000000e+02 6.337300688028335571e-02
8.837000000000000000e+03 5.786700000000000000e+04 8.340000000000000000e+02 1.574036031961441040e-01
2.973000000000000000e+03 5.459100000000000000e+04 9.800000000000000000e+01 9.494470059871673584e-02
1.949000000000000000e+03 5.343300000000000000e+04 1.000000000000000000e+01 1.899999976158142090e-01
1.333000000000000000e+03 5.278200000000000000e+04 4.330000000000000000e+02 3.735636919736862183e-02
8.960000000000000000e+02 5.259200000000000000e+04 4.030000000000000000e+02 1.860000044107437134e-01
7.603000000000000000e+03 5.696000000000000000e+04 8.050000000000000000e+02 6.715500354766845703e-02
1.038000000000000000e+03 5.267300000000000000e+04 4.660000000000000000e+02 8.297746628522872925e-02
1.779000000000000000e+03 5.308900000000000000e+04 1.870000000000000000e+02 1.190000027418136597e-01
1.288000000000000000e+03 5.273100000000000000e+04 4.180000000000000000e+02 9.399999678134918213e-02
1.167800000000000000e+04 5.851100000000000000e+04 3.600000000000000000e+01 1.543540954589843750e-01
9.010000000000000000e+02 5.264100000000000000e+04 5.500000000000000000e+02 1.198161020874977112e-01
1.672000000000000000e+03 5.346000000000000000e+04 4.420000000000000000e+02 7.400000095367431641e-02
1.039000000000000000e+03 5.270700000000000000e+04 2.580000000000000000e+02 1.509999930858612061e-01
8.824000000000000000e+03 5.816200000000000000e+04 6.290000000000000000e+02 1.589531004428863525e-01
7.678000000000000000e+03 5.728200000000000000e+04 7.790000000000000000e+02 1.162497997283935547e-01
1.955000000000000000e+03 5.344200000000000000e+04 6.220000000000000000e+02 1.480485945940017700e-01
1.589000000000000000e+03 5.297200000000000000e+04 9.000000000000000000e+01 8.323848247528076172e-02
8.230000000000000000e+03 5.743000000000000000e+04 9.650000000000000000e+02 1.387354284524917603e-01
1.946000000000000000e+03 5.343200000000000000e+04 3.900000000000000000e+02 1.400000005960464478e-01
8.870000000000000000e+02 5.237600000000000000e+04 2.150000000000000000e+02 1.198436990380287170e-01
6.900000000000000000e+02 5.226100000000000000e+04 2.830000000000000000e+02 1.694831997156143188e-01
4.352000000000000000e+03 5.553300000000000000e+04 7.540000000000000000e+02 1.600340008735656738e-01
8.736000000000000000e+03 5.740000000000000000e+04 3.900000000000000000e+02 1.412623971700668335e-01
1.448000000000000000e+03 5.312000000000000000e+04 7.500000000000000000e+01 2.363996021449565887e-02
9.550000000000000000e+02 5.240900000000000000e+04 2.000000000000000000e+02 6.030344963073730469e-02
8.207000000000000000e+03 5.743100000000000000e+04 7.400000000000000000e+02 1.016188040375709534e-01
8.130000000000000000e+02 5.235400000000000000e+04 6.390000000000000000e+02 8.988889306783676147e-02
1.935000000000000000e+03 5.338700000000000000e+04 3.270000000000000000e+02 1.369332969188690186e-01
1.383000000000000000e+03 5.311600000000000000e+04 1.050000000000000000e+02 1.354916989803314209e-01
8.980000000000000000e+02 5.260600000000000000e+04 1.840000000000000000e+02 1.811498999595642090e-01
1.494000000000000000e+03 5.293700000000000000e+04 4.370000000000000000e+02 1.991232037544250488e-01
4.313000000000000000e+03 5.585700000000000000e+04 2.860000000000000000e+02 9.394928812980651855e-02
7.623000000000000000e+03 5.690100000000000000e+04 9.350000000000000000e+02 1.792562603950500488e-01
8.870000000000000000e+03 5.777900000000000000e+04 5.140000000000000000e+02 1.196179986000061035e-01
1.317000000000000000e+03 5.276500000000000000e+04 4.210000000000000000e+02 1.049612984061241150e-01
1.939000000000000000e+03 5.338900000000000000e+04 5.840000000000000000e+02 1.394910067319869995e-01
1.399000000000000000e+03 5.317200000000000000e+04 2.640000000000000000e+02 1.137112006545066833e-01
1.375000000000000000e+03 5.308400000000000000e+04 3.860000000000000000e+02 8.245453238487243652e-02
8.990000000000000000e+02 5.262000000000000000e+04 3.400000000000000000e+02 1.169999986886978149e-01
1.987000000000000000e+03 5.376500000000000000e+04 3.910000000000000000e+02 1.185431033372879028e-01
1.596000000000000000e+03 5.299800000000000000e+04 4.760000000000000000e+02 4.060065001249313354e-02
1.072300000000000000e+04 5.828700000000000000e+04 7.920000000000000000e+02 1.471471935510635376e-01
7.836000000000000000e+03 5.727800000000000000e+04 3.990000000000000000e+02 1.024377346038818359e-01
8.284000000000000000e+03 5.741900000000000000e+04 2.080000000000000000e+02 1.412242949008941650e-01
1.645000000000000000e+03 5.317200000000000000e+04 6.260000000000000000e+02 7.913947850465774536e-02
1.338000000000000000e+03 5.276500000000000000e+04 5.930000000000000000e+02 1.647710055112838745e-01
1.591000000000000000e+03 5.297600000000000000e+04 1.780000000000000000e+02 1.782114952802658081e-01
1.104200000000000000e+04 5.846200000000000000e+04 3.450000000000000000e+02 7.893017679452896118e-02
1.160000000000000000e+03 5.267400000000000000e+04 3.130000000000000000e+02 1.338347941637039185e-01
1.358000000000000000e+03 5.299400000000000000e+04 3.780000000000000000e+02 1.906379014253616333e-01
8.167000000000000000e+03 5.707100000000000000e+04 2.500000000000000000e+02 1.081010997295379639e-01
4.995000000000000000e+03 5.573900000000000000e+04 6.580000000000000000e+02 1.317923069000244141e-01
1.214000000000000000e+03 5.273100000000000000e+04 2.680000000000000000e+02 1.350000053644180298e-01
1.782000000000000000e+03 5.329900000000000000e+04 1.700000000000000000e+02 8.600000292062759399e-02
8.320000000000000000e+02 5.231200000000000000e+04 7.900000000000000000e+01 1.957506984472274780e-01
8.820000000000000000e+03 5.744900000000000000e+04 9.050000000000000000e+02 1.853833049535751343e-01
7.960000000000000000e+02 5.240100000000000000e+04 1.790000000000000000e+02 1.542668044567108154e-01
8.420000000000000000e+03 5.819700000000000000e+04 2.040000000000000000e+02 1.576934009790420532e-01
1.055000000000000000e+03 5.276100000000000000e+04 1.970000000000000000e+02 7.900000363588333130e-02
1.176000000000000000e+03 5.279100000000000000e+04 4.090000000000000000e+02 8.600000292062759399e-02
7.238000000000000000e+03 5.666000000000000000e+04 5.840000000000000000e+02 1.749850064516067505e-01
2.019000000000000000e+03 5.343000000000000000e+04 2.900000000000000000e+02 7.500000298023223877e-02
1.027300000000000000e+04 5.846600000000000000e+04 4.190000000000000000e+02 1.965595036745071411e-01
8.330000000000000000e+02 5.231400000000000000e+04 3.170000000000000000e+02 1.947830021381378174e-01
8.392000000000000000e+03 5.748300000000000000e+04 4.400000000000000000e+01 1.887839734554290771e-01
2.000000000000000000e+03 5.349500000000000000e+04 3.180000000000000000e+02 1.306840032339096069e-01
6.300000000000000000e+02 5.205000000000000000e+04 4.150000000000000000e+02 1.121577024459838867e-01
1.074800000000000000e+04 5.822400000000000000e+04 7.000000000000000000e+00 1.502691954374313354e-01
6.132000000000000000e+03 5.626700000000000000e+04 5.290000000000000000e+02 1.531583964824676514e-01
1.429000000000000000e+03 5.299000000000000000e+04 6.100000000000000000e+02 1.262751072645187378e-01
1.074400000000000000e+04 5.819900000000000000e+04 1.020000000000000000e+02 1.551198959350585938e-01
9.620000000000000000e+02 5.262000000000000000e+04 4.140000000000000000e+02 1.229787990450859070e-01
1.046000000000000000e+03 5.246000000000000000e+04 3.550000000000000000e+02 1.832128018140792847e-01
1.436000000000000000e+03 5.305400000000000000e+04 4.860000000000000000e+02 1.787768006324768066e-01
4.840000000000000000e+02 5.190700000000000000e+04 3.170000000000000000e+02 9.882759302854537964e-02
1.106300000000000000e+04 5.842600000000000000e+04 7.280000000000000000e+02 1.856894046068191528e-01
1.671000000000000000e+03 5.344600000000000000e+04 3.290000000000000000e+02 1.220021024346351624e-01
1.058000000000000000e+03 5.252000000000000000e+04 5.690000000000000000e+02 1.626318991184234619e-01
1.383000000000000000e+03 5.311600000000000000e+04 5.450000000000000000e+02 1.223103031516075134e-01
4.206000000000000000e+03 5.547100000000000000e+04 9.040000000000000000e+02 1.717822998762130737e-01
5.735000000000000000e+03 5.598000000000000000e+04 2.060000000000000000e+02 1.187459006905555725e-01
7.618000000000000000e+03 5.689800000000000000e+04 4.890000000000000000e+02 1.541821956634521484e-01
1.975000000000000000e+03 5.373400000000000000e+04 5.490000000000000000e+02 1.627517044544219971e-01
8.736000000000000000e+03 5.740000000000000000e+04 2.310000000000000000e+02 1.681354492902755737e-01
1.038000000000000000e+03 5.267300000000000000e+04 2.600000000000000000e+01 1.110801994800567627e-01
8.433000000000000000e+03 5.748800000000000000e+04 9.880000000000000000e+02 1.607557982206344604e-01
1.269000000000000000e+03 5.293700000000000000e+04 4.020000000000000000e+02 1.063570007681846619e-01
1.271000000000000000e+03 5.297400000000000000e+04 5.130000000000000000e+02 7.443562895059585571e-02
2.016000000000000000e+03 5.379900000000000000e+04 4.660000000000000000e+02 1.464364975690841675e-01
1.352000000000000000e+03 5.281900000000000000e+04 2.330000000000000000e+02 1.560512036085128784e-01
1.341000000000000000e+03 5.278600000000000000e+04 5.190000000000000000e+02 1.780000030994415283e-01
1.462000000000000000e+03 5.311200000000000000e+04 1.260000000000000000e+02 6.297492235898971558e-02
2.007000000000000000e+03 5.347400000000000000e+04 2.040000000000000000e+02 1.658457070589065552e-01
1.462000000000000000e+03 5.311200000000000000e+04 1.200000000000000000e+01 7.753384858369827271e-02
7.914000000000000000e+03 5.733100000000000000e+04 7.200000000000000000e+02 1.546612381935119629e-01
1.441000000000000000e+03 5.308300000000000000e+04 3.000000000000000000e+02 1.058802008628845215e-01
1.107600000000000000e+04 5.842800000000000000e+04 9.540000000000000000e+02 1.138005033135414124e-01
8.910000000000000000e+02 5.258400000000000000e+04 3.700000000000000000e+02 1.514036059379577637e-01
9.510000000000000000e+02 5.239800000000000000e+04 4.910000000000000000e+02 1.587464958429336548e-01
1.106700000000000000e+04 5.850700000000000000e+04 7.320000000000000000e+02 1.886615008115768433e-01
8.171000000000000000e+03 5.713500000000000000e+04 3.630000000000000000e+02 1.791745275259017944e-01
1.945000000000000000e+03 5.338700000000000000e+04 3.060000000000000000e+02 1.255591064691543579e-01
4.380000000000000000e+02 5.188400000000000000e+04 2.020000000000000000e+02 7.572717219591140747e-02
4.490000000000000000e+02 5.190000000000000000e+04 4.010000000000000000e+02 1.230764985084533691e-01
7.570000000000000000e+02 5.223800000000000000e+04 3.460000000000000000e+02 8.409163355827331543e-02
1.354000000000000000e+03 5.281400000000000000e+04 3.300000000000000000e+02 1.133790984749794006e-01
1.505000000000000000e+03 5.294100000000000000e+04 1.840000000000000000e+02 1.898351013660430908e-01
1.371000000000000000e+03 5.282100000000000000e+04 5.270000000000000000e+02 4.768181964755058289e-02
1.439000000000000000e+03 5.300300000000000000e+04 5.500000000000000000e+02 1.569107025861740112e-01
8.282000000000000000e+03 5.704100000000000000e+04 9.100000000000000000e+02 1.883635073900222778e-01
4.520000000000000000e+02 5.191100000000000000e+04 4.560000000000000000e+02 1.250000000000000000e-01
1.051000000000000000e+03 5.246800000000000000e+04 3.920000000000000000e+02 1.302786022424697876e-01
1.359000000000000000e+03 5.300200000000000000e+04 1.760000000000000000e+02 1.276365965604782104e-01
1.584000000000000000e+03 5.294300000000000000e+04 5.290000000000000000e+02 1.330000013113021851e-01
5.490000000000000000e+02 5.198100000000000000e+04 4.180000000000000000e+02 1.883479952812194824e-01
9.640000000000000000e+02 5.264600000000000000e+04 4.930000000000000000e+02 1.111648008227348328e-01
7.614000000000000000e+03 5.730700000000000000e+04 5.700000000000000000e+02 1.805965751409530640e-01
1.340000000000000000e+03 5.278100000000000000e+04 3.580000000000000000e+02 1.110287010669708252e-01
1.041000000000000000e+03 5.272400000000000000e+04 3.310000000000000000e+02 1.301279067993164062e-01
4.250000000000000000e+02 5.189800000000000000e+04 2.160000000000000000e+02 7.217442989349365234e-02
7.611000000000000000e+03 5.694600000000000000e+04 5.500000000000000000e+02 1.019518524408340454e-01
1.074100000000000000e+04 5.823000000000000000e+04 8.840000000000000000e+02 1.468781977891921997e-01
9.900000000000000000e+02 5.246500000000000000e+04 5.420000000000000000e+02 1.234901994466781616e-01
9.710000000000000000e+02 5.264400000000000000e+04 4.170000000000000000e+02 1.679999977350234985e-01
8.237000000000000000e+03 5.816200000000000000e+04 7.520000000000000000e+02 1.598080992698669434e-01
8.745000000000000000e+03 5.739100000000000000e+04 4.580000000000000000e+02 1.540393978357315063e-01
8.760000000000000000e+03 5.767200000000000000e+04 7.500000000000000000e+02 1.870950013399124146e-01
9.380000000000000000e+02 5.270800000000000000e+04 2.600000000000000000e+01 9.649661183357238770e-02
1.395000000000000000e+03 5.282500000000000000e+04 4.180000000000000000e+02 1.019525006413459778e-01
1.065600000000000000e+04 5.816300000000000000e+04 8.310000000000000000e+02 1.779855936765670776e-01
1.106100000000000000e+04 5.842800000000000000e+04 1.450000000000000000e+02 9.644114971160888672e-02
1.444000000000000000e+03 5.305400000000000000e+04 2.700000000000000000e+01 1.666577011346817017e-01
9.410000000000000000e+02 5.270900000000000000e+04 6.360000000000000000e+02 1.634064018726348877e-01
1.444000000000000000e+03 5.305400000000000000e+04 4.500000000000000000e+01 7.193637639284133911e-02
7.868000000000000000e+03 5.700600000000000000e+04 6.880000000000000000e+02 1.958660185337066650e-01
7.718000000000000000e+03 5.736200000000000000e+04 5.470000000000000000e+02 1.835253387689590454e-01
7.410000000000000000e+03 5.710400000000000000e+04 7.400000000000000000e+02 1.582856029272079468e-01
7.380000000000000000e+03 5.675300000000000000e+04 1.180000000000000000e+02 1.713134944438934326e-01
7.623000000000000000e+03 5.690100000000000000e+04 3.670000000000000000e+02 9.949384629726409912e-02
9.440000000000000000e+02 5.261400000000000000e+04 5.000000000000000000e+01 8.440995216369628906e-02
5.510000000000000000e+02 5.199300000000000000e+04 2.360000000000000000e+02 1.836034059524536133e-01
4.410000000000000000e+02 5.186800000000000000e+04 4.100000000000000000e+02 5.451595038175582886e-02
9.710000000000000000e+02 5.264400000000000000e+04 2.460000000000000000e+02 1.011196002364158630e-01
3.980000000000000000e+02 5.178900000000000000e+04 1.280000000000000000e+02 1.592683941125869751e-01
7.840000000000000000e+03 5.700300000000000000e+04 4.010000000000000000e+02 1.890784949064254761e-01
1.379000000000000000e+03 5.308400000000000000e+04 4.430000000000000000e+02 8.062178641557693481e-02
7.612000000000000000e+03 5.697200000000000000e+04 9.440000000000000000e+02 1.057396978139877319e-01
8.610000000000000000e+02 5.231800000000000000e+04 1.900000000000000000e+01 1.088071987032890320e-01
1.272000000000000000e+03 5.298900000000000000e+04 1.620000000000000000e+02 1.943141072988510132e-01
2.037000000000000000e+03 5.344600000000000000e+04 2.600000000000000000e+02 1.558773964643478394e-01
8.161000000000000000e+03 5.712700000000000000e+04 8.620000000000000000e+02 1.152604967355728149e-01
6.186000000000000000e+03 5.624600000000000000e+04 3.200000000000000000e+02 1.692668050527572632e-01
1.285000000000000000e+03 5.272300000000000000e+04 4.670000000000000000e+02 1.619593948125839233e-01
6.300000000000000000e+03 5.644900000000000000e+04 6.700000000000000000e+02 1.684893965721130371e-01
1.590000000000000000e+03 5.297400000000000000e+04 4.840000000000000000e+02 9.679605066776275635e-02
4.641000000000000000e+03 5.594700000000000000e+04 2.240000000000000000e+02 1.993211954832077026e-01
8.823000000000000000e+03 5.744600000000000000e+04 4.800000000000000000e+02 1.458174586296081543e-01
7.702000000000000000e+03 5.801700000000000000e+04 4.190000000000000000e+02 8.299420773983001709e-02
5.440000000000000000e+02 5.220100000000000000e+04 1.910000000000000000e+02 9.407047182321548462e-02
2.090000000000000000e+03 5.346300000000000000e+04 4.570000000000000000e+02 1.250000000000000000e-01
7.726000000000000000e+03 5.815400000000000000e+04 6.710000000000000000e+02 1.608933955430984497e-01
1.017000000000000000e+03 5.270600000000000000e+04 2.550000000000000000e+02 7.643677294254302979e-02
7.742000000000000000e+03 5.807600000000000000e+04 3.250000000000000000e+02 9.455549716949462891e-02
3.930000000000000000e+02 5.179400000000000000e+04 4.770000000000000000e+02 1.088745966553688049e-01
1.154600000000000000e+04 5.848800000000000000e+04 5.710000000000000000e+02 7.093062251806259155e-02
7.661000000000000000e+03 5.728600000000000000e+04 5.200000000000000000e+01 1.072077974677085876e-01
7.680000000000000000e+03 5.813100000000000000e+04 4.130000000000000000e+02 1.113658025860786438e-01
1.956000000000000000e+03 5.343700000000000000e+04 3.640000000000000000e+02 1.239525973796844482e-01
1.970000000000000000e+03 5.338600000000000000e+04 4.710000000000000000e+02 1.752748936414718628e-01
1.105500000000000000e+04 5.842900000000000000e+04 9.990000000000000000e+02 8.016145974397659302e-02
1.315000000000000000e+03 5.279100000000000000e+04 9.800000000000000000e+01 1.509999930858612061e-01
1.432000000000000000e+03 5.300300000000000000e+04 5.030000000000000000e+02 8.271974325180053711e-02
3.990000000000000000e+02 5.181700000000000000e+04 4.910000000000000000e+02 1.838884949684143066e-01
7.670000000000000000e+03 5.732800000000000000e+04 3.230000000000000000e+02 2.630119025707244873e-02
6.266000000000000000e+03 5.622300000000000000e+04 9.200000000000000000e+02 8.908359706401824951e-02
1.973000000000000000e+03 5.343200000000000000e+04 3.970000000000000000e+02 1.668199002742767334e-01
7.699000000000000000e+03 5.757400000000000000e+04 1.290000000000000000e+02 1.780806034803390503e-01
1.401000000000000000e+03 5.314400000000000000e+04 5.170000000000000000e+02 1.289999932050704956e-01
7.728000000000000000e+03 5.813800000000000000e+04 5.320000000000000000e+02 1.207472011446952820e-01
1.129500000000000000e+04 5.845600000000000000e+04 5.050000000000000000e+02 1.789207011461257935e-01
1.028600000000000000e+04 5.808400000000000000e+04 7.800000000000000000e+02 1.546373069286346436e-01
8.297000000000000000e+03 5.741600000000000000e+04 2.560000000000000000e+02 1.488362401723861694e-01
1.197000000000000000e+03 5.266800000000000000e+04 2.000000000000000000e+02 1.571197062730789185e-01
4.407000000000000000e+03 5.588400000000000000e+04 7.360000000000000000e+02 1.936206072568893433e-01
5.163000000000000000e+03 5.588900000000000000e+04 2.630000000000000000e+02 1.480697989463806152e-01
1.131300000000000000e+04 5.842600000000000000e+04 5.250000000000000000e+02 9.228648245334625244e-02
8.260000000000000000e+02 5.229500000000000000e+04 4.610000000000000000e+02 1.567838042974472046e-01
9.159000000000000000e+03 5.766600000000000000e+04 2.500000000000000000e+02 1.134032979607582092e-01
1.209000000000000000e+03 5.267400000000000000e+04 6.700000000000000000e+01 1.078608036041259766e-01
3.950000000000000000e+02 5.178300000000000000e+04 1.400000000000000000e+01 5.106392875313758850e-02
4.040000000000000000e+02 5.181200000000000000e+04 5.610000000000000000e+02 4.105189070105552673e-02
1.156500000000000000e+04 5.850700000000000000e+04 5.140000000000000000e+02 1.129046007990837097e-01
1.371000000000000000e+03 5.282100000000000000e+04 4.030000000000000000e+02 1.680750995874404907e-01
1.431000000000000000e+03 5.299200000000000000e+04 2.400000000000000000e+01 1.280000060796737671e-01
4.304000000000000000e+03 5.550600000000000000e+04 7.160000000000000000e+02 1.997551023960113525e-01
1.106900000000000000e+04 5.845600000000000000e+04 7.710000000000000000e+02 6.878692656755447388e-02
6.910000000000000000e+02 5.219900000000000000e+04 3.110000000000000000e+02 1.910212934017181396e-01
1.431000000000000000e+03 5.299200000000000000e+04 4.320000000000000000e+02 1.816826015710830688e-01
7.869000000000000000e+03 5.701200000000000000e+04 4.060000000000000000e+02 1.566210985183715820e-01
7.681000000000000000e+03 5.704200000000000000e+04 5.550000000000000000e+02 1.941563040018081665e-01
7.660000000000000000e+02 5.224700000000000000e+04 2.610000000000000000e+02 1.510286927223205566e-01
4.450000000000000000e+02 5.187300000000000000e+04 3.000000000000000000e+01 4.604027047753334045e-02
2.213000000000000000e+03 5.379200000000000000e+04 5.170000000000000000e+02 2.913212962448596954e-02
7.620000000000000000e+03 5.690400000000000000e+04 4.800000000000000000e+02 1.474751979112625122e-01
1.132400000000000000e+04 5.839500000000000000e+04 6.400000000000000000e+02 9.490156918764114380e-02
7.607000000000000000e+03 5.690200000000000000e+04 7.030000000000000000e+02 1.895993053913116455e-01
7.394000000000000000e+03 5.713100000000000000e+04 9.050000000000000000e+02 7.492140680551528931e-02
9.175000000000000000e+03 5.804900000000000000e+04 8.890000000000000000e+02 1.759078055620193481e-01
1.781000000000000000e+03 5.329700000000000000e+04 5.110000000000000000e+02 1.388283967971801758e-01
7.734000000000000000e+03 5.813300000000000000e+04 4.820000000000000000e+02 1.163752004504203796e-01
3.930000000000000000e+02 5.179400000000000000e+04 4.450000000000000000e+02 1.117265969514846802e-01
6.890000000000000000e+02 5.226200000000000000e+04 3.060000000000000000e+02 1.070000007748603821e-01
7.614000000000000000e+03 5.730700000000000000e+04 4.520000000000000000e+02 1.220123022794723511e-01
1.130400000000000000e+04 5.844800000000000000e+04 4.400000000000000000e+02 1.667097061872482300e-01
3.890000000000000000e+02 5.179500000000000000e+04 2.560000000000000000e+02 7.337029278278350830e-02
7.633000000000000000e+03 5.693100000000000000e+04 5.270000000000000000e+02 1.265500634908676147e-01
1.028800000000000000e+04 5.813100000000000000e+04 5.780000000000000000e+02 1.624868959188461304e-01
7.914000000000000000e+03 5.733100000000000000e+04 6.570000000000000000e+02 1.252740472555160522e-01
1.589000000000000000e+03 5.297200000000000000e+04 1.580000000000000000e+02 8.504817634820938110e-02
6.519000000000000000e+03 5.656600000000000000e+04 2.940000000000000000e+02 1.016096994280815125e-01
1.436000000000000000e+03 5.305400000000000000e+04 6.120000000000000000e+02 2.403738908469676971e-02
1.167700000000000000e+04 5.851000000000000000e+04 4.970000000000000000e+02 1.525672972202301025e-01
8.757000000000000000e+03 5.842800000000000000e+04 3.280000000000000000e+02 1.388776004314422607e-01
1.957000000000000000e+03 5.341500000000000000e+04 2.240000000000000000e+02 1.477842032909393311e-01
1.104700000000000000e+04 5.842400000000000000e+04 8.790000000000000000e+02 1.824159026145935059e-01
9.620000000000000000e+02 5.262000000000000000e+04 6.290000000000000000e+02 1.458276063203811646e-01
3.910000000000000000e+02 5.178200000000000000e+04 3.800000000000000000e+02 8.271291851997375488e-02
7.590000000000000000e+02 5.225400000000000000e+04 3.050000000000000000e+02 1.023295000195503235e-01
1.110300000000000000e+04 5.848800000000000000e+04 9.340000000000000000e+02 1.740835011005401611e-01
7.612000000000000000e+03 5.697200000000000000e+04 9.310000000000000000e+02 1.030578464269638062e-01
4.290000000000000000e+02 5.182000000000000000e+04 8.400000000000000000e+01 1.571449041366577148e-01
1.867000000000000000e+03 5.331700000000000000e+04 4.190000000000000000e+02 1.951607018709182739e-01
4.424000000000000000e+03 5.553200000000000000e+04 8.240000000000000000e+02 1.943250000476837158e-01
8.850000000000000000e+02 5.237900000000000000e+04 6.380000000000000000e+02 1.230000033974647522e-01
1.132100000000000000e+04 5.842500000000000000e+04 8.500000000000000000e+02 1.013220995664596558e-01
3.980000000000000000e+02 5.178900000000000000e+04 5.940000000000000000e+02 1.809999942779541016e-01
8.731000000000000000e+03 5.741600000000000000e+04 6.200000000000000000e+02 7.881639897823333740e-02
1.028500000000000000e+04 5.808300000000000000e+04 4.850000000000000000e+02 8.509825915098190308e-02
8.307000000000000000e+03 5.772300000000000000e+04 2.190000000000000000e+02 1.995234936475753784e-01
5.530000000000000000e+02 5.199900000000000000e+04 3.650000000000000000e+02 1.820622980594635010e-01
7.751000000000000000e+03 5.808100000000000000e+04 7.620000000000000000e+02 1.821800023317337036e-01
8.792000000000000000e+03 5.736400000000000000e+04 3.960000000000000000e+02 1.530096977949142456e-01
9.660000000000000000e+02 5.264200000000000000e+04 4.850000000000000000e+02 1.608916968107223511e-01
2.108000000000000000e+03 5.347300000000000000e+04 3.480000000000000000e+02 1.188384965062141418e-01
8.920000000000000000e+02 5.237800000000000000e+04 2.440000000000000000e+02 1.078291982412338257e-01
7.873000000000000000e+03 5.730700000000000000e+04 7.520000000000000000e+02 1.836643964052200317e-01
7.641000000000000000e+03 5.730700000000000000e+04 9.050000000000000000e+02 6.414954364299774170e-02
7.723000000000000000e+03 5.843000000000000000e+04 1.900000000000000000e+02 1.483335942029953003e-01
7.714000000000000000e+03 5.736300000000000000e+04 3.480000000000000000e+02 5.059435591101646423e-02
1.107800000000000000e+04 5.843700000000000000e+04 4.600000000000000000e+01 8.712506294250488281e-02
5.107000000000000000e+03 5.594000000000000000e+04 3.860000000000000000e+02 9.989999979734420776e-02
9.860000000000000000e+02 5.244300000000000000e+04 4.340000000000000000e+02 1.324685066938400269e-01
1.447000000000000000e+03 5.312000000000000000e+04 5.200000000000000000e+02 1.713344007730484009e-01
5.161000000000000000e+03 5.596800000000000000e+04 8.420000000000000000e+02 1.757408976554870605e-01
