7.759000000000000000e+03 5.840100000000000000e+04 4.580000000000000000e+02 3.651461601257324219e-01
6.290000000000000000e+02 5.205100000000000000e+04 5.260000000000000000e+02 2.246367931365966797e-01
4.030000000000000000e+02 5.187100000000000000e+04 6.310000000000000000e+02 2.984806001186370850e-01
8.424000000000000000e+03 5.824800000000000000e+04 3.020000000000000000e+02 3.913881778717041016e-01
1.072300000000000000e+04 5.828700000000000000e+04 5.200000000000000000e+02 3.871144950389862061e-01
1.066300000000000000e+04 5.816200000000000000e+04 1.960000000000000000e+02 2.684685885906219482e-01
4.977000000000000000e+03 5.604700000000000000e+04 7.480000000000000000e+02 2.566314935684204102e-01
7.406000000000000000e+03 5.680500000000000000e+04 5.270000000000000000e+02 2.721641063690185547e-01
8.757000000000000000e+03 5.842800000000000000e+04 3.080000000000000000e+02 3.465422987937927246e-01
8.829000000000000000e+03 5.744600000000000000e+04 1.870000000000000000e+02 3.040283620357513428e-01
4.287000000000000000e+03 5.548300000000000000e+04 3.940000000000000000e+02 2.466139942407608032e-01
6.839000000000000000e+03 5.642500000000000000e+04 5.800000000000000000e+02 3.110220134258270264e-01
6.790000000000000000e+03 5.643000000000000000e+04 8.600000000000000000e+02 3.578797876834869385e-01
6.080000000000000000e+02 5.208100000000000000e+04 1.000000000000000000e+00 2.099999934434890747e-01
9.690000000000000000e+02 5.244200000000000000e+04 2.720000000000000000e+02 2.096576988697052002e-01
1.282000000000000000e+03 5.275900000000000000e+04 4.550000000000000000e+02 3.325538933277130127e-01
1.345000000000000000e+03 5.281400000000000000e+04 5.900000000000000000e+01 2.888151109218597412e-01
1.406000000000000000e+03 5.287600000000000000e+04 3.700000000000000000e+01 2.995333969593048096e-01
6.120000000000000000e+02 5.207900000000000000e+04 1.650000000000000000e+02 2.329999953508377075e-01
3.406000000000000000e+03 5.497000000000000000e+04 1.770000000000000000e+02 2.930000126361846924e-01
1.074800000000000000e+04 5.822400000000000000e+04 3.440000000000000000e+02 2.646122872829437256e-01
6.880000000000000000e+02 5.220300000000000000e+04 4.710000000000000000e+02 3.056766092777252197e-01
1.038000000000000000e+03 5.267300000000000000e+04 2.910000000000000000e+02 2.807599902153015137e-01
2.015000000000000000e+03 5.381900000000000000e+04 5.020000000000000000e+02 3.334976136684417725e-01
9.000000000000000000e+02 5.263700000000000000e+04 2.310000000000000000e+02 2.359876036643981934e-01
4.199000000000000000e+03 5.548100000000000000e+04 2.000000000000000000e+01 3.611580133438110352e-01
1.280000000000000000e+03 5.273800000000000000e+04 3.610000000000000000e+02 2.360000014305114746e-01
1.171000000000000000e+03 5.275300000000000000e+04 6.340000000000000000e+02 3.772095143795013428e-01
9.139000000000000000e+03 5.803800000000000000e+04 1.840000000000000000e+02 3.490220010280609131e-01
8.120000000000000000e+02 5.235200000000000000e+04 2.610000000000000000e+02 2.990072965621948242e-01
4.371000000000000000e+03 5.583000000000000000e+04 9.070000000000000000e+02 2.970156073570251465e-01
1.289000000000000000e+03 5.273400000000000000e+04 4.940000000000000000e+02 3.346397876739501953e-01
1.164000000000000000e+03 5.267400000000000000e+04 5.410000000000000000e+02 3.328374922275543213e-01
8.421000000000000000e+03 5.822300000000000000e+04 6.660000000000000000e+02 2.959710061550140381e-01
1.285000000000000000e+03 5.272300000000000000e+04 4.600000000000000000e+01 2.669999897480010986e-01
1.025600000000000000e+04 5.819300000000000000e+04 7.980000000000000000e+02 3.015230894088745117e-01
1.045000000000000000e+03 5.272500000000000000e+04 5.010000000000000000e+02 2.472933977842330933e-01
1.287000000000000000e+03 5.272800000000000000e+04 1.730000000000000000e+02 2.109999954700469971e-01
6.760000000000000000e+03 5.642500000000000000e+04 4.000000000000000000e+00 3.942629992961883545e-01
1.327000000000000000e+03 5.278100000000000000e+04 1.010000000000000000e+02 2.709999978542327881e-01
1.667000000000000000e+03 5.343000000000000000e+04 2.870000000000000000e+02 3.470000028610229492e-01
8.545000000000000000e+03 5.804100000000000000e+04 2.400000000000000000e+01 3.385280966758728027e-01
1.998000000000000000e+03 5.343300000000000000e+04 5.400000000000000000e+02 2.257158011198043823e-01
1.076300000000000000e+04 5.839500000000000000e+04 5.460000000000000000e+02 2.088941037654876709e-01
6.312000000000000000e+03 5.648700000000000000e+04 7.450000000000000000e+02 3.374095857143402100e-01
2.005000000000000000e+03 5.347200000000000000e+04 1.580000000000000000e+02 2.115917056798934937e-01
8.537000000000000000e+03 5.801400000000000000e+04 5.980000000000000000e+02 2.128621935844421387e-01
8.870000000000000000e+02 5.237600000000000000e+04 6.290000000000000000e+02 2.773045003414154053e-01
1.022900000000000000e+04 5.844100000000000000e+04 3.200000000000000000e+01 2.778331041336059570e-01
7.890000000000000000e+02 5.234200000000000000e+04 1.330000000000000000e+02 2.808423936367034912e-01
6.310000000000000000e+03 5.645500000000000000e+04 4.750000000000000000e+02 3.450089991092681885e-01
6.100000000000000000e+02 5.205600000000000000e+04 5.830000000000000000e+02 2.989074885845184326e-01
8.414000000000000000e+03 5.784600000000000000e+04 7.140000000000000000e+02 3.868792951107025146e-01
1.075800000000000000e+04 5.822000000000000000e+04 3.900000000000000000e+02 2.749670147895812988e-01
9.720000000000000000e+02 5.243500000000000000e+04 3.470000000000000000e+02 2.600156068801879883e-01
6.816000000000000000e+03 5.644400000000000000e+04 4.040000000000000000e+02 3.209129869937896729e-01
5.198000000000000000e+03 5.582300000000000000e+04 9.440000000000000000e+02 3.832254111766815186e-01
7.395000000000000000e+03 5.713100000000000000e+04 3.280000000000000000e+02 2.319999933242797852e-01
1.025700000000000000e+04 5.852600000000000000e+04 1.460000000000000000e+02 2.367981970310211182e-01
8.760000000000000000e+02 5.266900000000000000e+04 1.250000000000000000e+02 2.992869913578033447e-01
9.430000000000000000e+02 5.237600000000000000e+04 1.810000000000000000e+02 3.059999942779541016e-01
1.381000000000000000e+03 5.308900000000000000e+04 6.260000000000000000e+02 3.560000061988830566e-01
1.075600000000000000e+04 5.822600000000000000e+04 3.630000000000000000e+02 3.918901979923248291e-01
1.593000000000000000e+03 5.299100000000000000e+04 5.990000000000000000e+02 2.770000100135803223e-01
6.976000000000000000e+03 5.644800000000000000e+04 8.380000000000000000e+02 2.451999932527542114e-01
7.900000000000000000e+02 5.244100000000000000e+04 4.850000000000000000e+02 2.430000007152557373e-01
7.900000000000000000e+03 5.735800000000000000e+04 4.240000000000000000e+02 3.432340621948242188e-01
7.301000000000000000e+03 5.674600000000000000e+04 1.800000000000000000e+01 2.056738585233688354e-01
8.400000000000000000e+03 5.783700000000000000e+04 9.810000000000000000e+02 2.110773026943206787e-01
1.274000000000000000e+03 5.299500000000000000e+04 2.170000000000000000e+02 2.245000004768371582e-01
4.620000000000000000e+03 5.565200000000000000e+04 7.320000000000000000e+02 2.603198885917663574e-01
1.163000000000000000e+03 5.266900000000000000e+04 6.400000000000000000e+01 2.649999856948852539e-01
6.789000000000000000e+03 5.640100000000000000e+04 7.920000000000000000e+02 3.610292971134185791e-01
4.989000000000000000e+03 5.606900000000000000e+04 9.600000000000000000e+01 3.562229871749877930e-01
1.073000000000000000e+04 5.824400000000000000e+04 9.400000000000000000e+02 2.197072058916091919e-01
4.569000000000000000e+03 5.563100000000000000e+04 9.180000000000000000e+02 3.488881886005401611e-01
1.073100000000000000e+04 5.824700000000000000e+04 3.830000000000000000e+02 3.131217062473297119e-01
8.413000000000000000e+03 5.789700000000000000e+04 8.460000000000000000e+02 3.557721078395843506e-01
2.101000000000000000e+03 5.385800000000000000e+04 4.860000000000000000e+02 2.426989972591400146e-01
8.524000000000000000e+03 5.765600000000000000e+04 2.550000000000000000e+02 2.725175917148590088e-01
5.199000000000000000e+03 5.606700000000000000e+04 5.320000000000000000e+02 2.858361899852752686e-01
6.059000000000000000e+03 5.609300000000000000e+04 2.460000000000000000e+02 2.616649866104125977e-01
1.464000000000000000e+03 5.309100000000000000e+04 5.510000000000000000e+02 2.339999973773956299e-01
8.203000000000000000e+03 5.742800000000000000e+04 6.920000000000000000e+02 2.006409019231796265e-01
1.075400000000000000e+04 5.822400000000000000e+04 6.180000000000000000e+02 3.924519121646881104e-01
6.210000000000000000e+02 5.205500000000000000e+04 4.540000000000000000e+02 2.064166069030761719e-01
8.770000000000000000e+02 5.235300000000000000e+04 1.300000000000000000e+02 2.113076001405715942e-01
9.500000000000000000e+02 5.237800000000000000e+04 1.950000000000000000e+02 3.076077103614807129e-01
8.068000000000000000e+03 5.718500000000000000e+04 9.500000000000000000e+02 2.453708052635192871e-01
1.332000000000000000e+03 5.278100000000000000e+04 4.730000000000000000e+02 2.520000040531158447e-01
8.055000000000000000e+03 5.718700000000000000e+04 2.240000000000000000e+02 3.447926044464111328e-01
6.708000000000000000e+03 5.645200000000000000e+04 5.500000000000000000e+02 3.024378120899200439e-01
8.406000000000000000e+03 5.751300000000000000e+04 5.340000000000000000e+02 3.165658116340637207e-01
6.027000000000000000e+03 5.610300000000000000e+04 2.260000000000000000e+02 3.597582876682281494e-01
1.334000000000000000e+03 5.276400000000000000e+04 1.410000000000000000e+02 2.669999897480010986e-01
1.175000000000000000e+03 5.279100000000000000e+04 4.800000000000000000e+01 2.989999949932098389e-01
1.290000000000000000e+03 5.273400000000000000e+04 5.510000000000000000e+02 2.202097028493881226e-01
1.285000000000000000e+03 5.272300000000000000e+04 1.000000000000000000e+00 3.170000016689300537e-01
1.159000000000000000e+03 5.266900000000000000e+04 2.950000000000000000e+02 2.509999871253967285e-01
1.594000000000000000e+03 5.299200000000000000e+04 6.290000000000000000e+02 2.080000042915344238e-01
7.618000000000000000e+03 5.689800000000000000e+04 4.240000000000000000e+02 3.219755589962005615e-01
9.020000000000000000e+02 5.240900000000000000e+04 4.960000000000000000e+02 2.090000063180923462e-01
1.317000000000000000e+03 5.276500000000000000e+04 2.740000000000000000e+02 2.267262935638427734e-01
6.160000000000000000e+02 5.244200000000000000e+04 3.000000000000000000e+01 2.560000121593475342e-01
4.634000000000000000e+03 5.562600000000000000e+04 3.760000000000000000e+02 3.458890914916992188e-01
1.356000000000000000e+03 5.303300000000000000e+04 6.290000000000000000e+02 2.339999973773956299e-01
8.821000000000000000e+03 5.773100000000000000e+04 1.840000000000000000e+02 2.219388037919998169e-01
1.360000000000000000e+03 5.303300000000000000e+04 5.700000000000000000e+01 3.019708991050720215e-01
1.667000000000000000e+03 5.343000000000000000e+04 5.650000000000000000e+02 2.860000133514404297e-01
8.848000000000000000e+03 5.787500000000000000e+04 8.320000000000000000e+02 2.649999856948852539e-01
1.140100000000000000e+04 5.849100000000000000e+04 1.860000000000000000e+02 3.266690075397491455e-01
6.664000000000000000e+03 5.638300000000000000e+04 6.560000000000000000e+02 2.957467138767242432e-01
6.318000000000000000e+03 5.618600000000000000e+04 6.960000000000000000e+02 3.496620059013366699e-01
8.429000000000000000e+03 5.789300000000000000e+04 2.640000000000000000e+02 2.016330063343048096e-01
7.379000000000000000e+03 5.671300000000000000e+04 5.930000000000000000e+02 3.695217072963714600e-01
1.448000000000000000e+03 5.312000000000000000e+04 9.200000000000000000e+01 2.259999960660934448e-01
6.054000000000000000e+03 5.608900000000000000e+04 9.890000000000000000e+02 3.710063993930816650e-01
7.434000000000000000e+03 5.716600000000000000e+04 9.580000000000000000e+02 2.984899878501892090e-01
8.214000000000000000e+03 5.786700000000000000e+04 1.940000000000000000e+02 2.395159006118774414e-01
1.279000000000000000e+03 5.273600000000000000e+04 5.980000000000000000e+02 2.773740887641906738e-01
8.364000000000000000e+03 5.813800000000000000e+04 8.250000000000000000e+02 3.052479922771453857e-01
1.349000000000000000e+03 5.279700000000000000e+04 1.320000000000000000e+02 2.605024874210357666e-01
1.309000000000000000e+03 5.276200000000000000e+04 6.900000000000000000e+01 2.280000001192092896e-01
1.163600000000000000e+04 5.846200000000000000e+04 9.260000000000000000e+02 2.621679902076721191e-01
1.052000000000000000e+03 5.246600000000000000e+04 6.400000000000000000e+02 2.010000050067901611e-01
8.391000000000000000e+03 5.751100000000000000e+04 6.160000000000000000e+02 2.369015961885452271e-01
1.950000000000000000e+03 5.343600000000000000e+04 4.450000000000000000e+02 2.033248990774154663e-01
8.211000000000000000e+03 5.742300000000000000e+04 3.070000000000000000e+02 3.344593942165374756e-01
1.426000000000000000e+03 5.299300000000000000e+04 2.760000000000000000e+02 2.788400053977966309e-01
1.353000000000000000e+03 5.308300000000000000e+04 1.250000000000000000e+02 2.012985944747924805e-01
4.624000000000000000e+03 5.565400000000000000e+04 8.480000000000000000e+02 3.229289948940277100e-01
8.358000000000000000e+03 5.745100000000000000e+04 4.600000000000000000e+02 2.404226362705230713e-01
8.285000000000000000e+03 5.704800000000000000e+04 3.720000000000000000e+02 2.844694852828979492e-01
1.074600000000000000e+04 5.825700000000000000e+04 6.530000000000000000e+02 2.095011025667190552e-01
3.890000000000000000e+02 5.179500000000000000e+04 5.270000000000000000e+02 2.169999927282333374e-01
6.240000000000000000e+02 5.237700000000000000e+04 6.200000000000000000e+02 2.339999973773956299e-01
1.316000000000000000e+03 5.279000000000000000e+04 3.430000000000000000e+02 3.529999852180480957e-01
1.346000000000000000e+03 5.282200000000000000e+04 9.800000000000000000e+01 2.469999939203262329e-01
8.404000000000000000e+03 5.748100000000000000e+04 8.520000000000000000e+02 2.700870931148529053e-01
1.785000000000000000e+03 5.443900000000000000e+04 3.930000000000000000e+02 3.256233036518096924e-01
8.168000000000000000e+03 5.699200000000000000e+04 2.790000000000000000e+02 2.797789871692657471e-01
9.050000000000000000e+02 5.264300000000000000e+04 2.720000000000000000e+02 2.300000041723251343e-01
1.595000000000000000e+03 5.299900000000000000e+04 6.250000000000000000e+02 2.163231968879699707e-01
1.072800000000000000e+04 5.824800000000000000e+04 6.280000000000000000e+02 2.215774059295654297e-01
1.076000000000000000e+04 5.822400000000000000e+04 2.400000000000000000e+01 3.380539119243621826e-01
1.290000000000000000e+03 5.273400000000000000e+04 7.500000000000000000e+01 3.363612890243530273e-01
7.406000000000000000e+03 5.680500000000000000e+04 1.720000000000000000e+02 2.160985022783279419e-01
7.131000000000000000e+03 5.657000000000000000e+04 2.000000000000000000e+02 2.639657855033874512e-01
6.053000000000000000e+03 5.609100000000000000e+04 9.500000000000000000e+02 3.710699975490570068e-01
6.256000000000000000e+03 5.632300000000000000e+04 8.660000000000000000e+02 3.452545106410980225e-01
6.240000000000000000e+02 5.237700000000000000e+04 7.400000000000000000e+01 2.201606929302215576e-01
8.519000000000000000e+03 5.819800000000000000e+04 2.480000000000000000e+02 2.080170959234237671e-01
2.016000000000000000e+03 5.379900000000000000e+04 4.010000000000000000e+02 3.165608942508697510e-01
6.230000000000000000e+02 5.205100000000000000e+04 5.510000000000000000e+02 2.469999939203262329e-01
1.383000000000000000e+03 5.311600000000000000e+04 3.180000000000000000e+02 3.650000095367431641e-01
1.369000000000000000e+03 5.308900000000000000e+04 5.610000000000000000e+02 2.380000054836273193e-01
8.199000000000000000e+03 5.742800000000000000e+04 6.260000000000000000e+02 2.394663244485855103e-01
1.443000000000000000e+03 5.305500000000000000e+04 6.230000000000000000e+02 2.520000040531158447e-01
1.137900000000000000e+04 5.843800000000000000e+04 6.000000000000000000e+02 2.043794989585876465e-01
1.137500000000000000e+04 5.842600000000000000e+04 3.560000000000000000e+02 3.677566051483154297e-01
8.535000000000000000e+03 5.801900000000000000e+04 6.190000000000000000e+02 2.969419062137603760e-01
1.073300000000000000e+04 5.824400000000000000e+04 5.360000000000000000e+02 3.768616914749145508e-01
8.212000000000000000e+03 5.817100000000000000e+04 7.630000000000000000e+02 3.231664001941680908e-01
8.734000000000000000e+03 5.764200000000000000e+04 2.150000000000000000e+02 2.987487912178039551e-01
1.675000000000000000e+03 5.346600000000000000e+04 2.920000000000000000e+02 3.440000116825103760e-01
8.537000000000000000e+03 5.801400000000000000e+04 5.880000000000000000e+02 3.820430040359497070e-01
1.645000000000000000e+03 5.317200000000000000e+04 5.330000000000000000e+02 2.029367983341217041e-01
8.407000000000000000e+03 5.783900000000000000e+04 5.700000000000000000e+02 2.391968965530395508e-01
8.535000000000000000e+03 5.801900000000000000e+04 2.170000000000000000e+02 2.141560018062591553e-01
8.402000000000000000e+03 5.784300000000000000e+04 2.990000000000000000e+02 3.713799118995666504e-01
1.986000000000000000e+03 5.347500000000000000e+04 4.590000000000000000e+02 3.882198929786682129e-01
8.780000000000000000e+02 5.235300000000000000e+04 2.610000000000000000e+02 3.370805978775024414e-01
6.319000000000000000e+03 5.645200000000000000e+04 8.800000000000000000e+01 3.653370141983032227e-01
1.950000000000000000e+03 5.343600000000000000e+04 3.500000000000000000e+01 3.799696862697601318e-01
9.740000000000000000e+02 5.242700000000000000e+04 1.460000000000000000e+02 3.569999933242797852e-01
8.207000000000000000e+03 5.743100000000000000e+04 4.550000000000000000e+02 2.626658082008361816e-01
8.875000000000000000e+03 5.777900000000000000e+04 9.310000000000000000e+02 2.347965985536575317e-01
7.880000000000000000e+02 5.233800000000000000e+04 4.730000000000000000e+02 3.232153952121734619e-01
8.380000000000000000e+03 5.752000000000000000e+04 9.500000000000000000e+02 2.354767024517059326e-01
1.075000000000000000e+04 5.819900000000000000e+04 7.640000000000000000e+02 3.384515941143035889e-01
8.165000000000000000e+03 5.737400000000000000e+04 2.680000000000000000e+02 2.106982618570327759e-01
1.138000000000000000e+04 5.846200000000000000e+04 2.450000000000000000e+02 2.040646970272064209e-01
4.636000000000000000e+03 5.594500000000000000e+04 7.240000000000000000e+02 2.466289997100830078e-01
8.237000000000000000e+03 5.816200000000000000e+04 5.480000000000000000e+02 3.560434877872467041e-01
1.399000000000000000e+03 5.317200000000000000e+04 4.450000000000000000e+02 3.249999880790710449e-01
6.658000000000000000e+03 5.660600000000000000e+04 7.900000000000000000e+02 2.157969027757644653e-01
7.050000000000000000e+02 5.220000000000000000e+04 5.280000000000000000e+02 2.793079912662506104e-01
8.302000000000000000e+03 5.738900000000000000e+04 8.700000000000000000e+02 3.000667393207550049e-01
1.985000000000000000e+03 5.343100000000000000e+04 4.210000000000000000e+02 2.490866929292678833e-01
1.938000000000000000e+03 5.337900000000000000e+04 1.950000000000000000e+02 2.990829050540924072e-01
8.398000000000000000e+03 5.787000000000000000e+04 9.270000000000000000e+02 2.251611948013305664e-01
1.443000000000000000e+03 5.305500000000000000e+04 4.480000000000000000e+02 3.610000014305114746e-01
8.735000000000000000e+03 5.813300000000000000e+04 4.480000000000000000e+02 2.988578081130981445e-01
6.850000000000000000e+02 5.220300000000000000e+04 3.220000000000000000e+02 2.829999923706054688e-01
1.953000000000000000e+03 5.335800000000000000e+04 7.000000000000000000e+01 2.535080015659332275e-01
1.279000000000000000e+03 5.273600000000000000e+04 1.750000000000000000e+02 2.790358960628509521e-01
3.853000000000000000e+03 5.526800000000000000e+04 2.240000000000000000e+02 2.286047935485839844e-01
8.875000000000000000e+03 5.777900000000000000e+04 7.510000000000000000e+02 2.578581869602203369e-01
1.213000000000000000e+03 5.297200000000000000e+04 3.290000000000000000e+02 2.705559134483337402e-01
1.372000000000000000e+03 5.306200000000000000e+04 1.410000000000000000e+02 3.120706975460052490e-01
6.046000000000000000e+03 5.609600000000000000e+04 6.000000000000000000e+00 2.468775063753128052e-01
1.986000000000000000e+03 5.347500000000000000e+04 5.110000000000000000e+02 3.858593106269836426e-01
6.617000000000000000e+03 5.636500000000000000e+04 3.700000000000000000e+02 2.929235994815826416e-01
6.319000000000000000e+03 5.645200000000000000e+04 2.960000000000000000e+02 3.278453052043914795e-01
1.343000000000000000e+03 5.279000000000000000e+04 4.470000000000000000e+02 2.481147944927215576e-01
6.032000000000000000e+03 5.606700000000000000e+04 6.540000000000000000e+02 2.039200067520141602e-01
7.384000000000000000e+03 5.671500000000000000e+04 8.640000000000000000e+02 3.869509994983673096e-01
8.875000000000000000e+03 5.777900000000000000e+04 2.040000000000000000e+02 2.254358977079391479e-01
1.438000000000000000e+03 5.305400000000000000e+04 1.160000000000000000e+02 2.253600955009460449e-01
4.357000000000000000e+03 5.582900000000000000e+04 8.180000000000000000e+02 2.660189867019653320e-01
6.693000000000000000e+03 5.638400000000000000e+04 2.700000000000000000e+02 2.156706005334854126e-01
1.326000000000000000e+03 5.276400000000000000e+04 3.020000000000000000e+02 2.634792029857635498e-01
8.236000000000000000e+03 5.850000000000000000e+04 4.050000000000000000e+02 2.133263051509857178e-01
1.668000000000000000e+03 5.343300000000000000e+04 2.610000000000000000e+02 3.810000121593475342e-01
6.487000000000000000e+03 5.636200000000000000e+04 8.730000000000000000e+02 2.493758946657180786e-01
1.374000000000000000e+03 5.308300000000000000e+04 4.020000000000000000e+02 2.346249073743820190e-01
7.838000000000000000e+03 5.695800000000000000e+04 7.700000000000000000e+02 2.138478457927703857e-01
1.951000000000000000e+03 5.338900000000000000e+04 4.730000000000000000e+02 3.204951882362365723e-01
1.343000000000000000e+03 5.279000000000000000e+04 5.000000000000000000e+00 2.420670986175537109e-01
7.565000000000000000e+03 5.680900000000000000e+04 3.360000000000000000e+02 2.643226981163024902e-01
1.075300000000000000e+04 5.824200000000000000e+04 7.740000000000000000e+02 3.284060955047607422e-01
4.984000000000000000e+03 5.582700000000000000e+04 8.860000000000000000e+02 3.770489096641540527e-01
8.535000000000000000e+03 5.801900000000000000e+04 8.080000000000000000e+02 2.601082921028137207e-01
1.372000000000000000e+03 5.306200000000000000e+04 1.180000000000000000e+02 2.794804871082305908e-01
1.950000000000000000e+03 5.343600000000000000e+04 2.500000000000000000e+01 3.755913078784942627e-01
7.872000000000000000e+03 5.727900000000000000e+04 7.280000000000000000e+02 2.656556069850921631e-01
8.380000000000000000e+03 5.752000000000000000e+04 2.000000000000000000e+01 3.046391904354095459e-01
8.175000000000000000e+03 5.703900000000000000e+04 9.940000000000000000e+02 3.340550959110260010e-01
1.396000000000000000e+03 5.311200000000000000e+04 2.040000000000000000e+02 3.039999902248382568e-01
1.024900000000000000e+04 5.822900000000000000e+04 9.410000000000000000e+02 2.469820976257324219e-01
7.652000000000000000e+03 5.757900000000000000e+04 1.920000000000000000e+02 3.350417017936706543e-01
2.025000000000000000e+03 5.343100000000000000e+04 4.230000000000000000e+02 3.619410097599029541e-01
4.278000000000000000e+03 5.550500000000000000e+04 1.410000000000000000e+02 2.433172017335891724e-01
8.208000000000000000e+03 5.743000000000000000e+04 6.600000000000000000e+02 2.324707955121994019e-01
1.023800000000000000e+04 5.815500000000000000e+04 5.320000000000000000e+02 3.650769889354705811e-01
1.039000000000000000e+03 5.270700000000000000e+04 6.050000000000000000e+02 3.676123023033142090e-01
8.179000000000000000e+03 5.742900000000000000e+04 9.480000000000000000e+02 2.098870575428009033e-01
1.993000000000000000e+03 5.376200000000000000e+04 2.300000000000000000e+02 3.449522852897644043e-01
1.959000000000000000e+03 5.344000000000000000e+04 8.400000000000000000e+01 3.188438117504119873e-01
1.066700000000000000e+04 5.816300000000000000e+04 1.940000000000000000e+02 2.880141139030456543e-01
6.658000000000000000e+03 5.660600000000000000e+04 6.500000000000000000e+02 3.478716015815734863e-01
7.613000000000000000e+03 5.698800000000000000e+04 6.340000000000000000e+02 2.779080867767333984e-01
8.120000000000000000e+02 5.235200000000000000e+04 5.100000000000000000e+01 2.849999964237213135e-01
6.456000000000000000e+03 5.633900000000000000e+04 2.320000000000000000e+02 3.662073016166687012e-01
8.537000000000000000e+03 5.801400000000000000e+04 4.900000000000000000e+01 2.168385982513427734e-01
1.452000000000000000e+03 5.311200000000000000e+04 5.430000000000000000e+02 2.660000026226043701e-01
6.300000000000000000e+03 5.644900000000000000e+04 7.650000000000000000e+02 2.861196994781494141e-01
6.669000000000000000e+03 5.641300000000000000e+04 4.740000000000000000e+02 2.248619943857192993e-01
1.287000000000000000e+03 5.272800000000000000e+04 3.830000000000000000e+02 2.006078064441680908e-01
6.028000000000000000e+03 5.610200000000000000e+04 7.190000000000000000e+02 3.687565028667449951e-01
9.460000000000000000e+02 5.240700000000000000e+04 5.040000000000000000e+02 2.382294982671737671e-01
8.197000000000000000e+03 5.706400000000000000e+04 5.090000000000000000e+02 2.982595264911651611e-01
2.097000000000000000e+03 5.349100000000000000e+04 5.400000000000000000e+01 3.714554011821746826e-01
6.488000000000000000e+03 5.636400000000000000e+04 9.760000000000000000e+02 2.490586936473846436e-01
1.374000000000000000e+03 5.308300000000000000e+04 2.020000000000000000e+02 2.353249937295913696e-01
7.692000000000000000e+03 5.706400000000000000e+04 1.000000000000000000e+01 3.131777644157409668e-01
8.231000000000000000e+03 5.819900000000000000e+04 2.960000000000000000e+02 2.434629052877426147e-01
1.948000000000000000e+03 5.338800000000000000e+04 3.200000000000000000e+01 2.009751051664352417e-01
1.935000000000000000e+03 5.338700000000000000e+04 1.130000000000000000e+02 2.766500115394592285e-01
7.598000000000000000e+03 5.695600000000000000e+04 8.610000000000000000e+02 2.662931978702545166e-01
1.280000000000000000e+03 5.273800000000000000e+04 6.500000000000000000e+01 3.804582953453063965e-01
6.737000000000000000e+03 5.636500000000000000e+04 3.160000000000000000e+02 2.293750047683715820e-01
8.419000000000000000e+03 5.824900000000000000e+04 1.730000000000000000e+02 2.662886083126068115e-01
1.010000000000000000e+03 5.264900000000000000e+04 6.270000000000000000e+02 2.630000114440917969e-01
6.727000000000000000e+03 5.636900000000000000e+04 7.200000000000000000e+01 2.729992866516113281e-01
4.700000000000000000e+03 5.570900000000000000e+04 9.400000000000000000e+01 2.641515135765075684e-01
7.737000000000000000e+03 5.772200000000000000e+04 4.670000000000000000e+02 3.113217949867248535e-01
1.091500000000000000e+04 5.825700000000000000e+04 9.200000000000000000e+02 3.217917978763580322e-01
8.393000000000000000e+03 5.786400000000000000e+04 7.200000000000000000e+01 3.753511011600494385e-01
2.112000000000000000e+03 5.353400000000000000e+04 5.640000000000000000e+02 3.241629004478454590e-01
8.535000000000000000e+03 5.801900000000000000e+04 5.500000000000000000e+02 3.033162951469421387e-01
5.156000000000000000e+03 5.592500000000000000e+04 9.300000000000000000e+01 3.458620011806488037e-01
7.900000000000000000e+03 5.735800000000000000e+04 6.730000000000000000e+02 3.528816998004913330e-01
1.056000000000000000e+03 5.276400000000000000e+04 3.380000000000000000e+02 3.585428893566131592e-01
9.143000000000000000e+03 5.766500000000000000e+04 2.420000000000000000e+02 2.610085010528564453e-01
7.623000000000000000e+03 5.690100000000000000e+04 9.980000000000000000e+02 2.603262066841125488e-01
3.699000000000000000e+03 5.551700000000000000e+04 4.990000000000000000e+02 2.363218069076538086e-01
1.075900000000000000e+04 5.852600000000000000e+04 2.040000000000000000e+02 3.333492875099182129e-01
1.018000000000000000e+03 5.267200000000000000e+04 4.070000000000000000e+02 3.290376067161560059e-01
6.270000000000000000e+02 5.214400000000000000e+04 1.860000000000000000e+02 2.566784918308258057e-01
1.992000000000000000e+03 5.346600000000000000e+04 6.260000000000000000e+02 3.030000030994415283e-01
8.504000000000000000e+03 5.751800000000000000e+04 5.690000000000000000e+02 3.107751607894897461e-01
1.110300000000000000e+04 5.848800000000000000e+04 2.680000000000000000e+02 3.507356047630310059e-01
1.214000000000000000e+03 5.273100000000000000e+04 1.510000000000000000e+02 3.160000145435333252e-01
8.174000000000000000e+03 5.737400000000000000e+04 9.820000000000000000e+02 3.614059090614318848e-01
1.160000000000000000e+03 5.267400000000000000e+04 5.260000000000000000e+02 3.019999861717224121e-01
8.861000000000000000e+03 5.745900000000000000e+04 6.780000000000000000e+02 2.238246053457260132e-01
1.023600000000000000e+04 5.815400000000000000e+04 9.020000000000000000e+02 3.822897970676422119e-01
9.390000000000000000e+02 5.263600000000000000e+04 4.500000000000000000e+01 2.540268003940582275e-01
9.320000000000000000e+02 5.262000000000000000e+04 1.290000000000000000e+02 2.090000063180923462e-01
5.803000000000000000e+03 5.627200000000000000e+04 8.900000000000000000e+01 2.967357933521270752e-01
8.379000000000000000e+03 5.778700000000000000e+04 5.800000000000000000e+01 2.719360888004302979e-01
6.267000000000000000e+03 5.627900000000000000e+04 1.020000000000000000e+02 2.846297025680541992e-01
4.642000000000000000e+03 5.592600000000000000e+04 1.640000000000000000e+02 3.725124895572662354e-01
1.057000000000000000e+03 5.252200000000000000e+04 8.000000000000000000e+01 2.150000035762786865e-01
8.521000000000000000e+03 5.817500000000000000e+04 3.530000000000000000e+02 3.429672122001647949e-01
1.465000000000000000e+03 5.308200000000000000e+04 4.200000000000000000e+02 2.042351961135864258e-01
8.851000000000000000e+03 5.746000000000000000e+04 9.600000000000000000e+02 3.664515614509582520e-01
9.510000000000000000e+02 5.239800000000000000e+04 2.910000000000000000e+02 2.744660973548889160e-01
1.677000000000000000e+03 5.314800000000000000e+04 5.180000000000000000e+02 2.080000042915344238e-01
1.074600000000000000e+04 5.825700000000000000e+04 7.370000000000000000e+02 3.306083977222442627e-01
6.310000000000000000e+02 5.207900000000000000e+04 2.870000000000000000e+02 3.190560042858123779e-01
8.330000000000000000e+02 5.231400000000000000e+04 3.100000000000000000e+02 3.308719098567962646e-01
8.165000000000000000e+03 5.737400000000000000e+04 4.800000000000000000e+02 2.482732385396957397e-01
8.745000000000000000e+03 5.739100000000000000e+04 7.000000000000000000e+02 2.605965137481689453e-01
6.042000000000000000e+03 5.610100000000000000e+04 3.760000000000000000e+02 2.652369141578674316e-01
8.229000000000000000e+03 5.743000000000000000e+04 8.400000000000000000e+01 2.854324579238891602e-01
1.642000000000000000e+03 5.311500000000000000e+04 5.370000000000000000e+02 2.095592021942138672e-01
4.090000000000000000e+03 5.550000000000000000e+04 3.900000000000000000e+02 2.575347125530242920e-01
1.091500000000000000e+04 5.825700000000000000e+04 1.660000000000000000e+02 2.268439978361129761e-01
1.346000000000000000e+03 5.282200000000000000e+04 3.310000000000000000e+02 3.517090082168579102e-01
7.574000000000000000e+03 5.694500000000000000e+04 1.120000000000000000e+02 2.520765066146850586e-01
7.052000000000000000e+03 5.653900000000000000e+04 7.890000000000000000e+02 2.228552997112274170e-01
1.027100000000000000e+04 5.849700000000000000e+04 1.290000000000000000e+02 2.777427136898040771e-01
6.269000000000000000e+03 5.624600000000000000e+04 4.820000000000000000e+02 2.746508121490478516e-01
1.074200000000000000e+04 5.819800000000000000e+04 6.000000000000000000e+02 2.309609949588775635e-01
1.010000000000000000e+03 5.264900000000000000e+04 6.900000000000000000e+01 3.762271106243133545e-01
1.523000000000000000e+03 5.293700000000000000e+04 9.600000000000000000e+01 2.255696952342987061e-01
1.779000000000000000e+03 5.308900000000000000e+04 1.200000000000000000e+01 2.463497072458267212e-01
8.760000000000000000e+03 5.767200000000000000e+04 2.480000000000000000e+02 2.673423886299133301e-01
7.667000000000000000e+03 5.758000000000000000e+04 9.300000000000000000e+02 2.456108033657073975e-01
1.867000000000000000e+03 5.331700000000000000e+04 2.300000000000000000e+01 2.739999890327453613e-01
1.138500000000000000e+04 5.852300000000000000e+04 7.680000000000000000e+02 2.729705870151519775e-01
1.024700000000000000e+04 5.816200000000000000e+04 1.190000000000000000e+02 2.667239904403686523e-01
8.831000000000000000e+03 5.744800000000000000e+04 9.340000000000000000e+02 3.047760128974914551e-01
1.676000000000000000e+03 5.314700000000000000e+04 1.100000000000000000e+01 2.983664870262145996e-01
2.281000000000000000e+03 5.371100000000000000e+04 5.520000000000000000e+02 2.997489869594573975e-01
7.094000000000000000e+03 5.666000000000000000e+04 3.100000000000000000e+02 3.785774111747741699e-01
7.677000000000000000e+03 5.736300000000000000e+04 4.440000000000000000e+02 3.025394380092620850e-01
1.350000000000000000e+03 5.278600000000000000e+04 3.240000000000000000e+02 2.169999927282333374e-01
8.359000000000000000e+03 5.744900000000000000e+04 2.240000000000000000e+02 2.461617588996887207e-01
1.023800000000000000e+04 5.815500000000000000e+04 1.720000000000000000e+02 2.651781141757965088e-01
1.024800000000000000e+04 5.822000000000000000e+04 4.270000000000000000e+02 3.268370032310485840e-01
8.837000000000000000e+03 5.786700000000000000e+04 4.040000000000000000e+02 2.915261983871459961e-01
7.284000000000000000e+03 5.668300000000000000e+04 4.920000000000000000e+02 3.149910867214202881e-01
1.075800000000000000e+04 5.822000000000000000e+04 1.390000000000000000e+02 2.667304873466491699e-01
7.720000000000000000e+03 5.810100000000000000e+04 7.870000000000000000e+02 2.234281003475189209e-01
8.282000000000000000e+03 5.704100000000000000e+04 2.700000000000000000e+02 3.508604764938354492e-01
8.378000000000000000e+03 5.778500000000000000e+04 6.040000000000000000e+02 2.662470042705535889e-01
1.026000000000000000e+03 5.255800000000000000e+04 1.720000000000000000e+02 2.264623045921325684e-01
1.379000000000000000e+03 5.308400000000000000e+04 2.320000000000000000e+02 2.099999934434890747e-01
5.150000000000000000e+03 5.632900000000000000e+04 2.810000000000000000e+02 2.481330037117004395e-01
4.278000000000000000e+03 5.550500000000000000e+04 1.670000000000000000e+02 2.922390103340148926e-01
1.165400000000000000e+04 5.854300000000000000e+04 9.770000000000000000e+02 2.909213006496429443e-01
6.675000000000000000e+03 5.641500000000000000e+04 4.580000000000000000e+02 2.629488110542297363e-01
1.005000000000000000e+03 5.270300000000000000e+04 2.960000000000000000e+02 2.204837948083877563e-01
1.076200000000000000e+04 5.839000000000000000e+04 3.400000000000000000e+01 3.913500905036926270e-01
1.462000000000000000e+03 5.311200000000000000e+04 6.210000000000000000e+02 2.256411015987396240e-01
7.618000000000000000e+03 5.689800000000000000e+04 7.300000000000000000e+02 2.340535074472427368e-01
6.509000000000000000e+03 5.648600000000000000e+04 4.620000000000000000e+02 2.320169955492019653e-01
9.140000000000000000e+03 5.803900000000000000e+04 2.560000000000000000e+02 2.535752952098846436e-01
1.107100000000000000e+04 5.842900000000000000e+04 9.800000000000000000e+01 3.475534021854400635e-01
8.227000000000000000e+03 5.742700000000000000e+04 2.060000000000000000e+02 3.245096802711486816e-01
7.915000000000000000e+03 5.730900000000000000e+04 3.830000000000000000e+02 2.887254059314727783e-01
1.108000000000000000e+04 5.840100000000000000e+04 8.910000000000000000e+02 2.705964148044586182e-01
8.379000000000000000e+03 5.778700000000000000e+04 6.060000000000000000e+02 2.145868986845016479e-01
4.293000000000000000e+03 5.550900000000000000e+04 2.080000000000000000e+02 2.226411998271942139e-01
4.984000000000000000e+03 5.582700000000000000e+04 2.070000000000000000e+02 2.891289889812469482e-01
2.007000000000000000e+03 5.347400000000000000e+04 2.700000000000000000e+02 2.033988982439041138e-01
8.193000000000000000e+03 5.733300000000000000e+04 1.780000000000000000e+02 3.230560123920440674e-01
5.795000000000000000e+03 5.629800000000000000e+04 1.950000000000000000e+02 2.533256113529205322e-01
9.700000000000000000e+02 5.241300000000000000e+04 2.000000000000000000e+01 2.256074994802474976e-01
1.449000000000000000e+03 5.311600000000000000e+04 3.280000000000000000e+02 2.747628986835479736e-01
3.800000000000000000e+02 5.179200000000000000e+04 3.030000000000000000e+02 2.237228006124496460e-01
7.612000000000000000e+03 5.697200000000000000e+04 3.500000000000000000e+02 2.917183041572570801e-01
6.706000000000000000e+03 5.638500000000000000e+04 9.940000000000000000e+02 3.358938097953796387e-01
7.854000000000000000e+03 5.698900000000000000e+04 7.120000000000000000e+02 2.694743275642395020e-01
1.139600000000000000e+04 5.849000000000000000e+04 8.880000000000000000e+02 2.978439927101135254e-01
6.657000000000000000e+03 5.636600000000000000e+04 7.470000000000000000e+02 2.371550053358078003e-01
1.134800000000000000e+04 5.843800000000000000e+04 9.340000000000000000e+02 3.385803103446960449e-01
6.461000000000000000e+03 5.632900000000000000e+04 3.180000000000000000e+02 3.049358129501342773e-01
4.551000000000000000e+03 5.556900000000000000e+04 7.640000000000000000e+02 2.182725965976715088e-01
9.139000000000000000e+03 5.803800000000000000e+04 3.240000000000000000e+02 2.249477058649063110e-01
8.509000000000000000e+03 5.784300000000000000e+04 6.500000000000000000e+02 2.661663889884948730e-01
2.021000000000000000e+03 5.347500000000000000e+04 2.040000000000000000e+02 2.749091982841491699e-01
5.775000000000000000e+03 5.600900000000000000e+04 4.890000000000000000e+02 2.987861931324005127e-01
1.447000000000000000e+03 5.312000000000000000e+04 1.590000000000000000e+02 2.451507002115249634e-01
9.361000000000000000e+03 5.805500000000000000e+04 9.120000000000000000e+02 2.616806924343109131e-01
6.950000000000000000e+02 5.220200000000000000e+04 2.270000000000000000e+02 3.889999985694885254e-01
6.673000000000000000e+03 5.641900000000000000e+04 2.700000000000000000e+02 2.999424934387207031e-01
1.129400000000000000e+04 5.845100000000000000e+04 7.400000000000000000e+01 2.145424038171768188e-01
7.915000000000000000e+03 5.730900000000000000e+04 3.050000000000000000e+02 2.561574876308441162e-01
1.104700000000000000e+04 5.842400000000000000e+04 8.580000000000000000e+02 3.060378134250640869e-01
9.320000000000000000e+02 5.262000000000000000e+04 1.600000000000000000e+02 3.996458947658538818e-01
8.535000000000000000e+03 5.801900000000000000e+04 6.510000000000000000e+02 2.074923962354660034e-01
2.106000000000000000e+03 5.371400000000000000e+04 5.350000000000000000e+02 2.512963116168975830e-01
5.136000000000000000e+03 5.583600000000000000e+04 3.760000000000000000e+02 2.704856097698211670e-01
7.757000000000000000e+03 5.839200000000000000e+04 3.080000000000000000e+02 3.401463925838470459e-01
2.356000000000000000e+03 5.378600000000000000e+04 5.180000000000000000e+02 2.426930069923400879e-01
1.674000000000000000e+03 5.346400000000000000e+04 4.520000000000000000e+02 3.907087147235870361e-01
6.597000000000000000e+03 5.630400000000000000e+04 5.200000000000000000e+01 2.745467126369476318e-01
1.154600000000000000e+04 5.848800000000000000e+04 4.800000000000000000e+01 3.780153095722198486e-01
1.072600000000000000e+04 5.819900000000000000e+04 1.210000000000000000e+02 3.193033933639526367e-01
8.496000000000000000e+03 5.815900000000000000e+04 3.600000000000000000e+01 3.307617902755737305e-01
7.667000000000000000e+03 5.758000000000000000e+04 3.440000000000000000e+02 2.715583145618438721e-01
9.166000000000000000e+03 5.805100000000000000e+04 4.480000000000000000e+02 2.915157973766326904e-01
1.459000000000000000e+03 5.311700000000000000e+04 6.060000000000000000e+02 3.702102899551391602e-01
1.167700000000000000e+04 5.851000000000000000e+04 1.440000000000000000e+02 2.222238034009933472e-01
7.765000000000000000e+03 5.804700000000000000e+04 6.150000000000000000e+02 2.606298029422760010e-01
2.356000000000000000e+03 5.378600000000000000e+04 4.810000000000000000e+02 2.774999141693115234e-01
5.550000000000000000e+02 5.226600000000000000e+04 3.630000000000000000e+02 2.209782004356384277e-01
4.346000000000000000e+03 5.620900000000000000e+04 7.980000000000000000e+02 2.517726123332977295e-01
2.280000000000000000e+03 5.368000000000000000e+04 3.650000000000000000e+02 2.988077998161315918e-01
7.010000000000000000e+02 5.217900000000000000e+04 1.370000000000000000e+02 3.440524041652679443e-01
4.628000000000000000e+03 5.564600000000000000e+04 3.660000000000000000e+02 3.419786095619201660e-01
1.368000000000000000e+03 5.308400000000000000e+04 2.980000000000000000e+02 2.997416853904724121e-01
2.971000000000000000e+03 5.459000000000000000e+04 3.100000000000000000e+01 2.931833863258361816e-01
7.409000000000000000e+03 5.680900000000000000e+04 9.110000000000000000e+02 2.801145911216735840e-01
9.510000000000000000e+02 5.239800000000000000e+04 2.420000000000000000e+02 2.489995956420898438e-01
6.039000000000000000e+03 5.609900000000000000e+04 1.620000000000000000e+02 2.481438070535659790e-01
4.232000000000000000e+03 5.544700000000000000e+04 2.380000000000000000e+02 3.584316074848175049e-01
1.073000000000000000e+03 5.264900000000000000e+04 3.830000000000000000e+02 2.892397940158843994e-01
9.355000000000000000e+03 5.781400000000000000e+04 1.380000000000000000e+02 2.064332067966461182e-01
7.662000000000000000e+03 5.735800000000000000e+04 4.560000000000000000e+02 2.451336681842803955e-01
2.030000000000000000e+03 5.349900000000000000e+04 7.900000000000000000e+01 2.686670124530792236e-01
9.570000000000000000e+02 5.239800000000000000e+04 5.100000000000000000e+01 3.715325891971588135e-01
2.351000000000000000e+03 5.378600000000000000e+04 3.170000000000000000e+02 2.561978101730346680e-01
1.128700000000000000e+04 5.842900000000000000e+04 7.580000000000000000e+02 2.019511014223098755e-01
1.074200000000000000e+04 5.819800000000000000e+04 7.620000000000000000e+02 2.582021057605743408e-01
5.730000000000000000e+03 5.660700000000000000e+04 1.140000000000000000e+02 2.878048121929168701e-01
7.702000000000000000e+03 5.801700000000000000e+04 4.750000000000000000e+02 3.352414071559906006e-01
7.649000000000000000e+03 5.757400000000000000e+04 2.080000000000000000e+02 3.719205856323242188e-01
1.943000000000000000e+03 5.338600000000000000e+04 4.880000000000000000e+02 2.339999973773956299e-01
1.128500000000000000e+04 5.840200000000000000e+04 7.900000000000000000e+01 2.919707000255584717e-01
7.668000000000000000e+03 5.757900000000000000e+04 7.620000000000000000e+02 2.260735929012298584e-01
2.087000000000000000e+03 5.341500000000000000e+04 5.570000000000000000e+02 2.150046974420547485e-01
1.110500000000000000e+04 5.845700000000000000e+04 5.740000000000000000e+02 2.210448980331420898e-01
5.490000000000000000e+02 5.198100000000000000e+04 1.220000000000000000e+02 3.665794134140014648e-01
1.312000000000000000e+03 5.278100000000000000e+04 7.000000000000000000e+01 2.027304023504257202e-01
8.827000000000000000e+03 5.744400000000000000e+04 3.880000000000000000e+02 3.650631308555603027e-01
7.842000000000000000e+03 5.689900000000000000e+04 5.440000000000000000e+02 3.722400963306427002e-01
7.590000000000000000e+02 5.225400000000000000e+04 3.900000000000000000e+01 3.132832944393157959e-01
7.583000000000000000e+03 5.695800000000000000e+04 2.240000000000000000e+02 2.303791940212249756e-01
1.090100000000000000e+04 5.839700000000000000e+04 1.200000000000000000e+01 3.901796042919158936e-01
8.848000000000000000e+03 5.787500000000000000e+04 2.190000000000000000e+02 2.325949966907501221e-01
1.979000000000000000e+03 5.343100000000000000e+04 2.970000000000000000e+02 2.311374992132186890e-01
3.696000000000000000e+03 5.527700000000000000e+04 5.500000000000000000e+01 2.783739864826202393e-01
1.138000000000000000e+04 5.846200000000000000e+04 4.600000000000000000e+01 3.184446990489959717e-01
4.440000000000000000e+03 5.553900000000000000e+04 5.280000000000000000e+02 2.128680050373077393e-01
1.111500000000000000e+04 5.851400000000000000e+04 6.740000000000000000e+02 3.893007934093475342e-01
4.278000000000000000e+03 5.550500000000000000e+04 7.190000000000000000e+02 2.298095971345901489e-01
7.743000000000000000e+03 5.810700000000000000e+04 2.180000000000000000e+02 2.567332983016967773e-01
6.850000000000000000e+02 5.220300000000000000e+04 2.590000000000000000e+02 2.840668857097625732e-01
7.633000000000000000e+03 5.693100000000000000e+04 4.690000000000000000e+02 3.896923065185546875e-01
5.703000000000000000e+03 5.619000000000000000e+04 1.100000000000000000e+02 3.921732902526855469e-01
4.312000000000000000e+03 5.551100000000000000e+04 5.700000000000000000e+02 3.925302922725677490e-01
8.849000000000000000e+03 5.745700000000000000e+04 6.180000000000000000e+02 2.392204999923706055e-01
4.533000000000000000e+03 5.585500000000000000e+04 4.080000000000000000e+02 3.879913985729217529e-01
1.108300000000000000e+04 5.851500000000000000e+04 7.850000000000000000e+02 3.077216148376464844e-01
8.387000000000000000e+03 5.748300000000000000e+04 7.640000000000000000e+02 2.668168544769287109e-01
6.373000000000000000e+03 5.629800000000000000e+04 1.600000000000000000e+02 2.081605046987533569e-01
7.841000000000000000e+03 5.696000000000000000e+04 2.720000000000000000e+02 3.714571893215179443e-01
2.004000000000000000e+03 5.373700000000000000e+04 4.620000000000000000e+02 2.487692981958389282e-01
1.370000000000000000e+03 5.309000000000000000e+04 6.190000000000000000e+02 2.352159023284912109e-01
4.420000000000000000e+03 5.588300000000000000e+04 3.200000000000000000e+01 3.997744023799896240e-01
7.749000000000000000e+03 5.807300000000000000e+04 3.750000000000000000e+02 2.606352865695953369e-01
7.634000000000000000e+03 5.693500000000000000e+04 1.100000000000000000e+02 2.773267030715942383e-01
6.517000000000000000e+03 5.656300000000000000e+04 9.310000000000000000e+02 2.406881004571914673e-01
1.838000000000000000e+03 5.346700000000000000e+04 4.330000000000000000e+02 2.592413127422332764e-01
6.187000000000000000e+03 5.624400000000000000e+04 3.800000000000000000e+01 3.019818067550659180e-01
8.300000000000000000e+02 5.229300000000000000e+04 2.600000000000000000e+02 2.665578126907348633e-01
6.199000000000000000e+03 5.622000000000000000e+04 4.260000000000000000e+02 3.225932121276855469e-01
9.144000000000000000e+03 5.766600000000000000e+04 4.180000000000000000e+02 3.131048083305358887e-01
1.403000000000000000e+03 5.322700000000000000e+04 1.000000000000000000e+02 2.061537951231002808e-01
1.134600000000000000e+04 5.842900000000000000e+04 1.940000000000000000e+02 3.432672917842864990e-01
7.550000000000000000e+02 5.223500000000000000e+04 2.500000000000000000e+02 3.274906873703002930e-01
7.833000000000000000e+03 5.728600000000000000e+04 7.400000000000000000e+02 3.324223458766937256e-01
7.866000000000000000e+03 5.700200000000000000e+04 7.200000000000000000e+02 2.590611875057220459e-01
1.938000000000000000e+03 5.337900000000000000e+04 4.300000000000000000e+01 2.210430055856704712e-01
1.106200000000000000e+04 5.850900000000000000e+04 9.000000000000000000e+02 2.407438009977340698e-01
7.836000000000000000e+03 5.727800000000000000e+04 7.940000000000000000e+02 2.851266264915466309e-01
4.219000000000000000e+03 5.548000000000000000e+04 2.400000000000000000e+02 2.833299934864044189e-01
6.516000000000000000e+03 5.657100000000000000e+04 4.360000000000000000e+02 2.855795919895172119e-01
8.754000000000000000e+03 5.842500000000000000e+04 9.280000000000000000e+02 2.907576858997344971e-01
1.452000000000000000e+03 5.311200000000000000e+04 8.400000000000000000e+01 2.198754996061325073e-01
7.883000000000000000e+03 5.733100000000000000e+04 2.220000000000000000e+02 3.149752914905548096e-01
6.296000000000000000e+03 5.621900000000000000e+04 7.390000000000000000e+02 3.052558004856109619e-01
7.701000000000000000e+03 5.735600000000000000e+04 1.360000000000000000e+02 2.862204015254974365e-01
6.266000000000000000e+03 5.622300000000000000e+04 7.320000000000000000e+02 3.580583930015563965e-01
1.029200000000000000e+04 5.811300000000000000e+04 6.860000000000000000e+02 3.438917994499206543e-01
2.001000000000000000e+03 5.349300000000000000e+04 4.420000000000000000e+02 2.660000026226043701e-01
1.026300000000000000e+04 5.846400000000000000e+04 9.290000000000000000e+02 3.145376145839691162e-01
6.200000000000000000e+03 5.621700000000000000e+04 2.900000000000000000e+01 3.322944939136505127e-01
8.280000000000000000e+02 5.231700000000000000e+04 2.720000000000000000e+02 3.525680005550384521e-01
3.880000000000000000e+02 5.179300000000000000e+04 2.970000000000000000e+02 3.243435025215148926e-01
7.866000000000000000e+03 5.700200000000000000e+04 3.980000000000000000e+02 2.315783947706222534e-01
1.440000000000000000e+03 5.308400000000000000e+04 2.080000000000000000e+02 2.230155020952224731e-01
9.357000000000000000e+03 5.780700000000000000e+04 8.500000000000000000e+02 2.181721031665802002e-01
1.278000000000000000e+03 5.273500000000000000e+04 3.440000000000000000e+02 2.068430930376052856e-01
1.109600000000000000e+04 5.848500000000000000e+04 7.160000000000000000e+02 3.888837993144989014e-01
7.296000000000000000e+03 5.704600000000000000e+04 4.400000000000000000e+02 2.796273827552795410e-01
1.358000000000000000e+03 5.299400000000000000e+04 4.440000000000000000e+02 3.530400991439819336e-01
6.595000000000000000e+03 5.656900000000000000e+04 3.360000000000000000e+02 2.906473875045776367e-01
9.432000000000000000e+03 5.810000000000000000e+04 7.290000000000000000e+02 2.636420130729675293e-01
8.198000000000000000e+03 5.737400000000000000e+04 3.080000000000000000e+02 2.701926231384277344e-01
4.404000000000000000e+03 5.551300000000000000e+04 6.270000000000000000e+02 3.955352008342742920e-01
8.852000000000000000e+03 5.744900000000000000e+04 5.100000000000000000e+02 2.984934747219085693e-01
8.491000000000000000e+03 5.748800000000000000e+04 3.720000000000000000e+02 2.479538023471832275e-01
4.390000000000000000e+02 5.187700000000000000e+04 1.540000000000000000e+02 2.081667035818099976e-01
7.650000000000000000e+03 5.757500000000000000e+04 3.530000000000000000e+02 2.988013029098510742e-01
6.509000000000000000e+03 5.648600000000000000e+04 5.400000000000000000e+02 2.959282100200653076e-01
6.262000000000000000e+03 5.626700000000000000e+04 2.830000000000000000e+02 3.349935114383697510e-01
4.978000000000000000e+03 5.603600000000000000e+04 3.220000000000000000e+02 2.295065969228744507e-01
7.678000000000000000e+03 5.728200000000000000e+04 7.950000000000000000e+02 2.406025975942611694e-01
8.780000000000000000e+02 5.235300000000000000e+04 2.890000000000000000e+02 3.876344859600067139e-01
1.590000000000000000e+03 5.297400000000000000e+04 3.230000000000000000e+02 3.086329102516174316e-01
9.359000000000000000e+03 5.805600000000000000e+04 9.800000000000000000e+02 2.406930029392242432e-01
6.115000000000000000e+03 5.623700000000000000e+04 2.820000000000000000e+02 2.378007024526596069e-01
1.134200000000000000e+04 5.842500000000000000e+04 2.350000000000000000e+02 2.960909008979797363e-01
4.422000000000000000e+03 5.553300000000000000e+04 7.320000000000000000e+02 2.296514958143234253e-01
1.487000000000000000e+03 5.296400000000000000e+04 5.480000000000000000e+02 2.592887878417968750e-01
8.297000000000000000e+03 5.741600000000000000e+04 5.830000000000000000e+02 2.650803029537200928e-01
7.853000000000000000e+03 5.698800000000000000e+04 3.160000000000000000e+02 3.483519852161407471e-01
7.136000000000000000e+03 5.657000000000000000e+04 4.000000000000000000e+02 3.505369126796722412e-01
9.152000000000000000e+03 5.804100000000000000e+04 2.390000000000000000e+02 2.594740092754364014e-01
7.706000000000000000e+03 5.757500000000000000e+04 4.200000000000000000e+02 3.301461040973663330e-01
9.156000000000000000e+03 5.803900000000000000e+04 3.250000000000000000e+02 3.424251079559326172e-01
4.229000000000000000e+03 5.550100000000000000e+04 4.440000000000000000e+02 3.635340034961700439e-01
8.756000000000000000e+03 5.768700000000000000e+04 9.820000000000000000e+02 2.490099072456359863e-01
7.576000000000000000e+03 5.694800000000000000e+04 9.400000000000000000e+01 3.172102272510528564e-01
8.830000000000000000e+03 5.744700000000000000e+04 3.980000000000000000e+02 2.561564743518829346e-01
4.404000000000000000e+03 5.551300000000000000e+04 3.060000000000000000e+02 3.384231925010681152e-01
7.616000000000000000e+03 5.690200000000000000e+04 3.290000000000000000e+02 2.874552011489868164e-01
8.738000000000000000e+03 5.740200000000000000e+04 2.400000000000000000e+02 2.957724928855895996e-01
4.538000000000000000e+03 5.586000000000000000e+04 4.760000000000000000e+02 2.357212007045745850e-01
7.634000000000000000e+03 5.693500000000000000e+04 1.760000000000000000e+02 2.023323029279708862e-01
1.134500000000000000e+04 5.842800000000000000e+04 3.230000000000000000e+02 3.493356108665466309e-01
5.699000000000000000e+03 5.595300000000000000e+04 6.420000000000000000e+02 2.018820047378540039e-01
1.090000000000000000e+03 5.290300000000000000e+04 2.690000000000000000e+02 2.136981040239334106e-01
5.470000000000000000e+02 5.195900000000000000e+04 1.360000000000000000e+02 2.949999868869781494e-01
7.734000000000000000e+03 5.813300000000000000e+04 6.140000000000000000e+02 3.503310084342956543e-01
8.308000000000000000e+03 5.741700000000000000e+04 2.000000000000000000e+01 2.777228355407714844e-01
6.129000000000000000e+03 5.630100000000000000e+04 3.360000000000000000e+02 2.911557853221893311e-01
9.359000000000000000e+03 5.805600000000000000e+04 5.000000000000000000e+01 3.651652932167053223e-01
6.513000000000000000e+03 5.654300000000000000e+04 8.940000000000000000e+02 3.155089020729064941e-01
3.790000000000000000e+02 5.178900000000000000e+04 3.450000000000000000e+02 3.295050859451293945e-01
7.912000000000000000e+03 5.731000000000000000e+04 5.540000000000000000e+02 3.856301009654998779e-01
4.280000000000000000e+03 5.550300000000000000e+04 5.900000000000000000e+02 2.810851931571960449e-01
1.104600000000000000e+04 5.839800000000000000e+04 6.030000000000000000e+02 2.889846861362457275e-01
1.104400000000000000e+04 5.850800000000000000e+04 4.170000000000000000e+02 3.767223060131072998e-01
1.206000000000000000e+03 5.267000000000000000e+04 4.700000000000000000e+02 3.486132025718688965e-01
7.626000000000000000e+03 5.693400000000000000e+04 3.940000000000000000e+02 2.179649472236633301e-01
