8.432000000000000000e+03 5.783400000000000000e+04 3.200000000000000000e+02 5.407425165176391602e-01
8.223000000000000000e+03 5.742900000000000000e+04 4.660000000000000000e+02 6.860548257827758789e-01
5.191000000000000000e+03 5.606500000000000000e+04 8.600000000000000000e+02 4.981018900871276855e-01
8.191000000000000000e+03 5.739000000000000000e+04 5.980000000000000000e+02 7.172217369079589844e-01
8.065000000000000000e+03 5.824800000000000000e+04 6.950000000000000000e+02 5.464084744453430176e-01
1.595000000000000000e+03 5.299900000000000000e+04 5.970000000000000000e+02 5.569999814033508301e-01
1.214000000000000000e+03 5.273100000000000000e+04 5.910000000000000000e+02 6.399369835853576660e-01
8.526000000000000000e+03 5.789800000000000000e+04 2.710000000000000000e+02 7.021086812019348145e-01
4.442000000000000000e+03 5.553200000000000000e+04 4.900000000000000000e+01 6.707578897476196289e-01
4.685000000000000000e+03 5.565700000000000000e+04 4.040000000000000000e+02 4.528358876705169678e-01
8.064000000000000000e+03 5.825500000000000000e+04 8.000000000000000000e+01 7.312260866165161133e-01
8.183000000000000000e+03 5.737500000000000000e+04 4.940000000000000000e+02 6.418828964233398438e-01
4.562000000000000000e+03 5.557000000000000000e+04 9.280000000000000000e+02 4.253354966640472412e-01
1.000000000000000000e+04 5.846200000000000000e+04 1.840000000000000000e+02 4.818116128444671631e-01
1.074600000000000000e+04 5.825700000000000000e+04 8.100000000000000000e+02 8.286378979682922363e-01
1.134800000000000000e+04 5.843800000000000000e+04 8.080000000000000000e+02 4.539827704429626465e-01
6.704000000000000000e+03 5.638800000000000000e+04 9.000000000000000000e+01 6.215599775314331055e-01
1.290000000000000000e+03 5.273400000000000000e+04 5.250000000000000000e+02 5.009999871253967285e-01
7.311000000000000000e+03 5.703800000000000000e+04 8.860000000000000000e+02 4.392274916172027588e-01
1.428000000000000000e+03 5.299800000000000000e+04 6.130000000000000000e+02 4.758605957031250000e-01
9.380000000000000000e+02 5.270800000000000000e+04 8.800000000000000000e+01 6.068018078804016113e-01
4.987000000000000000e+03 5.574600000000000000e+04 9.860000000000000000e+02 4.480695128440856934e-01
1.170400000000000000e+04 5.851400000000000000e+04 7.700000000000000000e+02 4.331181049346923828e-01
1.287000000000000000e+03 5.272800000000000000e+04 4.850000000000000000e+02 4.359999895095825195e-01
5.740000000000000000e+03 5.599800000000000000e+04 6.540000000000000000e+02 4.025048017501831055e-01
1.398000000000000000e+03 5.314600000000000000e+04 5.170000000000000000e+02 5.607051849365234375e-01
8.827000000000000000e+03 5.744400000000000000e+04 5.500000000000000000e+02 5.015097260475158691e-01
3.800000000000000000e+03 5.548600000000000000e+04 2.620000000000000000e+02 6.055678725242614746e-01
9.166000000000000000e+03 5.805100000000000000e+04 6.880000000000000000e+02 5.521836280822753906e-01
1.464000000000000000e+03 5.309100000000000000e+04 5.970000000000000000e+02 4.694778919219970703e-01
6.318000000000000000e+03 5.618600000000000000e+04 7.510000000000000000e+02 6.522480845451354980e-01
8.066000000000000000e+03 5.754400000000000000e+04 3.940000000000000000e+02 6.689124703407287598e-01
5.200000000000000000e+03 5.609100000000000000e+04 1.180000000000000000e+02 8.109588027000427246e-01
7.850000000000000000e+03 5.695600000000000000e+04 3.320000000000000000e+02 4.027442038059234619e-01
1.131100000000000000e+04 5.842900000000000000e+04 2.910000000000000000e+02 4.159944951534271240e-01
6.150000000000000000e+02 5.234700000000000000e+04 5.600000000000000000e+01 4.134184122085571289e-01
7.400000000000000000e+03 5.713400000000000000e+04 4.120000000000000000e+02 7.494732737541198730e-01
4.693000000000000000e+03 5.563200000000000000e+04 2.140000000000000000e+02 4.476959109306335449e-01
8.539000000000000000e+03 5.802100000000000000e+04 6.930000000000000000e+02 7.194700241088867188e-01
8.414000000000000000e+03 5.784600000000000000e+04 6.090000000000000000e+02 7.663208842277526855e-01
7.950000000000000000e+02 5.237800000000000000e+04 5.420000000000000000e+02 4.764819145202636719e-01
1.455000000000000000e+03 5.308900000000000000e+04 5.110000000000000000e+02 4.128873944282531738e-01
6.394000000000000000e+03 5.633000000000000000e+04 1.110000000000000000e+02 6.744089722633361816e-01
6.314000000000000000e+03 5.619100000000000000e+04 3.270000000000000000e+02 4.785112142562866211e-01
7.674000000000000000e+03 5.735900000000000000e+04 2.330000000000000000e+02 4.532344639301300049e-01
6.126000000000000000e+03 5.626900000000000000e+04 9.750000000000000000e+02 5.172145962715148926e-01
1.076100000000000000e+04 5.828300000000000000e+04 3.350000000000000000e+02 7.462955117225646973e-01
7.920000000000000000e+02 5.235300000000000000e+04 4.120000000000000000e+02 4.082229137420654297e-01
3.764000000000000000e+03 5.551400000000000000e+04 2.870000000000000000e+02 5.412564873695373535e-01
8.390000000000000000e+03 5.748500000000000000e+04 9.140000000000000000e+02 8.556281328201293945e-01
1.074700000000000000e+04 5.822000000000000000e+04 4.390000000000000000e+02 4.398581087589263916e-01
9.370000000000000000e+02 5.270700000000000000e+04 1.950000000000000000e+02 5.445721745491027832e-01
4.988000000000000000e+03 5.582500000000000000e+04 2.890000000000000000e+02 5.051804184913635254e-01
8.524000000000000000e+03 5.765600000000000000e+04 2.380000000000000000e+02 4.178499877452850342e-01
6.689000000000000000e+03 5.639600000000000000e+04 6.430000000000000000e+02 5.473170280456542969e-01
6.793000000000000000e+03 5.643000000000000000e+04 2.350000000000000000e+02 6.487771868705749512e-01
5.729000000000000000e+03 5.659800000000000000e+04 5.620000000000000000e+02 4.132579863071441650e-01
6.200000000000000000e+02 5.237500000000000000e+04 2.120000000000000000e+02 4.210000038146972656e-01
6.323000000000000000e+03 5.618900000000000000e+04 5.900000000000000000e+02 5.959470272064208984e-01
8.411000000000000000e+03 5.787500000000000000e+04 2.620000000000000000e+02 6.217020750045776367e-01
3.855000000000000000e+03 5.526800000000000000e+04 9.250000000000000000e+02 6.028568148612976074e-01
1.394000000000000000e+03 5.310800000000000000e+04 3.380000000000000000e+02 4.389550983905792236e-01
5.709000000000000000e+03 5.657100000000000000e+04 3.530000000000000000e+02 5.654401779174804688e-01
8.874000000000000000e+03 5.742600000000000000e+04 6.400000000000000000e+02 4.970224499702453613e-01
6.317000000000000000e+03 5.644800000000000000e+04 2.900000000000000000e+02 4.200390875339508057e-01
8.720000000000000000e+02 5.233900000000000000e+04 1.990000000000000000e+02 7.379999756813049316e-01
6.788000000000000000e+03 5.642800000000000000e+04 9.610000000000000000e+02 4.269773960113525391e-01
8.413000000000000000e+03 5.789700000000000000e+04 4.070000000000000000e+02 6.951637268066406250e-01
6.626000000000000000e+03 5.633000000000000000e+04 6.550000000000000000e+02 4.636859893798828125e-01
6.715000000000000000e+03 5.644900000000000000e+04 2.990000000000000000e+02 7.088137865066528320e-01
1.134700000000000000e+04 5.844000000000000000e+04 9.030000000000000000e+02 7.825880050659179688e-01
6.725000000000000000e+03 5.639000000000000000e+04 8.630000000000000000e+02 4.872887134552001953e-01
6.453000000000000000e+03 5.636500000000000000e+04 6.190000000000000000e+02 5.068336129188537598e-01
1.024200000000000000e+04 5.816100000000000000e+04 7.320000000000000000e+02 4.389807879924774170e-01
1.076200000000000000e+04 5.839000000000000000e+04 3.300000000000000000e+02 7.849118709564208984e-01
6.692000000000000000e+03 5.639000000000000000e+04 5.830000000000000000e+02 4.519424140453338623e-01
1.135200000000000000e+04 5.845600000000000000e+04 8.880000000000000000e+02 4.780963957309722900e-01
8.398000000000000000e+03 5.787000000000000000e+04 1.160000000000000000e+02 6.487404704093933105e-01
6.794000000000000000e+03 5.644800000000000000e+04 3.390000000000000000e+02 6.332818269729614258e-01
1.160000000000000000e+03 5.267400000000000000e+04 1.860000000000000000e+02 4.168572127819061279e-01
8.213000000000000000e+03 5.848700000000000000e+04 1.590000000000000000e+02 5.131943821907043457e-01
9.169000000000000000e+03 5.806900000000000000e+04 5.640000000000000000e+02 4.499818682670593262e-01
1.104700000000000000e+04 5.842400000000000000e+04 3.600000000000000000e+02 5.950822234153747559e-01
9.020000000000000000e+02 5.240900000000000000e+04 1.280000000000000000e+02 4.091112911701202393e-01
2.033000000000000000e+03 5.347600000000000000e+04 3.030000000000000000e+02 4.644758999347686768e-01
5.733000000000000000e+03 5.657500000000000000e+04 4.250000000000000000e+02 5.082967877388000488e-01
5.165000000000000000e+03 5.606300000000000000e+04 7.850000000000000000e+02 5.909925103187561035e-01
6.722000000000000000e+03 5.643100000000000000e+04 1.930000000000000000e+02 5.097724795341491699e-01
5.550000000000000000e+02 5.226600000000000000e+04 5.950000000000000000e+02 5.142458081245422363e-01
3.683000000000000000e+03 5.517800000000000000e+04 3.670000000000000000e+02 4.895409941673278809e-01
9.356000000000000000e+03 5.780900000000000000e+04 6.190000000000000000e+02 4.401135146617889404e-01
6.027000000000000000e+03 5.610300000000000000e+04 7.970000000000000000e+02 5.568283796310424805e-01
1.026200000000000000e+04 5.854300000000000000e+04 1.700000000000000000e+01 6.660305261611938477e-01
1.073000000000000000e+04 5.824400000000000000e+04 9.600000000000000000e+01 5.866338014602661133e-01
1.164900000000000000e+04 5.851400000000000000e+04 5.640000000000000000e+02 4.424751102924346924e-01
4.956000000000000000e+03 5.573700000000000000e+04 9.030000000000000000e+02 7.778449058532714844e-01
1.174000000000000000e+03 5.278200000000000000e+04 5.050000000000000000e+02 5.714656114578247070e-01
4.562000000000000000e+03 5.557000000000000000e+04 7.210000000000000000e+02 6.917541027069091797e-01
8.168000000000000000e+03 5.699200000000000000e+04 7.370000000000000000e+02 4.765329062938690186e-01
1.294000000000000000e+03 5.275300000000000000e+04 1.650000000000000000e+02 6.791594028472900391e-01
2.015000000000000000e+03 5.381900000000000000e+04 2.230000000000000000e+02 5.000836849212646484e-01
6.796000000000000000e+03 5.645300000000000000e+04 6.160000000000000000e+02 4.355334043502807617e-01
1.026100000000000000e+04 5.846200000000000000e+04 9.430000000000000000e+02 4.459775388240814209e-01
8.225000000000000000e+03 5.737500000000000000e+04 7.860000000000000000e+02 6.076853275299072266e-01
6.799000000000000000e+03 5.647800000000000000e+04 4.680000000000000000e+02 4.532017111778259277e-01
8.394000000000000000e+03 5.786500000000000000e+04 3.560000000000000000e+02 7.762656211853027344e-01
6.724000000000000000e+03 5.641600000000000000e+04 5.610000000000000000e+02 4.433060884475708008e-01
6.060000000000000000e+03 5.607400000000000000e+04 1.590000000000000000e+02 5.838388204574584961e-01
8.298000000000000000e+03 5.739000000000000000e+04 2.600000000000000000e+01 4.118171632289886475e-01
6.724000000000000000e+03 5.641600000000000000e+04 9.420000000000000000e+02 4.855740070343017578e-01
1.073500000000000000e+04 5.825800000000000000e+04 3.360000000000000000e+02 4.204320013523101807e-01
8.404000000000000000e+03 5.748100000000000000e+04 9.070000000000000000e+02 7.394258975982666016e-01
8.221000000000000000e+03 5.819800000000000000e+04 9.220000000000000000e+02 4.975801110267639160e-01
1.132100000000000000e+04 5.842500000000000000e+04 8.920000000000000000e+02 5.113053917884826660e-01
5.793000000000000000e+03 5.633700000000000000e+04 9.400000000000000000e+02 4.115749895572662354e-01
7.690000000000000000e+03 5.704600000000000000e+04 8.640000000000000000e+02 6.207411885261535645e-01
6.733000000000000000e+03 5.636900000000000000e+04 8.890000000000000000e+02 5.657678842544555664e-01
6.829000000000000000e+03 5.645300000000000000e+04 7.910000000000000000e+02 4.799385964870452881e-01
1.025800000000000000e+04 5.849200000000000000e+04 7.330000000000000000e+02 6.377788782119750977e-01
5.792000000000000000e+03 5.626900000000000000e+04 9.500000000000000000e+01 4.475035071372985840e-01
7.846000000000000000e+03 5.698400000000000000e+04 8.840000000000000000e+02 4.089666903018951416e-01
8.489000000000000000e+03 5.748300000000000000e+04 9.260000000000000000e+02 4.399818778038024902e-01
4.551000000000000000e+03 5.556900000000000000e+04 8.830000000000000000e+02 6.166033148765563965e-01
2.001000000000000000e+03 5.349300000000000000e+04 8.000000000000000000e+01 4.059999883174896240e-01
8.413000000000000000e+03 5.789700000000000000e+04 6.920000000000000000e+02 5.738505125045776367e-01
8.528000000000000000e+03 5.789600000000000000e+04 3.780000000000000000e+02 5.458310842514038086e-01
3.852000000000000000e+03 5.524300000000000000e+04 6.310000000000000000e+02 8.067560195922851562e-01
4.309000000000000000e+03 5.552800000000000000e+04 2.350000000000000000e+02 7.457603216171264648e-01
2.033000000000000000e+03 5.347600000000000000e+04 6.090000000000000000e+02 5.874512195587158203e-01
8.511000000000000000e+03 5.790100000000000000e+04 9.430000000000000000e+02 7.131950855255126953e-01
8.538000000000000000e+03 5.754900000000000000e+04 1.460000000000000000e+02 4.171049892902374268e-01
1.586000000000000000e+03 5.294500000000000000e+04 2.810000000000000000e+02 4.530436098575592041e-01
7.670000000000000000e+02 5.225200000000000000e+04 1.100000000000000000e+02 5.799999833106994629e-01
6.748000000000000000e+03 5.637100000000000000e+04 9.350000000000000000e+02 5.517650842666625977e-01
1.416000000000000000e+03 5.287500000000000000e+04 2.610000000000000000e+02 4.303166866302490234e-01
8.520000000000000000e+03 5.819100000000000000e+04 9.770000000000000000e+02 4.337509870529174805e-01
1.075000000000000000e+04 5.819900000000000000e+04 6.860000000000000000e+02 4.443812966346740723e-01
6.442000000000000000e+03 5.636900000000000000e+04 5.210000000000000000e+02 6.113222837448120117e-01
6.300000000000000000e+03 5.644900000000000000e+04 6.490000000000000000e+02 5.372974276542663574e-01
1.091500000000000000e+04 5.825700000000000000e+04 9.090000000000000000e+02 7.030705213546752930e-01
8.182000000000000000e+03 5.699300000000000000e+04 5.540000000000000000e+02 4.248738884925842285e-01
5.450000000000000000e+02 5.220200000000000000e+04 2.380000000000000000e+02 4.639999866485595703e-01
1.986000000000000000e+03 5.347500000000000000e+04 4.020000000000000000e+02 4.063827097415924072e-01
1.027000000000000000e+04 5.848800000000000000e+04 3.940000000000000000e+02 6.683843731880187988e-01
6.387000000000000000e+03 5.632800000000000000e+04 4.300000000000000000e+02 4.126478135585784912e-01
1.138300000000000000e+04 5.848500000000000000e+04 3.460000000000000000e+02 5.649626851081848145e-01
8.362000000000000000e+03 5.773200000000000000e+04 6.010000000000000000e+02 7.207373380661010742e-01
8.433000000000000000e+03 5.748800000000000000e+04 9.860000000000000000e+02 5.569416284561157227e-01
8.161000000000000000e+03 5.712700000000000000e+04 3.150000000000000000e+02 4.710015952587127686e-01
1.091300000000000000e+04 5.825600000000000000e+04 3.350000000000000000e+02 6.130353808403015137e-01
5.793000000000000000e+03 5.633700000000000000e+04 5.210000000000000000e+02 4.910844862461090088e-01
8.856000000000000000e+03 5.745300000000000000e+04 7.800000000000000000e+02 4.433208107948303223e-01
8.820000000000000000e+03 5.744900000000000000e+04 3.510000000000000000e+02 8.298861980438232422e-01
7.686000000000000000e+03 5.701500000000000000e+04 2.510000000000000000e+02 5.476052761077880859e-01
5.202000000000000000e+03 5.582400000000000000e+04 6.270000000000000000e+02 5.671758055686950684e-01
6.056000000000000000e+03 5.609200000000000000e+04 2.100000000000000000e+02 4.073815047740936279e-01
1.092500000000000000e+04 5.827100000000000000e+04 9.670000000000000000e+02 6.509780883789062500e-01
7.848000000000000000e+03 5.695900000000000000e+04 9.940000000000000000e+02 5.924409031867980957e-01
7.756000000000000000e+03 5.839200000000000000e+04 4.070000000000000000e+02 4.022986888885498047e-01
8.854000000000000000e+03 5.745000000000000000e+04 6.620000000000000000e+02 4.381811618804931641e-01
1.167600000000000000e+04 5.851200000000000000e+04 6.880000000000000000e+02 5.381467938423156738e-01
4.647000000000000000e+03 5.562100000000000000e+04 6.890000000000000000e+02 5.443890094757080078e-01
7.635000000000000000e+03 5.697900000000000000e+04 3.740000000000000000e+02 4.497870802879333496e-01
1.130300000000000000e+04 5.842800000000000000e+04 8.200000000000000000e+02 4.895629882812500000e-01
4.479000000000000000e+03 5.559200000000000000e+04 5.400000000000000000e+02 4.533210992813110352e-01
9.359000000000000000e+03 5.805600000000000000e+04 6.940000000000000000e+02 4.235549867153167725e-01
5.736000000000000000e+03 5.598400000000000000e+04 6.440000000000000000e+02 5.417953133583068848e-01
4.286000000000000000e+03 5.549900000000000000e+04 7.690000000000000000e+02 4.238263964653015137e-01
8.176000000000000000e+03 5.713100000000000000e+04 7.220000000000000000e+02 5.270714759826660156e-01
4.694000000000000000e+03 5.564900000000000000e+04 2.630000000000000000e+02 6.267045736312866211e-01
8.386000000000000000e+03 5.751800000000000000e+04 7.600000000000000000e+02 5.348744988441467285e-01
7.668000000000000000e+03 5.757900000000000000e+04 2.440000000000000000e+02 6.761630773544311523e-01
1.170300000000000000e+04 5.852600000000000000e+04 7.600000000000000000e+02 6.636549234390258789e-01
7.766000000000000000e+03 5.839500000000000000e+04 3.280000000000000000e+02 4.597952067852020264e-01
4.350000000000000000e+03 5.555600000000000000e+04 6.100000000000000000e+01 5.286504030227661133e-01
4.193000000000000000e+03 5.547600000000000000e+04 9.620000000000000000e+02 4.264762103557586670e-01
5.728000000000000000e+03 5.633400000000000000e+04 2.610000000000000000e+02 4.923813045024871826e-01
7.892000000000000000e+03 5.733300000000000000e+04 6.390000000000000000e+02 7.424417734146118164e-01
8.285000000000000000e+03 5.704800000000000000e+04 6.920000000000000000e+02 5.423052906990051270e-01
4.369000000000000000e+03 5.582700000000000000e+04 4.540000000000000000e+02 4.707799851894378662e-01
4.694000000000000000e+03 5.564900000000000000e+04 1.800000000000000000e+01 4.161575138568878174e-01
8.297000000000000000e+03 5.741600000000000000e+04 6.780000000000000000e+02 8.113784193992614746e-01
6.641000000000000000e+03 5.638300000000000000e+04 1.910000000000000000e+02 6.534695029258728027e-01
7.858000000000000000e+03 5.728100000000000000e+04 8.150000000000000000e+02 8.210902810096740723e-01
1.075800000000000000e+04 5.822000000000000000e+04 1.320000000000000000e+02 8.710048198699951172e-01
6.658000000000000000e+03 5.660600000000000000e+04 3.710000000000000000e+02 4.786908924579620361e-01
4.977000000000000000e+03 5.604700000000000000e+04 3.390000000000000000e+02 6.254717111587524414e-01
8.185000000000000000e+03 5.743100000000000000e+04 9.310000000000000000e+02 4.872442483901977539e-01
3.969000000000000000e+03 5.530700000000000000e+04 9.750000000000000000e+02 4.749999940395355225e-01
1.024300000000000000e+04 5.815900000000000000e+04 4.170000000000000000e+02 4.601314067840576172e-01
8.230000000000000000e+03 5.743000000000000000e+04 2.700000000000000000e+02 4.629601538181304932e-01
9.460000000000000000e+02 5.240700000000000000e+04 4.490000000000000000e+02 4.059635102748870850e-01
6.870000000000000000e+02 5.251800000000000000e+04 3.300000000000000000e+02 4.139384925365447998e-01
1.137700000000000000e+04 5.843400000000000000e+04 8.600000000000000000e+02 4.242905974388122559e-01
5.127000000000000000e+03 5.588900000000000000e+04 9.990000000000000000e+02 6.113467216491699219e-01
6.707000000000000000e+03 5.638300000000000000e+04 8.670000000000000000e+02 4.720672965049743652e-01
4.613000000000000000e+03 5.559100000000000000e+04 1.750000000000000000e+02 5.072810053825378418e-01
1.163300000000000000e+04 5.846300000000000000e+04 4.090000000000000000e+02 6.142681837081909180e-01
7.906000000000000000e+03 5.733300000000000000e+04 3.700000000000000000e+02 5.482293963432312012e-01
4.214000000000000000e+03 5.545100000000000000e+04 1.790000000000000000e+02 5.038661956787109375e-01
8.375000000000000000e+03 5.752000000000000000e+04 9.070000000000000000e+02 7.849352359771728516e-01
4.440000000000000000e+03 5.553900000000000000e+04 3.920000000000000000e+02 4.057762920856475830e-01
1.074200000000000000e+04 5.819800000000000000e+04 1.010000000000000000e+02 4.050625860691070557e-01
7.317000000000000000e+03 5.699200000000000000e+04 3.060000000000000000e+02 4.477409422397613525e-01
1.165000000000000000e+04 5.850800000000000000e+04 9.600000000000000000e+01 6.556404829025268555e-01
7.767000000000000000e+03 5.804900000000000000e+04 4.360000000000000000e+02 4.590612947940826416e-01
6.033000000000000000e+03 5.606900000000000000e+04 3.400000000000000000e+02 6.042882204055786133e-01
7.428000000000000000e+03 5.678100000000000000e+04 6.650000000000000000e+02 4.556547105312347412e-01
7.578000000000000000e+03 5.695600000000000000e+04 8.050000000000000000e+02 6.800000071525573730e-01
7.858000000000000000e+03 5.728100000000000000e+04 1.130000000000000000e+02 6.397585272789001465e-01
6.724000000000000000e+03 5.641600000000000000e+04 1.080000000000000000e+02 6.164203882217407227e-01
1.106900000000000000e+04 5.845600000000000000e+04 4.300000000000000000e+02 4.153293967247009277e-01
4.423000000000000000e+03 5.588900000000000000e+04 8.110000000000000000e+02 5.483356118202209473e-01
4.417000000000000000e+03 5.582900000000000000e+04 5.510000000000000000e+02 5.925971865653991699e-01
1.137700000000000000e+04 5.843400000000000000e+04 5.870000000000000000e+02 6.253908872604370117e-01
7.020000000000000000e+02 5.217800000000000000e+04 3.980000000000000000e+02 4.092505872249603271e-01
1.023900000000000000e+04 5.814200000000000000e+04 5.200000000000000000e+01 6.485366821289062500e-01
5.159000000000000000e+03 5.585600000000000000e+04 7.720000000000000000e+02 5.392997264862060547e-01
6.872000000000000000e+03 5.654000000000000000e+04 8.130000000000000000e+02 5.616701245307922363e-01
4.235000000000000000e+03 5.545100000000000000e+04 6.130000000000000000e+02 6.826663017272949219e-01
7.580000000000000000e+03 5.695500000000000000e+04 8.900000000000000000e+01 5.575670003890991211e-01
8.833000000000000000e+03 5.777900000000000000e+04 2.420000000000000000e+02 5.491781830787658691e-01
8.761000000000000000e+03 5.843000000000000000e+04 8.860000000000000000e+02 6.315330862998962402e-01
7.877000000000000000e+03 5.689800000000000000e+04 3.500000000000000000e+01 4.065592885017395020e-01
7.716000000000000000e+03 5.809700000000000000e+04 4.030000000000000000e+02 6.319143772125244141e-01
8.237000000000000000e+03 5.816200000000000000e+04 2.470000000000000000e+02 4.297984242439270020e-01
8.761000000000000000e+03 5.843000000000000000e+04 3.700000000000000000e+02 6.917564272880554199e-01
1.106200000000000000e+04 5.850900000000000000e+04 4.820000000000000000e+02 8.696134090423583984e-01
7.703000000000000000e+03 5.733300000000000000e+04 9.140000000000000000e+02 4.668764173984527588e-01
7.091000000000000000e+03 5.665800000000000000e+04 6.410000000000000000e+02 6.017618775367736816e-01
4.623000000000000000e+03 5.562100000000000000e+04 4.130000000000000000e+02 4.779664874076843262e-01
4.225000000000000000e+03 5.545500000000000000e+04 5.390000000000000000e+02 4.995596110820770264e-01
1.104200000000000000e+04 5.846200000000000000e+04 1.430000000000000000e+02 4.258322119712829590e-01
1.167700000000000000e+04 5.851000000000000000e+04 3.380000000000000000e+02 5.114492177963256836e-01
1.074500000000000000e+04 5.827700000000000000e+04 8.730000000000000000e+02 6.775175929069519043e-01
6.740000000000000000e+02 5.220100000000000000e+04 3.090000000000000000e+02 5.049176812171936035e-01
8.173000000000000000e+03 5.737500000000000000e+04 4.540000000000000000e+02 7.899386286735534668e-01
8.753000000000000000e+03 5.737300000000000000e+04 7.650000000000000000e+02 4.312276542186737061e-01
4.554000000000000000e+03 5.619300000000000000e+04 4.990000000000000000e+02 4.607127904891967773e-01
4.602000000000000000e+03 5.564400000000000000e+04 5.950000000000000000e+02 5.054693222045898438e-01
1.134100000000000000e+04 5.842800000000000000e+04 3.550000000000000000e+02 4.272477924823760986e-01
7.831000000000000000e+03 5.701600000000000000e+04 4.020000000000000000e+02 5.407389998435974121e-01
7.846000000000000000e+03 5.698400000000000000e+04 7.820000000000000000e+02 5.557280182838439941e-01
8.365000000000000000e+03 5.745000000000000000e+04 7.420000000000000000e+02 6.320368647575378418e-01
1.108100000000000000e+04 5.839800000000000000e+04 2.620000000000000000e+02 5.767511725425720215e-01
9.354000000000000000e+03 5.780600000000000000e+04 4.640000000000000000e+02 4.158873856067657471e-01
1.130800000000000000e+04 5.842600000000000000e+04 1.800000000000000000e+02 4.210850000381469727e-01
4.228000000000000000e+03 5.548400000000000000e+04 3.690000000000000000e+02 4.853192865848541260e-01
8.385000000000000000e+03 5.751100000000000000e+04 1.210000000000000000e+02 4.373793900012969971e-01
6.599000000000000000e+03 5.656700000000000000e+04 5.110000000000000000e+02 5.298653841018676758e-01
1.112300000000000000e+04 5.842900000000000000e+04 3.800000000000000000e+02 4.678021967411041260e-01
1.044400000000000000e+04 5.814300000000000000e+04 7.470000000000000000e+02 7.370749711990356445e-01
8.758000000000000000e+03 5.813900000000000000e+04 6.210000000000000000e+02 4.001129865646362305e-01
6.520000000000000000e+03 5.654100000000000000e+04 3.380000000000000000e+02 4.073665142059326172e-01
1.107300000000000000e+04 5.845100000000000000e+04 2.920000000000000000e+02 6.000543236732482910e-01
4.270000000000000000e+03 5.551100000000000000e+04 4.690000000000000000e+02 5.159890055656433105e-01
8.368000000000000000e+03 5.743100000000000000e+04 7.400000000000000000e+02 5.257027745246887207e-01
1.128500000000000000e+04 5.840200000000000000e+04 7.220000000000000000e+02 4.270415902137756348e-01
3.639000000000000000e+03 5.520500000000000000e+04 5.570000000000000000e+02 7.944403886795043945e-01
4.440000000000000000e+03 5.553900000000000000e+04 8.850000000000000000e+02 4.504548013210296631e-01
5.137000000000000000e+03 5.583300000000000000e+04 9.630000000000000000e+02 4.935218095779418945e-01
5.127000000000000000e+03 5.588900000000000000e+04 7.410000000000000000e+02 5.895677208900451660e-01
7.902000000000000000e+03 5.736200000000000000e+04 6.760000000000000000e+02 4.923574626445770264e-01
6.126000000000000000e+03 5.626900000000000000e+04 8.230000000000000000e+02 6.742339134216308594e-01
5.146000000000000000e+03 5.583100000000000000e+04 5.690000000000000000e+02 5.315451025962829590e-01
