8.432000000000000000e+03 5.783400000000000000e+04 3.200000000000000000e+02 5.407425165176391602e-01
8.223000000000000000e+03 5.742900000000000000e+04 4.660000000000000000e+02 6.860548257827758789e-01
8.065000000000000000e+03 5.824800000000000000e+04 6.950000000000000000e+02 5.464084744453430176e-01
1.595000000000000000e+03 5.299900000000000000e+04 5.970000000000000000e+02 5.569999814033508301e-01
1.214000000000000000e+03 5.273100000000000000e+04 5.910000000000000000e+02 6.399369835853576660e-01
4.442000000000000000e+03 5.553200000000000000e+04 4.900000000000000000e+01 6.707578897476196289e-01
8.183000000000000000e+03 5.737500000000000000e+04 4.940000000000000000e+02 6.418828964233398438e-01
6.704000000000000000e+03 5.638800000000000000e+04 9.000000000000000000e+01 6.215599775314331055e-01
1.290000000000000000e+03 5.273400000000000000e+04 5.250000000000000000e+02 5.009999871253967285e-01
9.380000000000000000e+02 5.270800000000000000e+04 8.800000000000000000e+01 6.068018078804016113e-01
1.398000000000000000e+03 5.314600000000000000e+04 5.170000000000000000e+02 5.607051849365234375e-01
8.827000000000000000e+03 5.744400000000000000e+04 5.500000000000000000e+02 5.015097260475158691e-01
3.800000000000000000e+03 5.548600000000000000e+04 2.620000000000000000e+02 6.055678725242614746e-01
9.166000000000000000e+03 5.805100000000000000e+04 6.880000000000000000e+02 5.521836280822753906e-01
6.318000000000000000e+03 5.618600000000000000e+04 7.510000000000000000e+02 6.522480845451354980e-01
8.066000000000000000e+03 5.754400000000000000e+04 3.940000000000000000e+02 6.689124703407287598e-01
6.394000000000000000e+03 5.633000000000000000e+04 1.110000000000000000e+02 6.744089722633361816e-01
6.126000000000000000e+03 5.626900000000000000e+04 9.750000000000000000e+02 5.172145962715148926e-01
3.764000000000000000e+03 5.551400000000000000e+04 2.870000000000000000e+02 5.412564873695373535e-01
9.370000000000000000e+02 5.270700000000000000e+04 1.950000000000000000e+02 5.445721745491027832e-01
4.988000000000000000e+03 5.582500000000000000e+04 2.890000000000000000e+02 5.051804184913635254e-01
6.689000000000000000e+03 5.639600000000000000e+04 6.430000000000000000e+02 5.473170280456542969e-01
6.793000000000000000e+03 5.643000000000000000e+04 2.350000000000000000e+02 6.487771868705749512e-01
6.323000000000000000e+03 5.618900000000000000e+04 5.900000000000000000e+02 5.959470272064208984e-01
8.411000000000000000e+03 5.787500000000000000e+04 2.620000000000000000e+02 6.217020750045776367e-01
3.855000000000000000e+03 5.526800000000000000e+04 9.250000000000000000e+02 6.028568148612976074e-01
5.709000000000000000e+03 5.657100000000000000e+04 3.530000000000000000e+02 5.654401779174804688e-01
8.413000000000000000e+03 5.789700000000000000e+04 4.070000000000000000e+02 6.951637268066406250e-01
6.453000000000000000e+03 5.636500000000000000e+04 6.190000000000000000e+02 5.068336129188537598e-01
8.398000000000000000e+03 5.787000000000000000e+04 1.160000000000000000e+02 6.487404704093933105e-01
6.794000000000000000e+03 5.644800000000000000e+04 3.390000000000000000e+02 6.332818269729614258e-01
8.213000000000000000e+03 5.848700000000000000e+04 1.590000000000000000e+02 5.131943821907043457e-01
1.104700000000000000e+04 5.842400000000000000e+04 3.600000000000000000e+02 5.950822234153747559e-01
5.733000000000000000e+03 5.657500000000000000e+04 4.250000000000000000e+02 5.082967877388000488e-01
5.165000000000000000e+03 5.606300000000000000e+04 7.850000000000000000e+02 5.909925103187561035e-01
6.722000000000000000e+03 5.643100000000000000e+04 1.930000000000000000e+02 5.097724795341491699e-01
5.550000000000000000e+02 5.226600000000000000e+04 5.950000000000000000e+02 5.142458081245422363e-01
6.027000000000000000e+03 5.610300000000000000e+04 7.970000000000000000e+02 5.568283796310424805e-01
1.026200000000000000e+04 5.854300000000000000e+04 1.700000000000000000e+01 6.660305261611938477e-01
1.073000000000000000e+04 5.824400000000000000e+04 9.600000000000000000e+01 5.866338014602661133e-01
1.174000000000000000e+03 5.278200000000000000e+04 5.050000000000000000e+02 5.714656114578247070e-01
4.562000000000000000e+03 5.557000000000000000e+04 7.210000000000000000e+02 6.917541027069091797e-01
1.294000000000000000e+03 5.275300000000000000e+04 1.650000000000000000e+02 6.791594028472900391e-01
2.015000000000000000e+03 5.381900000000000000e+04 2.230000000000000000e+02 5.000836849212646484e-01
8.225000000000000000e+03 5.737500000000000000e+04 7.860000000000000000e+02 6.076853275299072266e-01
6.060000000000000000e+03 5.607400000000000000e+04 1.590000000000000000e+02 5.838388204574584961e-01
1.132100000000000000e+04 5.842500000000000000e+04 8.920000000000000000e+02 5.113053917884826660e-01
7.690000000000000000e+03 5.704600000000000000e+04 8.640000000000000000e+02 6.207411885261535645e-01
6.733000000000000000e+03 5.636900000000000000e+04 8.890000000000000000e+02 5.657678842544555664e-01
1.025800000000000000e+04 5.849200000000000000e+04 7.330000000000000000e+02 6.377788782119750977e-01
4.551000000000000000e+03 5.556900000000000000e+04 8.830000000000000000e+02 6.166033148765563965e-01
8.413000000000000000e+03 5.789700000000000000e+04 6.920000000000000000e+02 5.738505125045776367e-01
8.528000000000000000e+03 5.789600000000000000e+04 3.780000000000000000e+02 5.458310842514038086e-01
2.033000000000000000e+03 5.347600000000000000e+04 6.090000000000000000e+02 5.874512195587158203e-01
7.670000000000000000e+02 5.225200000000000000e+04 1.100000000000000000e+02 5.799999833106994629e-01
6.748000000000000000e+03 5.637100000000000000e+04 9.350000000000000000e+02 5.517650842666625977e-01
6.442000000000000000e+03 5.636900000000000000e+04 5.210000000000000000e+02 6.113222837448120117e-01
6.300000000000000000e+03 5.644900000000000000e+04 6.490000000000000000e+02 5.372974276542663574e-01
1.027000000000000000e+04 5.848800000000000000e+04 3.940000000000000000e+02 6.683843731880187988e-01
1.138300000000000000e+04 5.848500000000000000e+04 3.460000000000000000e+02 5.649626851081848145e-01
8.433000000000000000e+03 5.748800000000000000e+04 9.860000000000000000e+02 5.569416284561157227e-01
1.091300000000000000e+04 5.825600000000000000e+04 3.350000000000000000e+02 6.130353808403015137e-01
7.686000000000000000e+03 5.701500000000000000e+04 2.510000000000000000e+02 5.476052761077880859e-01
5.202000000000000000e+03 5.582400000000000000e+04 6.270000000000000000e+02 5.671758055686950684e-01
1.092500000000000000e+04 5.827100000000000000e+04 9.670000000000000000e+02 6.509780883789062500e-01
7.848000000000000000e+03 5.695900000000000000e+04 9.940000000000000000e+02 5.924409031867980957e-01
1.167600000000000000e+04 5.851200000000000000e+04 6.880000000000000000e+02 5.381467938423156738e-01
4.647000000000000000e+03 5.562100000000000000e+04 6.890000000000000000e+02 5.443890094757080078e-01
5.736000000000000000e+03 5.598400000000000000e+04 6.440000000000000000e+02 5.417953133583068848e-01
8.176000000000000000e+03 5.713100000000000000e+04 7.220000000000000000e+02 5.270714759826660156e-01
4.694000000000000000e+03 5.564900000000000000e+04 2.630000000000000000e+02 6.267045736312866211e-01
8.386000000000000000e+03 5.751800000000000000e+04 7.600000000000000000e+02 5.348744988441467285e-01
7.668000000000000000e+03 5.757900000000000000e+04 2.440000000000000000e+02 6.761630773544311523e-01
1.170300000000000000e+04 5.852600000000000000e+04 7.600000000000000000e+02 6.636549234390258789e-01
4.350000000000000000e+03 5.555600000000000000e+04 6.100000000000000000e+01 5.286504030227661133e-01
8.285000000000000000e+03 5.704800000000000000e+04 6.920000000000000000e+02 5.423052906990051270e-01
6.641000000000000000e+03 5.638300000000000000e+04 1.910000000000000000e+02 6.534695029258728027e-01
4.977000000000000000e+03 5.604700000000000000e+04 3.390000000000000000e+02 6.254717111587524414e-01
5.127000000000000000e+03 5.588900000000000000e+04 9.990000000000000000e+02 6.113467216491699219e-01
4.613000000000000000e+03 5.559100000000000000e+04 1.750000000000000000e+02 5.072810053825378418e-01
1.163300000000000000e+04 5.846300000000000000e+04 4.090000000000000000e+02 6.142681837081909180e-01
7.906000000000000000e+03 5.733300000000000000e+04 3.700000000000000000e+02 5.482293963432312012e-01
4.214000000000000000e+03 5.545100000000000000e+04 1.790000000000000000e+02 5.038661956787109375e-01
1.165000000000000000e+04 5.850800000000000000e+04 9.600000000000000000e+01 6.556404829025268555e-01
6.033000000000000000e+03 5.606900000000000000e+04 3.400000000000000000e+02 6.042882204055786133e-01
7.578000000000000000e+03 5.695600000000000000e+04 8.050000000000000000e+02 6.800000071525573730e-01
7.858000000000000000e+03 5.728100000000000000e+04 1.130000000000000000e+02 6.397585272789001465e-01
6.724000000000000000e+03 5.641600000000000000e+04 1.080000000000000000e+02 6.164203882217407227e-01
4.423000000000000000e+03 5.588900000000000000e+04 8.110000000000000000e+02 5.483356118202209473e-01
4.417000000000000000e+03 5.582900000000000000e+04 5.510000000000000000e+02 5.925971865653991699e-01
1.137700000000000000e+04 5.843400000000000000e+04 5.870000000000000000e+02 6.253908872604370117e-01
1.023900000000000000e+04 5.814200000000000000e+04 5.200000000000000000e+01 6.485366821289062500e-01
5.159000000000000000e+03 5.585600000000000000e+04 7.720000000000000000e+02 5.392997264862060547e-01
6.872000000000000000e+03 5.654000000000000000e+04 8.130000000000000000e+02 5.616701245307922363e-01
4.235000000000000000e+03 5.545100000000000000e+04 6.130000000000000000e+02 6.826663017272949219e-01
7.580000000000000000e+03 5.695500000000000000e+04 8.900000000000000000e+01 5.575670003890991211e-01
8.833000000000000000e+03 5.777900000000000000e+04 2.420000000000000000e+02 5.491781830787658691e-01
8.761000000000000000e+03 5.843000000000000000e+04 8.860000000000000000e+02 6.315330862998962402e-01
7.716000000000000000e+03 5.809700000000000000e+04 4.030000000000000000e+02 6.319143772125244141e-01
8.761000000000000000e+03 5.843000000000000000e+04 3.700000000000000000e+02 6.917564272880554199e-01
7.091000000000000000e+03 5.665800000000000000e+04 6.410000000000000000e+02 6.017618775367736816e-01
1.167700000000000000e+04 5.851000000000000000e+04 3.380000000000000000e+02 5.114492177963256836e-01
1.074500000000000000e+04 5.827700000000000000e+04 8.730000000000000000e+02 6.775175929069519043e-01
6.740000000000000000e+02 5.220100000000000000e+04 3.090000000000000000e+02 5.049176812171936035e-01
4.602000000000000000e+03 5.564400000000000000e+04 5.950000000000000000e+02 5.054693222045898438e-01
7.831000000000000000e+03 5.701600000000000000e+04 4.020000000000000000e+02 5.407389998435974121e-01
7.846000000000000000e+03 5.698400000000000000e+04 7.820000000000000000e+02 5.557280182838439941e-01
8.365000000000000000e+03 5.745000000000000000e+04 7.420000000000000000e+02 6.320368647575378418e-01
1.108100000000000000e+04 5.839800000000000000e+04 2.620000000000000000e+02 5.767511725425720215e-01
6.599000000000000000e+03 5.656700000000000000e+04 5.110000000000000000e+02 5.298653841018676758e-01
1.107300000000000000e+04 5.845100000000000000e+04 2.920000000000000000e+02 6.000543236732482910e-01
4.270000000000000000e+03 5.551100000000000000e+04 4.690000000000000000e+02 5.159890055656433105e-01
8.368000000000000000e+03 5.743100000000000000e+04 7.400000000000000000e+02 5.257027745246887207e-01
5.127000000000000000e+03 5.588900000000000000e+04 7.410000000000000000e+02 5.895677208900451660e-01
6.126000000000000000e+03 5.626900000000000000e+04 8.230000000000000000e+02 6.742339134216308594e-01
5.146000000000000000e+03 5.583100000000000000e+04 5.690000000000000000e+02 5.315451025962829590e-01
