4.440000000000000000e+02 5.188300000000000000e+04 6.190000000000000000e+02 1.137901999754831195e-04
1.172000000000000000e+03 5.275900000000000000e+04 2.120000000000000000e+02 -9.380857227370142937e-05
6.687000000000000000e+03 5.660200000000000000e+04 1.080000000000000000e+02 2.436079957988113165e-04
8.760000000000000000e+02 5.266900000000000000e+04 1.030000000000000000e+02 -7.672407809877768159e-05
7.578000000000000000e+03 5.695600000000000000e+04 8.300000000000000000e+01 -3.282081452198326588e-04
3.800000000000000000e+02 5.179200000000000000e+04 5.750000000000000000e+02 -1.444159988750470802e-05
6.445000000000000000e+03 5.636600000000000000e+04 1.720000000000000000e+02 9.196911705657839775e-04
8.426000000000000000e+03 5.822400000000000000e+04 7.730000000000000000e+02 -1.722599990898743272e-04
1.955000000000000000e+03 5.344200000000000000e+04 5.290000000000000000e+02 7.135324995033442974e-05
7.735000000000000000e+03 5.813600000000000000e+04 5.260000000000000000e+02 3.431139921303838491e-04
7.694000000000000000e+03 5.735900000000000000e+04 3.250000000000000000e+02 8.215167326852679253e-05
7.311000000000000000e+03 5.703800000000000000e+04 1.920000000000000000e+02 2.746132086031138897e-04
7.731000000000000000e+03 5.813000000000000000e+04 1.770000000000000000e+02 -9.778291860129684210e-05
